1,KILLED,411
2,SURVIVED
3,KILLED,411,328,322,307,64
4,KILLED,411,315,328,322,307,64
5,NO_COVERAGE
6,NO_COVERAGE
7,NO_COVERAGE
8,NO_COVERAGE
9,KILLED,411,315,328,322,307,64
10,KILLED,411,307
11,SURVIVED
12,SURVIVED
13,SURVIVED
14,SURVIVED
15,KILLED,411,315,328,322,307,64
16,SURVIVED
17,KILLED,411,315,328,322,307,64
18,KILLED,411,315,328,322,307,64
19,NO_COVERAGE
20,NO_COVERAGE
21,NO_COVERAGE
22,NO_COVERAGE
23,NO_COVERAGE
24,NO_COVERAGE
25,NO_COVERAGE
26,NO_COVERAGE
27,SURVIVED
28,SURVIVED
29,KILLED,411,315,328,322,307,64
30,KILLED,411,315,328,322,307,64
31,KILLED,411,315,328,322,307,64
32,KILLED,411,315,328,322,307,64
33,KILLED,411,315,328,322,307,64
34,SURVIVED
35,KILLED,411,315,328,322,307,64
36,KILLED,411,315,328,322,307,64
37,SURVIVED
38,KILLED,411,307
39,SURVIVED
40,KILLED,411,307
41,KILLED,411,307
42,KILLED,411
43,KILLED,411,307
44,KILLED,411,307
45,TIMED_OUT
46,KILLED,411,307
47,KILLED,411,307
48,TIMED_OUT
49,KILLED,411,307
50,KILLED,411,307
51,TIMED_OUT
52,KILLED,411,315,328,322,307,64
53,KILLED,411,307
54,KILLED,411,307
55,KILLED,411,315,328,322,307,64
56,KILLED,411,307
57,KILLED,411,307
58,KILLED,411,315,328,322,307,64
59,KILLED,411,307
60,KILLED,411,307
61,KILLED,411,315,328,322,307,64
62,KILLED,411,307
63,KILLED,411,307
64,KILLED,411,307
65,KILLED,411,307
66,KILLED,411,307
67,KILLED,411,307
68,KILLED,411,307
69,KILLED,411,307
70,KILLED,411,315,328,322,307,64
71,KILLED,411,315,328,322,307,64
72,KILLED,411,315,328,322,307,64
73,KILLED,411,315,328,322,307,64
74,KILLED,411,315,328,322,307,64
75,KILLED,411,315,328,322,307,64
76,SURVIVED
77,TIMED_OUT
78,SURVIVED
79,KILLED,411,315,328,322,307,64
80,KILLED,411,307,64
81,KILLED,411,315,328,322,307,64
82,KILLED,411,315,328,322,307,64
83,KILLED,411,315,328,322,307,64
84,KILLED,411,315,328,322,307,64
85,KILLED,411,315,328,322,307,64
86,KILLED,411,315,328,322,307,64
87,KILLED,411,315,328,322,307,64
88,KILLED,411,315,328,322,307,64
89,TIMED_OUT
90,KILLED,411,315,328,322,307,64
91,TIMED_OUT
92,KILLED,411,315,328,322,307,64
93,KILLED,411,315,328,322,307,64
94,KILLED,411,315,328,322,307,64
95,TIMED_OUT
96,NO_COVERAGE
97,NO_COVERAGE
98,NO_COVERAGE
99,NO_COVERAGE
100,NO_COVERAGE
101,NO_COVERAGE
102,NO_COVERAGE
103,NO_COVERAGE
104,NO_COVERAGE
105,NO_COVERAGE
106,NO_COVERAGE
107,NO_COVERAGE
108,NO_COVERAGE
109,NO_COVERAGE
110,KILLED,411,315,328,322,307,64
111,KILLED,411,315,328,322,307,64
112,SURVIVED
113,KILLED,411,315,328,322,307,64
114,SURVIVED
115,SURVIVED
116,SURVIVED
117,KILLED,315,328,322
118,KILLED,411,315,328,322,307,64
119,KILLED,411,315,328,322,307,64
120,KILLED,411,315,328,322,307,64
121,KILLED,411,315,328,322,307,64
122,KILLED,411,315,328,322,307,64
123,KILLED,411,315,328,322,307,64
124,KILLED,411,315,328,322,307,64
125,SURVIVED
126,SURVIVED
127,SURVIVED
128,KILLED,411,307
129,KILLED,411,315,328,322,307,64
130,KILLED,411,307
131,SURVIVED
132,KILLED,411,315,328,322,307,64
133,KILLED,411,307
134,KILLED,411,315,328,322,307,64
135,KILLED,411,315,328,322,307,64
136,KILLED,411,315,328,322,307,64
137,KILLED,411,315,328,322,307,64
138,KILLED,411,315,328,322,307,64
139,KILLED,411,315,328,322,307,64
140,KILLED,411,315,328,322,307,64
141,KILLED,411,315,328,322,307,64
142,KILLED,411,315,328,322,307,64
143,KILLED,411,307
144,SURVIVED
145,KILLED,411,307
146,KILLED,411,307
147,KILLED,411,307
148,KILLED,411,307
149,KILLED,411,307
150,KILLED,411,307
151,KILLED,411,307
152,KILLED,411,307
153,KILLED,411,307
154,KILLED,411,307
155,KILLED,411,307
156,KILLED,411,307
157,KILLED,411,307
158,KILLED,411,307
159,KILLED,411,307
160,SURVIVED
161,SURVIVED
162,SURVIVED
163,SURVIVED
164,KILLED,411,315,328,322,307,64
165,KILLED,411,315,328,322
166,KILLED,411,315,328,322,307,64
167,SURVIVED
168,KILLED,411,315,328,322
169,SURVIVED
170,KILLED,411,315,328,322
171,KILLED,411,315,328,322,307
172,KILLED,411,315,328,322,307,64
173,SURVIVED
174,SURVIVED
175,SURVIVED
176,SURVIVED
177,SURVIVED
178,SURVIVED
179,SURVIVED
180,SURVIVED
181,KILLED,411,315,328,322,307,64
182,SURVIVED
183,SURVIVED
184,KILLED,411,315,328,322,307
185,KILLED,411,307
186,KILLED,411
187,KILLED,411,307
188,SURVIVED
189,KILLED,411,315,328,322,307,64
190,KILLED,411,315,328,322,307,64
191,KILLED,411,315,328,322,307,64
192,KILLED,411,315,328,322,307,64
193,KILLED,411,307,64
194,KILLED,411,315,328,322
195,KILLED,411
196,KILLED,411,64
197,KILLED,411
198,KILLED,411,307,64
199,KILLED,411,315,328,322,307,64
200,KILLED,315,328,322
201,NO_COVERAGE
202,KILLED,411,315,328,322,307,64
203,KILLED,307,64
204,KILLED,411,315,328,322,307,64
205,KILLED,411,307,64
206,SURVIVED
207,KILLED,411,307
208,KILLED,411,307
209,KILLED,411,315,328,322,307
210,KILLED,411,307
211,KILLED,411,307,64
212,KILLED,411,315,328,322,307,64
213,KILLED,411,307,64
214,KILLED,411
215,KILLED,411
216,SURVIVED
217,SURVIVED
218,KILLED,411
219,SURVIVED
220,SURVIVED
221,KILLED,411
222,KILLED,411
223,KILLED,411
224,KILLED,411
225,KILLED,411,307
226,SURVIVED
227,SURVIVED
228,SURVIVED
229,SURVIVED
230,SURVIVED
231,NO_COVERAGE
232,NO_COVERAGE
233,NO_COVERAGE
234,SURVIVED
235,NO_COVERAGE
236,NO_COVERAGE
237,SURVIVED
238,KILLED,411,307,64
239,KILLED,411,307,64
240,KILLED,411,307
241,KILLED,411
242,SURVIVED
243,SURVIVED
244,KILLED,411,64
245,KILLED,411,64
246,KILLED,411,307
247,SURVIVED
248,SURVIVED
249,SURVIVED
250,NO_COVERAGE
251,NO_COVERAGE
252,NO_COVERAGE
253,SURVIVED
254,KILLED,411,315,328,322,307,64
255,KILLED,411,315,328,322,307,64
256,KILLED,411,315,328,322,307,64
257,SURVIVED
258,KILLED,411,307,64
259,KILLED,411,315,328,322,307
260,KILLED,411,315,328,322,307
261,KILLED,411,307,64
262,KILLED,411,307
263,KILLED,411
264,KILLED,411,64
265,KILLED,411,315,328,322,307
266,KILLED,315,328,322,64
267,KILLED,411,315,328,322,307,64
268,KILLED,411,307
269,KILLED,411
270,KILLED,411
271,KILLED,411,315,328,322,307,64
272,KILLED,411,315,328,322,307,64
273,KILLED,411,307
274,KILLED,411
275,SURVIVED
276,KILLED,411,315,328,322,307,64
277,SURVIVED
278,KILLED,411,307,64
279,KILLED,411,315,328,322,307
280,KILLED,411
281,KILLED,411
282,KILLED,315,328,322
283,SURVIVED
284,KILLED,411,315,328,322,307,64
285,KILLED,411,315,328,322,307,64
286,KILLED,411,315,328,322,307,64
287,KILLED,411,315,328,322,307,64
288,KILLED,411,307
289,KILLED,411,64
290,KILLED,411,307
291,KILLED,315,328,322,64
292,KILLED,411,307,64
293,KILLED,411,315,328,322,307,64
294,KILLED,411,315,328,322,307,64
295,TIMED_OUT
296,TIMED_OUT
297,TIMED_OUT
298,TIMED_OUT
299,KILLED,411,315,328,322
300,KILLED,411
301,KILLED,411
302,KILLED,411
303,KILLED,411,307
304,TIMED_OUT
305,KILLED,315,328,322
306,NO_COVERAGE
307,NO_COVERAGE
308,KILLED,411,315,328,322,64
309,SURVIVED
310,KILLED,411,315,328,322,307,64
311,KILLED,411,315,328,322,307,64
312,TIMED_OUT
313,KILLED,411,315,328,322,307
314,KILLED,411,315,328,322,64
315,KILLED,411,315,328,322,307,64
316,KILLED,411,315,328,322,307,64
317,KILLED,411,315,328,322,307,64
318,KILLED,411,315,328,322,307,64
319,KILLED,411,315,328,322,307,64
320,KILLED,411,315,328,322,307,64
321,KILLED,411,307
322,KILLED,411,315,328,322,307,64
323,KILLED,411,315,328,322,307
324,KILLED,411,315,328,322,307,64
325,KILLED,411,315,328,322,307,64
326,TIMED_OUT
327,KILLED,411,315,328,322,307,64
328,KILLED,411,315,328,322,307,64
329,TIMED_OUT
330,TIMED_OUT
331,SURVIVED
332,KILLED,411,315,328,322,307
333,SURVIVED
334,SURVIVED
335,SURVIVED
336,SURVIVED
337,SURVIVED
338,SURVIVED
339,SURVIVED
340,SURVIVED
341,SURVIVED
342,SURVIVED
343,SURVIVED
344,SURVIVED
345,KILLED,315,328,322,307
346,SURVIVED
347,SURVIVED
348,NO_COVERAGE
349,KILLED,411,315,328,322,307,64
350,KILLED,411,315,328,322,307,64
351,KILLED,411,315,328,322,307,64
352,KILLED,411,315,328,322,307,64
353,TIMED_OUT
354,KILLED,411,315,328,322,307,64
355,TIMED_OUT
356,KILLED,411,315,328,322,307,64
357,KILLED,411,315,328,322,307,64
358,KILLED,411,315,328,322,307,64
359,KILLED,411,315,328,322,307,64
360,NO_COVERAGE
361,SURVIVED
362,SURVIVED
363,SURVIVED
364,KILLED,411,315,328,322,307,64
365,TIMED_OUT
366,SURVIVED
367,SURVIVED
368,TIMED_OUT
369,SURVIVED
370,SURVIVED
371,SURVIVED
372,SURVIVED
373,SURVIVED
374,SURVIVED
375,SURVIVED
376,KILLED,411,307,64
377,TIMED_OUT
378,SURVIVED
379,KILLED,411,315,328,322,307,64
380,TIMED_OUT
381,SURVIVED
382,TIMED_OUT
383,KILLED,411,315,328,322,307,64
384,TIMED_OUT
385,SURVIVED
386,TIMED_OUT
387,KILLED,411,315,328,322,307,64
388,SURVIVED
389,TIMED_OUT
390,KILLED,411,315,328,322,307,64
391,TIMED_OUT
392,SURVIVED
393,SURVIVED
394,SURVIVED
395,SURVIVED
396,SURVIVED
397,SURVIVED
398,SURVIVED
399,SURVIVED
400,SURVIVED
401,SURVIVED
402,SURVIVED
403,KILLED,411,64
404,TIMED_OUT
405,KILLED,411,315,328,322,307,64
406,SURVIVED
407,KILLED,411,315,328,322
408,NO_COVERAGE
409,NO_COVERAGE
410,NO_COVERAGE
411,NO_COVERAGE
412,NO_COVERAGE
413,NO_COVERAGE
414,KILLED,411,315,328,322,307,64
415,SURVIVED
416,TIMED_OUT
417,KILLED,411,307,64
418,KILLED,411,307,64
419,TIMED_OUT
420,SURVIVED
421,TIMED_OUT
422,SURVIVED
423,TIMED_OUT
424,TIMED_OUT
425,TIMED_OUT
426,SURVIVED
427,SURVIVED
428,SURVIVED
429,SURVIVED
430,SURVIVED
431,TIMED_OUT
432,KILLED,411
433,KILLED,411,64
434,KILLED,411,64
435,KILLED,411,315,328,322,64
436,NO_COVERAGE
437,NO_COVERAGE
438,NO_COVERAGE
439,NO_COVERAGE
440,SURVIVED
441,SURVIVED
442,KILLED,411,315,328,322,307,64
443,KILLED,411,315,328,322,307,64
444,TIMED_OUT
445,KILLED,411,315,328,322,307,64
446,KILLED,411,315,328,322,307,64
447,SURVIVED
448,SURVIVED
449,TIMED_OUT
450,KILLED,411,315,328,322,307,64
451,SURVIVED
452,SURVIVED
453,SURVIVED
454,SURVIVED
455,TIMED_OUT
456,KILLED,411,315,328,322,307,64
457,KILLED,411,315,328,322,307,64
458,TIMED_OUT
459,SURVIVED
460,NO_COVERAGE
461,SURVIVED
462,KILLED,411,315,328,322,307,64
463,SURVIVED
464,SURVIVED
465,TIMED_OUT
466,SURVIVED
467,SURVIVED
468,KILLED,411,315,328,322,307,64
469,SURVIVED
470,KILLED,411,315,328,322,307,64
471,KILLED,411,315,328,322,307,64
472,SURVIVED
473,SURVIVED
474,SURVIVED
475,KILLED,411,315,328,322,307,64
476,SURVIVED
477,SURVIVED
478,SURVIVED
479,SURVIVED
480,SURVIVED
481,KILLED,411,315,328,322,307,64
482,KILLED,411,315,328,322,307,64
483,SURVIVED
484,NO_COVERAGE
485,KILLED,411,315,328,322,307,64
486,KILLED,411,315,328,322,307,64
487,TIMED_OUT
488,KILLED,411,315,328,322,307,64
489,TIMED_OUT
490,SURVIVED
491,SURVIVED
492,TIMED_OUT
493,SURVIVED
494,SURVIVED
495,SURVIVED
496,SURVIVED
497,SURVIVED
498,TIMED_OUT
499,KILLED,411,315,328,322,307,64
500,KILLED,411,315,328,322,307,64
501,TIMED_OUT
502,NO_COVERAGE
503,TIMED_OUT
504,KILLED,411,315,328,322,307,64
505,KILLED,411,315,328,322,307,64
506,TIMED_OUT
507,SURVIVED
508,TIMED_OUT
509,SURVIVED
510,KILLED,411,315,328,322,307
511,KILLED,411,315,328,322,307,64
512,KILLED,411,315,328,322,307,64
513,TIMED_OUT
514,NO_COVERAGE
515,KILLED,411,315,328,322,307,64
516,KILLED,411,315,328,322,307,64
517,KILLED,411,315,328,322,307,64
518,KILLED,411,315,328,322,307,64
519,KILLED,411,315,328,322,307,64
520,KILLED,411,328,322,307,64
521,KILLED,411,307
522,KILLED,411,315,328,322,307,64
523,KILLED,411,315,328,322,307,64
524,KILLED,411,315,328,322,307,64
525,KILLED,411,315,328,322,307,64
526,KILLED,411,315,328,322,307,64
527,KILLED,411,307
528,KILLED,411,315,328,322,307,64
529,KILLED,411,315,328,322,307,64
530,SURVIVED
531,SURVIVED
532,KILLED,411,315,328,322,307,64
533,KILLED,411,307
534,KILLED,411,315,328,322,307,64
535,SURVIVED
536,SURVIVED
537,SURVIVED
538,KILLED,411,315,328,322,307,64
539,SURVIVED
540,KILLED,411,307
541,KILLED,411,315,328,322,307,64
542,KILLED,411,315,328,322,307,64
543,KILLED,411,315,328,322,307,64
544,KILLED,411,315,328,322,307,64
545,KILLED,411,315,328,322,307,64
546,KILLED,411,315,328,322,307,64
547,SURVIVED
548,SURVIVED
549,SURVIVED
550,SURVIVED
551,SURVIVED
552,SURVIVED
553,KILLED,411,315,328,322,307,64
554,KILLED,411,315,328,322,307,64
555,KILLED,411,315,328,322,307,64
556,KILLED,411,315,328,322,307,64
557,SURVIVED
558,SURVIVED
559,SURVIVED
560,SURVIVED
561,SURVIVED
562,SURVIVED
563,SURVIVED
564,SURVIVED
565,SURVIVED
566,SURVIVED
567,KILLED,411,315,328,322,307,64
568,SURVIVED
569,SURVIVED
570,SURVIVED
571,SURVIVED
572,SURVIVED
573,SURVIVED
574,KILLED,411,315,328,322,307,64
575,SURVIVED
576,SURVIVED
577,SURVIVED
578,SURVIVED
579,SURVIVED
580,SURVIVED
581,KILLED,411,315,328,322,307,64
582,KILLED,411,315,328,322,307,64
583,SURVIVED
584,SURVIVED
585,SURVIVED
586,SURVIVED
587,SURVIVED
588,KILLED,411,307,64
589,KILLED,411,315,328,322,307,64
590,KILLED,411,315,328,322,307,64
591,KILLED,411,315,328,322,307,64
592,KILLED,411,315,328,322,307,64
593,KILLED,411,315,328,322,307,64
594,KILLED,411,315,328,322,307,64
595,TIMED_OUT
596,KILLED,411,315,328,322,307,64
597,SURVIVED
598,SURVIVED
599,SURVIVED
600,SURVIVED
601,SURVIVED
602,SURVIVED
603,KILLED,411,315,328,322,307,64
604,SURVIVED
605,KILLED,411,315,328,322,307,64
606,KILLED,411,315,328,322,307,64
607,SURVIVED
608,SURVIVED
609,SURVIVED
610,SURVIVED
611,SURVIVED
612,SURVIVED
613,SURVIVED
614,SURVIVED
615,SURVIVED
616,SURVIVED
617,SURVIVED
618,SURVIVED
619,SURVIVED
620,SURVIVED
621,SURVIVED
622,SURVIVED
623,SURVIVED
624,SURVIVED
625,KILLED,315,328,322
626,SURVIVED
627,SURVIVED
628,SURVIVED
629,SURVIVED
630,SURVIVED
631,SURVIVED
632,SURVIVED
633,SURVIVED
634,SURVIVED
635,SURVIVED
636,SURVIVED
637,SURVIVED
638,SURVIVED
639,SURVIVED
640,SURVIVED
641,SURVIVED
642,SURVIVED
643,SURVIVED
644,SURVIVED
645,SURVIVED
646,SURVIVED
647,SURVIVED
648,SURVIVED
649,SURVIVED
650,KILLED,411,315,328,322,307,64
651,SURVIVED
652,SURVIVED
653,SURVIVED
654,KILLED,411,315,328,322,307,64
655,SURVIVED
656,SURVIVED
657,KILLED,411,315,328,322,307,64
658,SURVIVED
659,TIMED_OUT
660,TIMED_OUT
661,SURVIVED
662,SURVIVED
663,SURVIVED
664,SURVIVED
665,KILLED,411,315,328,322,307,64
666,NO_COVERAGE
667,SURVIVED
668,SURVIVED
669,SURVIVED
670,SURVIVED
671,SURVIVED
672,SURVIVED
673,SURVIVED
674,KILLED,411,315,328,322,307,64
675,KILLED,411,315,328,322,307,64
676,NO_COVERAGE
677,KILLED,411,315,328,322,307,64
678,KILLED,411,315,328,322,307,64
679,KILLED,411,315,328,322,307,64
680,KILLED,411,315,328,322,307,64
681,KILLED,411,315,328,322,307,64
682,KILLED,411,315,328,322,307,64
683,KILLED,411,315,328,322,307,64
684,TIMED_OUT
685,SURVIVED
686,SURVIVED
687,SURVIVED
688,SURVIVED
689,SURVIVED
690,KILLED,411,315,328,322,307,64
691,SURVIVED
692,SURVIVED
693,SURVIVED
694,SURVIVED
695,SURVIVED
696,SURVIVED
697,SURVIVED
698,SURVIVED
699,SURVIVED
700,SURVIVED
701,SURVIVED
702,NO_COVERAGE
703,NO_COVERAGE
704,NO_COVERAGE
705,NO_COVERAGE
706,NO_COVERAGE
707,NO_COVERAGE
708,NO_COVERAGE
709,NO_COVERAGE
710,NO_COVERAGE
711,NO_COVERAGE
712,NO_COVERAGE
713,NO_COVERAGE
714,NO_COVERAGE
715,NO_COVERAGE
716,NO_COVERAGE
717,NO_COVERAGE
718,NO_COVERAGE
719,NO_COVERAGE
720,SURVIVED
721,SURVIVED
722,SURVIVED
723,SURVIVED
724,SURVIVED
725,SURVIVED
726,KILLED,411,315,328,322,307,64
727,SURVIVED
728,SURVIVED
729,KILLED,411,315,328,322,307,64
730,SURVIVED
731,SURVIVED
732,NO_COVERAGE
733,NO_COVERAGE
734,NO_COVERAGE
735,NO_COVERAGE
736,NO_COVERAGE
737,NO_COVERAGE
738,NO_COVERAGE
739,NO_COVERAGE
740,NO_COVERAGE
741,NO_COVERAGE
742,NO_COVERAGE
743,NO_COVERAGE
744,SURVIVED
745,SURVIVED
746,SURVIVED
747,TIMED_OUT
748,KILLED,411,315,328,322,307,64
749,KILLED,411,315,328,322,307,64
750,SURVIVED
751,SURVIVED
752,SURVIVED
753,SURVIVED
754,NO_COVERAGE
755,SURVIVED
756,SURVIVED
757,SURVIVED
758,KILLED,411,315,328,322,307,64
759,KILLED,411,315,328,322,307,64
760,SURVIVED
761,KILLED,411,315,328,322,307,64
762,KILLED,411,315,328,322,307,64
763,SURVIVED
764,SURVIVED
765,KILLED,411,315,328,322,307,64
766,SURVIVED
767,SURVIVED
768,SURVIVED
769,NO_COVERAGE
770,SURVIVED
771,SURVIVED
772,SURVIVED
773,KILLED,411,315,328,322,307,64
774,KILLED,411,315,328,322,307,64
775,SURVIVED
776,KILLED,411,315,328,322,307,64
777,TIMED_OUT
778,KILLED,411,315,328,322,307,64
779,KILLED,411,315,328,322,307,64
780,KILLED,411,315,328,322,307,64
781,NO_COVERAGE
782,KILLED,411,315,328,322,307,64
783,KILLED,411,315,328,322,307,64
784,KILLED,411,315,328,322,307,64
785,KILLED,411,315,328,322,307,64
786,SURVIVED
787,KILLED,411,315,328,322,307,64
788,KILLED,411,315,328,322,307,64
789,KILLED,411,307,64
790,KILLED,411,315,328,322,307,64
791,TIMED_OUT
792,TIMED_OUT
793,NO_COVERAGE
794,TIMED_OUT
795,TIMED_OUT
796,TIMED_OUT
797,TIMED_OUT
798,KILLED,411,307
799,TIMED_OUT
800,TIMED_OUT
801,TIMED_OUT
802,SURVIVED
803,SURVIVED
804,KILLED,411,315,328,322,307,64
805,KILLED,411,315,328,322,307,64
806,KILLED,411,315,328,322,307,64
807,KILLED,411,307
808,KILLED,411,307,64
809,KILLED,411,315,328,322,307,64
810,KILLED,64
811,KILLED,411,315,328,322,307,64
812,KILLED,411,307,64
813,KILLED,411,307
814,KILLED,411,307,64
815,KILLED,411,315,328,322,307,64
816,KILLED,411,315,328,322,307,64
817,KILLED,411,307,64
818,KILLED,411,315,328,322,307,64
819,KILLED,411,315,328,322,307,64
820,TIMED_OUT
821,TIMED_OUT
822,TIMED_OUT
823,SURVIVED
824,KILLED,411
825,SURVIVED
826,SURVIVED
827,KILLED,411,315,328,322,307,64
828,KILLED,411,315,328,322,307,64
829,SURVIVED
830,SURVIVED
831,SURVIVED
832,KILLED,411,315,328,322,307,64
833,KILLED,411,315,328,322,307,64
834,KILLED,411,315,328,322,307,64
835,KILLED,411,315,328,322,307,64
836,KILLED,411,315,328,322,307,64
837,KILLED,411,315,328,322,307,64
838,KILLED,411,315,328,322,307,64
839,KILLED,411,315,328,322,307,64
840,KILLED,411,315,328,322,307,64
841,KILLED,411,315,328,322,307,64
842,KILLED,411,315,328,322,307,64
843,KILLED,411,315,328,322,307,64
844,KILLED,411,64
845,KILLED,315,328,322,307
846,KILLED,411,315,328,322,307,64
847,TIMED_OUT
848,TIMED_OUT
849,KILLED,411,307
850,KILLED,307
851,KILLED,411,315,328,322,307,64
852,KILLED,411,315,328,322,307,64
853,KILLED,411,315,328,322,307,64
854,SURVIVED
855,KILLED,411,315,328,322,307,64
856,KILLED,411,315,328,322,307,64
857,KILLED,411,315,328,322,307,64
858,TIMED_OUT
859,KILLED,411,315,328,322,307,64
860,KILLED,411,315,328,322,307,64
861,KILLED,411,315,328,322,307,64
862,KILLED,411,315,328,322,307,64
863,SURVIVED
864,KILLED,411,315,328,322,307,64
865,KILLED,411,315,328,322,307,64
866,KILLED,411,315,328,322,307,64
867,KILLED,411,315,328,322,307,64
868,KILLED,411,315,328,322,307,64
869,KILLED,411,315,328,322,307,64
870,KILLED,411,315,328,322,307,64
871,KILLED,411,315,328,322,307,64
872,KILLED,411,307,64
873,KILLED,411,315,328,322,307,64
874,KILLED,411,315,328,322,307,64
875,KILLED,411,315,328,322,307,64
876,KILLED,411,315,328,322,307,64
877,SURVIVED
878,KILLED,411,315,328,322,307,64
879,SURVIVED
880,KILLED,411,315,328,322,307,64
881,KILLED,411,315,328,322,307,64
882,KILLED,411,315,328,322,307,64
883,KILLED,315,328,322
884,KILLED,411,315,328,322,307,64
885,KILLED,411,315,328,322,307,64
886,KILLED,411,315,328,322,307,64
887,KILLED,411,307,64
888,KILLED,411,315,328,322,307,64
889,KILLED,411,315,328,322,307,64
890,KILLED,411,315,328,322,307,64
891,KILLED,411,315,328,322,307,64
892,KILLED,411,315,328,322,307,64
893,KILLED,411,315,328,322,307,64
894,KILLED,411,315,328,322,307,64
895,SURVIVED
896,KILLED,411,315,328,322,307,64
897,KILLED,411,315,328,322,307,64
898,KILLED,411,315,328,322,307,64
899,KILLED,411,315,328,322,307,64
900,KILLED,411,315,328,322,307,64
901,TIMED_OUT
902,KILLED,411,315,328,322,307,64
903,KILLED,411,315,328,322,307,64
904,KILLED,411,315,328,322,307,64
905,KILLED,411,315,328,322,307,64
906,KILLED,411,315,328,322,307,64
907,SURVIVED
908,KILLED,411,315,328,322,307,64
909,KILLED,411,315,328,322,307,64
910,KILLED,411,315,328,322,307,64
911,KILLED,411,315,328,322,307,64
912,KILLED,411,315,328,322,307,64
913,KILLED,411,315,328,322,307,64
914,KILLED,411,315,328,322,307,64
915,KILLED,411,315,328,322,307,64
916,KILLED,411,307,64
917,KILLED,411,315,328,322,307,64
918,KILLED,411,315,328,322,307,64
919,KILLED,411,315,328,322,307,64
920,KILLED,411,315,328,322,307,64
921,KILLED,411,315,328,322,307,64
922,TIMED_OUT
923,KILLED,411,315,328,322,307,64
924,KILLED,411,315,328,322,307,64
925,SURVIVED
926,SURVIVED
927,KILLED,411,315,328,322,307,64
928,KILLED,411,315,328,322,307,64
929,TIMED_OUT
930,TIMED_OUT
931,KILLED,411,315,328,322,307,64
932,TIMED_OUT
933,TIMED_OUT
934,KILLED,411,315,328,322,307,64
935,KILLED,411,307
936,SURVIVED
937,SURVIVED
938,TIMED_OUT
939,KILLED,411,315,328,322,307,64
940,TIMED_OUT
941,TIMED_OUT
942,KILLED,411,315,328,322,307,64
943,KILLED,411,315,328,322,307,64
944,KILLED,411,315,328,322,307,64
945,KILLED,411,315,328,322,307,64
946,KILLED,411,315,328,322,307,64
947,KILLED,411,307,64
948,KILLED,411,307,64
949,SURVIVED
950,KILLED,411,315,328,322,307
951,KILLED,411,315,328,322,307
952,KILLED,411,315,328,322,307,64
953,KILLED,411,315,328,322,307
954,KILLED,411,315,328,322,307
955,SURVIVED
956,KILLED,64
957,KILLED,64
958,KILLED,411,315,328,322,307,64
959,KILLED,411,315,328,322,307
960,KILLED,411,315,328,322,307
961,KILLED,411,315,328,322,307,64
962,KILLED,411,315,328,322,307,64
963,KILLED,411,315,328,322,307,64
964,KILLED,411,315,328,322,307,64
965,KILLED,64
966,KILLED,64
967,KILLED,411,315,328,322,307,64
968,TIMED_OUT
969,TIMED_OUT
970,TIMED_OUT
971,KILLED,411,315,328,322,307,64
972,KILLED,411,307,64
973,SURVIVED
974,SURVIVED
975,KILLED,411,315,328,322,307,64
976,TIMED_OUT
977,TIMED_OUT
978,TIMED_OUT
979,KILLED,411,315,328,322,307,64
980,KILLED,411,315,328,322,307,64
981,KILLED,411,315,328,322,307
982,KILLED,64
983,KILLED,411,315,328,322,307,64
984,KILLED,411,315,328,322,307,64
985,TIMED_OUT
986,KILLED,411,315,328,322,307,64
987,TIMED_OUT
988,TIMED_OUT
989,KILLED,411,315,328,322,307,64
990,TIMED_OUT
991,KILLED,411,315,328,322,307
992,SURVIVED
993,KILLED,411,315,328,322,307
994,SURVIVED
995,SURVIVED
996,KILLED,411,315,328,322,307,64
997,SURVIVED
998,SURVIVED
999,TIMED_OUT
1000,KILLED,411,315,328,322,307,64
1001,TIMED_OUT
1002,KILLED,411,307,64
1003,TIMED_OUT
1004,TIMED_OUT
1005,KILLED,411,315,328,322,307,64
1006,TIMED_OUT
1007,TIMED_OUT
1008,KILLED,411,315,328,322,307,64
1009,KILLED,411,315,328,322,307,64
1010,KILLED,411,315,328,322,307,64
1011,KILLED,411,315,328,322,307,64
1012,SURVIVED
1013,SURVIVED
1014,SURVIVED
1015,KILLED,411,64
1016,SURVIVED
1017,KILLED,411,315,328,322,307,64
1018,KILLED,411,315,328,322,307,64
1019,KILLED,411,315,328,322,307,64
1020,KILLED,411,315,328,322,307,64
1021,SURVIVED
1022,KILLED,307,64
1023,SURVIVED
1024,KILLED,411,307,64
1025,KILLED,411,307,64
1026,KILLED,411,307,64
1027,SURVIVED
1028,SURVIVED
1029,KILLED,315,328,322,307,64
1030,KILLED,315,328,322,307,64
1031,KILLED,315,328,322,307,64
1032,SURVIVED
1033,KILLED,411,315,328,322,307,64
1034,KILLED,315,328,322,64
1035,KILLED,411,315,328,322,307,64
1036,KILLED,411
1037,KILLED,411
1038,KILLED,411,315,328,322,307,64
1039,KILLED,411,315,328,322,307,64
1040,KILLED,411,315,328,322,307,64
1041,KILLED,411,315,328,322,307,64
1042,KILLED,411,315,328,322,307,64
1043,KILLED,307,64
1044,KILLED,307,64
1045,KILLED,411,307,64
1046,KILLED,411,307,64
1047,KILLED,411,307,64
1048,KILLED,411,307,64
1049,KILLED,64
1050,KILLED,64
1051,KILLED,411,315,328,322,307,64
1052,KILLED,411,315,328,322,307,64
1053,KILLED,411,315,328,322,307,64
1054,KILLED,411,315,328,322,307,64
1055,KILLED,411,315,328,322,307,64
1056,KILLED,411,315,328,322,307,64
1057,KILLED,411,315,328,322,307,64
1058,TIMED_OUT
1059,KILLED,411,315,328,322,307,64
1060,TIMED_OUT
1061,TIMED_OUT
1062,TIMED_OUT
1063,TIMED_OUT
1064,TIMED_OUT
1065,KILLED,411,315,328,322,307,64
1066,SURVIVED
1067,KILLED,411,315,328,322,307,64
1068,KILLED,411,307,64
1069,SURVIVED
1070,KILLED,315,328,322,307,64
1071,SURVIVED
1072,SURVIVED
1073,KILLED,411,315,328,322,307,64
1074,TIMED_OUT
1075,KILLED,411,315,328,322,307,64
1076,TIMED_OUT
1077,TIMED_OUT
1078,TIMED_OUT
1079,TIMED_OUT
1080,TIMED_OUT
1081,KILLED,411,64
1082,KILLED,307,64
1083,KILLED,64
1084,KILLED,411,315,328,322,307,64
1085,KILLED,307
1086,KILLED,411,315,328,322,307
1087,TIMED_OUT
1088,KILLED,411,315,328,322,307,64
1089,TIMED_OUT
1090,KILLED,411,307,64
1091,TIMED_OUT
1092,TIMED_OUT
1093,KILLED,315,328,322,307,64
1094,TIMED_OUT
1095,TIMED_OUT
1096,KILLED,411,315,328,322,307,64
1097,TIMED_OUT
1098,TIMED_OUT
1099,KILLED,64
1100,KILLED,411,315,328,322,307,64
1101,KILLED,411,307,64
1102,SURVIVED
1103,TIMED_OUT
1104,KILLED,411,315,328,322,307,64
1105,KILLED,64
1106,KILLED,411,307
1107,KILLED,411,315,328,322,307
1108,KILLED,411,307
1109,KILLED,411,307,64
1110,SURVIVED
1111,KILLED,411,307,64
1112,KILLED,64
1113,KILLED,411,315,328,322,307,64
1114,KILLED,411,307
1115,KILLED,411,315,328,322,307,64
1116,KILLED,411,315,328,322,307,64
1117,KILLED,411,307
1118,KILLED,411,315,328,322,307,64
1119,KILLED,411,307,64
1120,KILLED,411,307
1121,KILLED,411,315,328,322,307,64
1122,KILLED,411,315,328,322,307
1123,KILLED,411,315,328,322,307,64
1124,KILLED,411,315,328,322,307,64
1125,KILLED,411,315,328,322,307,64
1126,KILLED,411,307,64
1127,KILLED,411,315,328,322,307,64
1128,KILLED,411,315,328,322,307,64
1129,KILLED,411,315,328,322,307,64
1130,TIMED_OUT
1131,KILLED,411,315,328,322,307,64
1132,KILLED,411,315,328,322,307,64
1133,KILLED,411,315,328,322,307,64
1134,KILLED,411,64
1135,KILLED,411,315,328,322,307,64
1136,KILLED,411,315,328,322,307,64
1137,TIMED_OUT
1138,KILLED,411,307,64
1139,KILLED,411,315,328,322,307,64
1140,KILLED,411,307,64
1141,TIMED_OUT
1142,TIMED_OUT
1143,KILLED,64
1144,NO_COVERAGE
1145,NO_COVERAGE
1146,NO_COVERAGE
1147,NO_COVERAGE
1148,NO_COVERAGE
1149,KILLED,411,315,328,322,307,64
1150,SURVIVED
1151,KILLED,315,328,322
1152,KILLED,411,315,328,322
1153,NO_COVERAGE
1154,NO_COVERAGE
1155,NO_COVERAGE
1156,NO_COVERAGE
1157,NO_COVERAGE
1158,NO_COVERAGE
1159,NO_COVERAGE
1160,KILLED,411,315,328,322,307,64
1161,SURVIVED
1162,KILLED,411,315,328,322,307
1163,KILLED,411,315,328,322,307,64
1164,KILLED,411,315,328,322,307,64
1165,KILLED,411,315,328,322,307,64
1166,KILLED,411,315,328,322,307,64
1167,KILLED,411,315,328,322,307
1168,NO_COVERAGE
1169,NO_COVERAGE
1170,NO_COVERAGE
1171,NO_COVERAGE
1172,NO_COVERAGE
1173,NO_COVERAGE
1174,NO_COVERAGE
1175,NO_COVERAGE
1176,NO_COVERAGE
1177,NO_COVERAGE
1178,NO_COVERAGE
1179,NO_COVERAGE
1180,NO_COVERAGE
1181,NO_COVERAGE
1182,NO_COVERAGE
1183,NO_COVERAGE
1184,SURVIVED
1185,KILLED,411,315,328,322,307,64
1186,SURVIVED
1187,SURVIVED
1188,SURVIVED
1189,KILLED,411,315,328,322,307
1190,KILLED,411,315,328,322,307,64
1191,KILLED,411,315,328,322,307,64
1192,KILLED,411,315,328,322,307,64
1193,KILLED,411,315,328,322,307,64
1194,KILLED,411,315,328,322,307
1195,TIMED_OUT
1196,SURVIVED
1197,KILLED,411,315,328,322,307,64
1198,KILLED,307
1199,KILLED,411
1200,SURVIVED
1201,NO_COVERAGE
1202,NO_COVERAGE
1203,KILLED,411,307,64
1204,KILLED,315,328,322,307
1205,KILLED,411,315,328,322,307,64
1206,KILLED,307
1207,KILLED,411,64
1208,KILLED,315,328,322,307
1209,KILLED,411,315,328,322,307,64
1210,KILLED,411,315,328,322,307,64
1211,KILLED,411,307
1212,KILLED,411
1213,KILLED,411,307
1214,KILLED,411
1215,KILLED,411,315,328,322,307,64
1216,KILLED,307
1217,SURVIVED
1218,KILLED,411
1219,NO_COVERAGE
1220,KILLED,411,307
1221,KILLED,411
1222,NO_COVERAGE
1223,NO_COVERAGE
1224,KILLED,411
1225,KILLED,411,307
1226,KILLED,411,315,328,322,307,64
1227,KILLED,411,315,328,322,307,64
1228,SURVIVED
1229,KILLED,411
1230,KILLED,411,315,328,322,307
1231,KILLED,411,307
1232,KILLED,411,315,328,322,307
1233,KILLED,411
1234,KILLED,411
1235,KILLED,411,307
1236,KILLED,411
1237,KILLED,411
1238,KILLED,411
1239,KILLED,411
1240,KILLED,411
1241,KILLED,411
1242,KILLED,411
1243,KILLED,411
1244,KILLED,411
1245,KILLED,411
1246,KILLED,411
1247,KILLED,411,315,328,322,307,64
1248,KILLED,411,315,328,322,307,64
1249,KILLED,411,307
1250,KILLED,411,307
1251,KILLED,411,307
1252,KILLED,411
1253,KILLED,411
1254,KILLED,411
1255,KILLED,411
1256,KILLED,411
1257,KILLED,411
1258,KILLED,411
1259,KILLED,411
1260,KILLED,411
1261,KILLED,411
1262,KILLED,411,315,328,322,307,64
1263,KILLED,411,315,328,322,307,64
1264,SURVIVED
1265,KILLED,411,307
1266,NO_COVERAGE
1267,NO_COVERAGE
1268,NO_COVERAGE
1269,KILLED,411,315,328,322,307
1270,KILLED,411,307
1271,KILLED,411
1272,KILLED,411
1273,KILLED,411
1274,KILLED,411,315,328,322,307,64
1275,KILLED,411,307,64
1276,KILLED,411
1277,KILLED,411,315,328,322,307,64
1278,SURVIVED
1279,SURVIVED
1280,SURVIVED
1281,SURVIVED
1282,SURVIVED
1283,SURVIVED
1284,SURVIVED
1285,KILLED,139,142,138,411,307,64
1286,KILLED,139,142,138,411,307,64
1287,KILLED,138
1288,KILLED,143,138
1289,KILLED,143,138
1290,KILLED,143,138
1291,KILLED,143,138
1292,KILLED,140,144,141,139,142,143,138,411,315,328,322,307,64
1293,SURVIVED
1294,NO_COVERAGE
1295,KILLED,315,328,322
1296,KILLED,142,411,307,64
1297,SURVIVED
1298,SURVIVED
1299,SURVIVED
1300,SURVIVED
1301,SURVIVED
1302,SURVIVED
1303,KILLED,141,315,328,322
1304,KILLED,315,328,322
1305,SURVIVED
1306,SURVIVED
1307,NO_COVERAGE
1308,NO_COVERAGE
1309,KILLED,141,142,411,315,328,322,307
1310,KILLED,141,142,411,315,328,322,307
1311,NO_COVERAGE
1312,KILLED,141,142,411,315,328,322,307
1313,NO_COVERAGE
1314,KILLED,142,411,307
1315,SURVIVED
1316,NO_COVERAGE
1317,KILLED,141,142,411,315,328,322,307
1318,SURVIVED
1319,NO_COVERAGE
1320,SURVIVED
1321,KILLED,141,142,411,307
1322,NO_COVERAGE
1323,NO_COVERAGE
1324,SURVIVED
1325,SURVIVED
1326,SURVIVED
1327,SURVIVED
1328,KILLED,141,142,411,315,328,322,307
1329,TIMED_OUT
1330,SURVIVED
1331,KILLED,411
1332,KILLED,139,142,411,307,64
1333,SURVIVED
1334,SURVIVED
1335,KILLED,411
1336,SURVIVED
1337,SURVIVED
1338,SURVIVED
1339,SURVIVED
1340,KILLED,139,142,411
1341,KILLED,139,142,411,307,64
1342,KILLED,411
1343,KILLED,411
1344,KILLED,411
1345,KILLED,411
1346,KILLED,411
1347,KILLED,411
1348,KILLED,411
1349,KILLED,411
1350,KILLED,411
1351,KILLED,411
1352,KILLED,411
1353,KILLED,411
1354,SURVIVED
1355,SURVIVED
1356,KILLED,139,142,411
1357,KILLED,139,142,411
1358,SURVIVED
1359,SURVIVED
1360,SURVIVED
1361,SURVIVED
1362,SURVIVED
1363,SURVIVED
1364,SURVIVED
1365,SURVIVED
1366,KILLED,411
1367,KILLED,411
1368,SURVIVED
1369,SURVIVED
1370,SURVIVED
1371,SURVIVED
1372,SURVIVED
1373,SURVIVED
1374,SURVIVED
1375,KILLED,411
1376,SURVIVED
1377,KILLED,411
1378,KILLED,411
1379,KILLED,411
1380,KILLED,411
1381,KILLED,411
1382,SURVIVED
1383,KILLED,411
1384,KILLED,411
1385,KILLED,411
1386,KILLED,411
1387,KILLED,411
1388,KILLED,411
1389,KILLED,411
1390,SURVIVED
1391,SURVIVED
1392,SURVIVED
1393,KILLED,139,142,411
1394,KILLED,411,307,64
1395,SURVIVED
1396,SURVIVED
1397,KILLED,411
1398,TIMED_OUT
1399,KILLED,411
1400,KILLED,411
1401,KILLED,411
1402,KILLED,411
1403,KILLED,411
1404,KILLED,411
1405,SURVIVED
1406,KILLED,139,142,411,307,64
1407,KILLED,411
1408,KILLED,411
1409,SURVIVED
1410,SURVIVED
1411,TIMED_OUT
1412,SURVIVED
1413,SURVIVED
1414,SURVIVED
1415,KILLED,411
1416,KILLED,411
1417,KILLED,139,142,411
1418,KILLED,411,307,64
1419,KILLED,411
1420,KILLED,411
1421,KILLED,411
1422,KILLED,411
1423,KILLED,411
1424,SURVIVED
1425,SURVIVED
1426,KILLED,139,142,411,307,64
1427,SURVIVED
1428,KILLED,411
1429,KILLED,411
1430,KILLED,411
1431,KILLED,411
1432,KILLED,411
1433,KILLED,411
1434,SURVIVED
1435,KILLED,139,142,411
1436,KILLED,139,142,411
1437,KILLED,411
1438,KILLED,411
1439,KILLED,411
1440,KILLED,411
1441,KILLED,411
1442,SURVIVED
1443,SURVIVED
1444,KILLED,139,142,411
1445,TIMED_OUT
1446,TIMED_OUT
1447,KILLED,411
1448,TIMED_OUT
1449,SURVIVED
1450,KILLED,411
1451,TIMED_OUT
1452,SURVIVED
1453,SURVIVED
1454,KILLED,411
1455,KILLED,411
1456,SURVIVED
1457,SURVIVED
1458,SURVIVED
1459,SURVIVED
1460,KILLED,139,142
1461,KILLED,139,142,411
1462,SURVIVED
1463,KILLED,411,64
1464,KILLED,411,64
1465,KILLED,139,142,411,64
1466,KILLED,139,142,411,307,64
1467,SURVIVED
1468,SURVIVED
1469,KILLED,411
1470,KILLED,411
1471,KILLED,411
1472,SURVIVED
1473,KILLED,139,142,411,307,64
1474,KILLED,139,142,411
1475,KILLED,139,142,411,307
1476,SURVIVED
1477,SURVIVED
1478,KILLED,411,64
1479,KILLED,411
1480,KILLED,411
1481,SURVIVED
1482,KILLED,139,142,411,307,64
1483,KILLED,139,142,411
1484,KILLED,139,142,411,307
1485,KILLED,139,142,411
1486,SURVIVED
1487,SURVIVED
1488,SURVIVED
1489,SURVIVED
1490,KILLED,139,142,411
1491,KILLED,139,142
1492,KILLED,139,142,411,307
1493,SURVIVED
1494,KILLED,139,142,411
1495,SURVIVED
1496,SURVIVED
1497,SURVIVED
1498,SURVIVED
1499,KILLED,139,142
1500,KILLED,139,142
1501,KILLED,139,142
1502,SURVIVED
1503,KILLED,411,64
1504,KILLED,411,64
1505,SURVIVED
1506,KILLED,139,142,411,307,64
1507,KILLED,139,142,411,64
1508,KILLED,139,142,411,307
1509,TIMED_OUT
1510,TIMED_OUT
1511,TIMED_OUT
1512,TIMED_OUT
1513,SURVIVED
1514,SURVIVED
1515,KILLED,144,141,139,142,411,315,328,322,307,64
1516,KILLED,144,141,139,142,411,307,64
1517,KILLED,144,141,139,142,307
1518,KILLED,144,141
1519,KILLED,144,141,139,142,411,307,64
1520,KILLED,144,141,139,142,411,307
1521,KILLED,144,141,139,142,411,307
1522,KILLED,144,141,139,142,411,307
1523,KILLED,315,328,322
1524,KILLED,315,328,322
1525,KILLED,144,141,139,142,411,315,328,322,307,64
1526,KILLED,144,141,139,142,411,315,328,322,307
1527,KILLED,144,141,139,142,411,315,328,322,307,64
1528,KILLED,144,141,139,142,411,307
1529,KILLED,144,141,139,142,411,315,328,322,307
1530,KILLED,139,142,411,315,328,322
1531,KILLED,144,141,139,142,411,307
1532,KILLED,144,141,139,142,411,315,328,322,307,64
1533,KILLED,144,141,139,142,411,315,328,322,307,64
1534,KILLED,144,141,139,142,411,315,328,322,307,64
1535,KILLED,144,141,139,142,411,307,64
1536,KILLED,144,141,139,142,411,307
1537,KILLED,144,141,139,142,411,315,328,322,307,64
1538,KILLED,144,141,139,142,411,315,328,322,307,64
1539,SURVIVED
1540,KILLED,144,141,139,142,411,307,64
1541,TIMED_OUT
1542,TIMED_OUT
1543,KILLED,140,144,141,139,142,411,315,328,322,307,64
1544,KILLED,139,142,411
1545,SURVIVED
1546,KILLED,140,144,141,139,142,411,307,64
1547,KILLED,140,144,141,139,142,411,315,328,322,307,64
1548,KILLED,140,144,141,139,142,411,315,328,322,307,64
1549,SURVIVED
1550,SURVIVED
1551,KILLED,140,307
1552,KILLED,139,142,411,307
1553,SURVIVED
1554,SURVIVED
1555,SURVIVED
1556,KILLED,139,142,411,307
1557,SURVIVED
1558,KILLED,140,144,141,139,142,411,315,328,322,307,64
1559,KILLED,140,144,141,139,142,411,315,328,322,307,64
1560,KILLED,140,144,141,139,142,411,315,328,322,307,64
1561,KILLED,140,144,141,139,142,411,315,328,322,307,64
1562,KILLED,140,144,141,139,142,411,315,328,322,307,64
1563,KILLED,140,144,141,139,142,411,315,328,322,307,64
1564,KILLED,140,144,141,139,142,411,315,328,322,307,64
1565,KILLED,140,144,141,139,142,411,315,328,322,307,64
1566,KILLED,139,142,411,307,64
1567,SURVIVED
1568,SURVIVED
1569,SURVIVED
1570,KILLED,140,144,141,139,142,411,315,328,322,307,64
1571,KILLED,140,144,141,139,142,411,307,64
1572,KILLED,140,144,141,139,142,411,315,328,322,307,64
1573,KILLED,140,144,141,139,142,411,315,328,322,307,64
1574,KILLED,140,144,141,139,142,411,315,328,322,307,64
1575,KILLED,140,144,141,139,142,411,307,64
1576,KILLED,140,139,142,411,307
1577,KILLED,140,144,141,139,142,411,315,328,322,307,64
1578,KILLED,140,144,141,139,142,411,307,64
1579,SURVIVED
1580,KILLED,140,144,141,307,64
1581,SURVIVED
1582,SURVIVED
1583,SURVIVED
1584,SURVIVED
1585,SURVIVED
1586,KILLED,140,144,141,139,142,411,315,328,322,307,64
1587,TIMED_OUT
1588,SURVIVED
1589,KILLED,411
1590,SURVIVED
1591,SURVIVED
1592,KILLED,140,144,141,139,142,411,315,328,322,307,64
1593,KILLED,139,142,411
1594,SURVIVED
1595,KILLED,139,142,411
1596,SURVIVED
1597,SURVIVED
1598,KILLED,411
1599,KILLED,140,144,141,139,142,411,315,328,322,307,64
1600,KILLED,140,144,141,139,142,411,315,328,322,307,64
1601,KILLED,140,144,141,139,142,411,315,328,322,307,64
1602,KILLED,140,144,141,139,142,411,315,328,322,307,64
1603,KILLED,140,144,141,139,142,411,307
1604,KILLED,140,144,141,139,142,411,307,64
1605,KILLED,411,64
1606,KILLED,140,144,141,139,142,411,315,328,322,307,64
1607,KILLED,140,144,141,139,142,411,315,328,322,307
1608,KILLED,140,144,141,139,142,411,315,328,322,307,64
1609,KILLED,140,144,141,139,142,315,328,322,307
1610,KILLED,315,328,322
1611,KILLED,139,142,411,307
1612,KILLED,140,144,141,139,142,411,315,328,322,307,64
1613,KILLED,140,144,141,139,142,411,315,328,322,307,64
1614,KILLED,139,142,411
1615,TIMED_OUT
1616,KILLED,139,142,411,307
1617,SURVIVED
1618,SURVIVED
1619,SURVIVED
1620,TIMED_OUT
1621,SURVIVED
1622,KILLED,140,144,141,139,142,411,315,328,322,307,64
1623,KILLED,140,144,141,139,142,411,307,64
1624,KILLED,140,144,141,139,142,411,307,64
1625,KILLED,140,144,141,139,142,411,315,328,322,307,64
1626,KILLED,140,144,141
1627,KILLED,139,142,411
1628,KILLED,139,142,411
1629,KILLED,140,144,141,139,142,411,315,328,322,307,64
1630,KILLED,139,142,411
1631,KILLED,139,142,411
1632,KILLED,139,142,411
1633,KILLED,139,142,411,307
1634,KILLED,139,142,411,307
1635,KILLED,139,142,411
1636,KILLED,139,142,411
1637,KILLED,140,144,141,139,142,411,315,328,322,307,64
1638,KILLED,139,142,411
1639,KILLED,140,144,141,139,142,411,315,328,322,307,64
1640,TIMED_OUT
1641,KILLED,139,142,411
1642,KILLED,139,142,411,307
1643,SURVIVED
1644,KILLED,139,142,411
1645,KILLED,139,142,411
1646,KILLED,139,142,411
1647,SURVIVED
1648,KILLED,140,144,141,139,142,411,315,328,322,307,64
1649,KILLED,140,144,141,139,142,411,307,64
1650,KILLED,140,144,141,139,142,411,307,64
1651,KILLED,140,144,141,139,142,411,315,328,322,307,64
1652,KILLED,140,144,141
1653,KILLED,139,142,411
1654,KILLED,140,144,141,139,142,411,315,328,322,307,64
1655,SURVIVED
1656,SURVIVED
1657,KILLED,139,142,411
1658,KILLED,139,142,411,307
1659,KILLED,139,142,411
1660,KILLED,140,144,141,139,142,411,315,328,322,307,64
1661,KILLED,140,144,141,139,142,411,315,328,322,307,64
1662,KILLED,140,144,141,139,142,411,315,328,322,307,64
1663,KILLED,140,144,141,139,142,411,315,328,322,307,64
1664,KILLED,140,144,141,139,142,411,315,328,322,307,64
1665,TIMED_OUT
1666,KILLED,140,144,141,139,142,411,315,328,322,307,64
1667,KILLED,139,142,411,307
1668,KILLED,139,142,411
1669,KILLED,139,142,411
1670,SURVIVED
1671,KILLED,139,142,411,307,64
1672,KILLED,411
1673,KILLED,140,144,141,139,142,411,315,328,322,307,64
1674,KILLED,140,144,141
1675,SURVIVED
1676,KILLED,139,142,411
1677,KILLED,139,142,411,307
1678,TIMED_OUT
1679,TIMED_OUT
1680,TIMED_OUT
1681,KILLED,140,144,141,139,142,411,315,328,322,307,64
1682,TIMED_OUT
1683,TIMED_OUT
1684,TIMED_OUT
1685,TIMED_OUT
1686,SURVIVED
1687,KILLED,411
1688,KILLED,411
1689,KILLED,411
1690,KILLED,411
1691,SURVIVED
1692,KILLED,139,142,411,307,64
1693,KILLED,139,142,411
1694,KILLED,139,142,411,307,64
1695,KILLED,411
1696,KILLED,411
1697,KILLED,411
1698,KILLED,411
1699,KILLED,411
1700,KILLED,411
1701,KILLED,411
1702,KILLED,411
1703,KILLED,411
1704,KILLED,411
1705,KILLED,411
1706,SURVIVED
1707,SURVIVED
1708,KILLED,140,144,141,139,142,411,315,328,322,307,64
1709,KILLED,140,144,141,139,142,411,315,328,322,307,64
1710,SURVIVED
1711,KILLED,140,144,141,139,142,411,315,328,322,307,64
1712,SURVIVED
1713,NO_COVERAGE
1714,KILLED,138
1715,SURVIVED
1716,SURVIVED
1717,NO_COVERAGE
1718,NO_COVERAGE
1719,NO_COVERAGE
1720,NO_COVERAGE
1721,NO_COVERAGE
1722,NO_COVERAGE
1723,NO_COVERAGE
1724,NO_COVERAGE
1725,KILLED,138
1726,NO_COVERAGE
1727,NO_COVERAGE
1728,NO_COVERAGE
1729,NO_COVERAGE
1730,NO_COVERAGE
1731,NO_COVERAGE
1732,NO_COVERAGE
1733,NO_COVERAGE
1734,NO_COVERAGE
1735,NO_COVERAGE
1736,NO_COVERAGE
1737,NO_COVERAGE
1738,KILLED,138
1739,KILLED,138
1740,SURVIVED
1741,KILLED,138
1742,SURVIVED
1743,SURVIVED
1744,NO_COVERAGE
1745,NO_COVERAGE
1746,NO_COVERAGE
1747,NO_COVERAGE
1748,NO_COVERAGE
1749,NO_COVERAGE
1750,NO_COVERAGE
1751,NO_COVERAGE
1752,NO_COVERAGE
1753,NO_COVERAGE
1754,SURVIVED
1755,NO_COVERAGE
1756,NO_COVERAGE
1757,NO_COVERAGE
1758,NO_COVERAGE
1759,NO_COVERAGE
1760,NO_COVERAGE
1761,NO_COVERAGE
1762,NO_COVERAGE
1763,NO_COVERAGE
1764,NO_COVERAGE
1765,NO_COVERAGE
1766,NO_COVERAGE
1767,NO_COVERAGE
1768,NO_COVERAGE
1769,NO_COVERAGE
1770,NO_COVERAGE
1771,NO_COVERAGE
1772,NO_COVERAGE
1773,NO_COVERAGE
1774,NO_COVERAGE
1775,NO_COVERAGE
1776,NO_COVERAGE
1777,NO_COVERAGE
1778,NO_COVERAGE
1779,NO_COVERAGE
1780,NO_COVERAGE
1781,NO_COVERAGE
1782,NO_COVERAGE
1783,NO_COVERAGE
1784,NO_COVERAGE
1785,NO_COVERAGE
1786,NO_COVERAGE
1787,KILLED,138
1788,SURVIVED
1789,SURVIVED
1790,SURVIVED
1791,NO_COVERAGE
1792,NO_COVERAGE
1793,NO_COVERAGE
1794,NO_COVERAGE
1795,NO_COVERAGE
1796,NO_COVERAGE
1797,NO_COVERAGE
1798,NO_COVERAGE
1799,NO_COVERAGE
1800,NO_COVERAGE
1801,KILLED,138
1802,NO_COVERAGE
1803,SURVIVED
1804,NO_COVERAGE
1805,NO_COVERAGE
1806,SURVIVED
1807,NO_COVERAGE
1808,NO_COVERAGE
1809,KILLED,138
1810,SURVIVED
1811,SURVIVED
1812,NO_COVERAGE
1813,NO_COVERAGE
1814,NO_COVERAGE
1815,NO_COVERAGE
1816,NO_COVERAGE
1817,NO_COVERAGE
1818,NO_COVERAGE
1819,NO_COVERAGE
1820,KILLED,138
1821,SURVIVED
1822,SURVIVED
1823,NO_COVERAGE
1824,NO_COVERAGE
1825,NO_COVERAGE
1826,NO_COVERAGE
1827,NO_COVERAGE
1828,NO_COVERAGE
1829,NO_COVERAGE
1830,NO_COVERAGE
1831,NO_COVERAGE
1832,NO_COVERAGE
1833,TIMED_OUT
1834,NO_COVERAGE
1835,NO_COVERAGE
1836,NO_COVERAGE
1837,NO_COVERAGE
1838,NO_COVERAGE
1839,NO_COVERAGE
1840,NO_COVERAGE
1841,NO_COVERAGE
1842,NO_COVERAGE
1843,NO_COVERAGE
1844,NO_COVERAGE
1845,NO_COVERAGE
1846,KILLED,138
1847,NO_COVERAGE
1848,SURVIVED
1849,KILLED,138
1850,KILLED,138
1851,TIMED_OUT
1852,SURVIVED
1853,KILLED,138
1854,NO_COVERAGE
1855,NO_COVERAGE
1856,NO_COVERAGE
1857,NO_COVERAGE
1858,NO_COVERAGE
1859,NO_COVERAGE
1860,NO_COVERAGE
1861,NO_COVERAGE
1862,NO_COVERAGE
1863,NO_COVERAGE
1864,NO_COVERAGE
1865,NO_COVERAGE
1866,NO_COVERAGE
1867,NO_COVERAGE
1868,NO_COVERAGE
1869,SURVIVED
1870,SURVIVED
1871,SURVIVED
1872,SURVIVED
1873,SURVIVED
1874,KILLED,138
1875,KILLED,138
1876,SURVIVED
1877,NO_COVERAGE
1878,NO_COVERAGE
1879,NO_COVERAGE
1880,NO_COVERAGE
1881,NO_COVERAGE
1882,NO_COVERAGE
1883,KILLED,138
1884,KILLED,138
1885,KILLED,138
1886,NO_COVERAGE
1887,NO_COVERAGE
1888,SURVIVED
1889,SURVIVED
1890,SURVIVED
1891,SURVIVED
1892,KILLED,138
1893,SURVIVED
1894,TIMED_OUT
1895,KILLED,138
1896,KILLED,138
1897,SURVIVED
1898,SURVIVED
1899,NO_COVERAGE
1900,NO_COVERAGE
1901,NO_COVERAGE
1902,NO_COVERAGE
1903,NO_COVERAGE
1904,NO_COVERAGE
1905,NO_COVERAGE
1906,NO_COVERAGE
1907,NO_COVERAGE
1908,NO_COVERAGE
1909,NO_COVERAGE
1910,NO_COVERAGE
1911,NO_COVERAGE
1912,NO_COVERAGE
1913,NO_COVERAGE
1914,NO_COVERAGE
1915,NO_COVERAGE
1916,NO_COVERAGE
1917,NO_COVERAGE
1918,NO_COVERAGE
1919,NO_COVERAGE
1920,NO_COVERAGE
1921,NO_COVERAGE
1922,NO_COVERAGE
1923,NO_COVERAGE
1924,NO_COVERAGE
1925,NO_COVERAGE
1926,NO_COVERAGE
1927,NO_COVERAGE
1928,NO_COVERAGE
1929,NO_COVERAGE
1930,NO_COVERAGE
1931,NO_COVERAGE
1932,NO_COVERAGE
1933,NO_COVERAGE
1934,NO_COVERAGE
1935,NO_COVERAGE
1936,NO_COVERAGE
1937,NO_COVERAGE
1938,NO_COVERAGE
1939,NO_COVERAGE
1940,NO_COVERAGE
1941,NO_COVERAGE
1942,NO_COVERAGE
1943,NO_COVERAGE
1944,NO_COVERAGE
1945,NO_COVERAGE
1946,NO_COVERAGE
1947,NO_COVERAGE
1948,NO_COVERAGE
1949,NO_COVERAGE
1950,NO_COVERAGE
1951,NO_COVERAGE
1952,NO_COVERAGE
1953,NO_COVERAGE
1954,NO_COVERAGE
1955,SURVIVED
1956,KILLED,138
1957,SURVIVED
1958,SURVIVED
1959,SURVIVED
1960,SURVIVED
1961,SURVIVED
1962,SURVIVED
1963,SURVIVED
1964,SURVIVED
1965,SURVIVED
1966,KILLED,138
1967,SURVIVED
1968,KILLED,138
1969,SURVIVED
1970,KILLED,138
1971,KILLED,138
1972,KILLED,138
1973,KILLED,138
1974,SURVIVED
1975,KILLED,138
1976,KILLED,138
1977,SURVIVED
1978,SURVIVED
1979,NO_COVERAGE
1980,NO_COVERAGE
1981,NO_COVERAGE
1982,NO_COVERAGE
1983,NO_COVERAGE
1984,NO_COVERAGE
1985,NO_COVERAGE
1986,NO_COVERAGE
1987,NO_COVERAGE
1988,NO_COVERAGE
1989,NO_COVERAGE
1990,NO_COVERAGE
1991,NO_COVERAGE
1992,NO_COVERAGE
1993,NO_COVERAGE
1994,NO_COVERAGE
1995,NO_COVERAGE
1996,NO_COVERAGE
1997,NO_COVERAGE
1998,NO_COVERAGE
1999,NO_COVERAGE
2000,NO_COVERAGE
2001,NO_COVERAGE
2002,NO_COVERAGE
2003,NO_COVERAGE
2004,NO_COVERAGE
2005,NO_COVERAGE
2006,NO_COVERAGE
2007,NO_COVERAGE
2008,NO_COVERAGE
2009,NO_COVERAGE
2010,NO_COVERAGE
2011,NO_COVERAGE
2012,NO_COVERAGE
2013,NO_COVERAGE
2014,NO_COVERAGE
2015,NO_COVERAGE
2016,NO_COVERAGE
2017,NO_COVERAGE
2018,NO_COVERAGE
2019,NO_COVERAGE
2020,NO_COVERAGE
2021,NO_COVERAGE
2022,NO_COVERAGE
2023,NO_COVERAGE
2024,NO_COVERAGE
2025,NO_COVERAGE
2026,NO_COVERAGE
2027,NO_COVERAGE
2028,NO_COVERAGE
2029,NO_COVERAGE
2030,NO_COVERAGE
2031,NO_COVERAGE
2032,NO_COVERAGE
2033,NO_COVERAGE
2034,NO_COVERAGE
2035,NO_COVERAGE
2036,NO_COVERAGE
2037,KILLED,138
2038,SURVIVED
2039,KILLED,138
2040,KILLED,138
2041,SURVIVED
2042,SURVIVED
2043,SURVIVED
2044,SURVIVED
2045,KILLED,138
2046,NO_COVERAGE
2047,NO_COVERAGE
2048,KILLED,138
2049,KILLED,138
2050,KILLED,138
2051,TIMED_OUT
2052,TIMED_OUT
2053,KILLED,138
2054,KILLED,138
2055,KILLED,138
2056,SURVIVED
2057,NO_COVERAGE
2058,NO_COVERAGE
2059,NO_COVERAGE
2060,NO_COVERAGE
2061,NO_COVERAGE
2062,NO_COVERAGE
2063,NO_COVERAGE
2064,NO_COVERAGE
2065,NO_COVERAGE
2066,NO_COVERAGE
2067,NO_COVERAGE
2068,NO_COVERAGE
2069,NO_COVERAGE
2070,NO_COVERAGE
2071,NO_COVERAGE
2072,NO_COVERAGE
2073,NO_COVERAGE
2074,NO_COVERAGE
2075,NO_COVERAGE
2076,NO_COVERAGE
2077,NO_COVERAGE
2078,NO_COVERAGE
2079,NO_COVERAGE
2080,NO_COVERAGE
2081,NO_COVERAGE
2082,NO_COVERAGE
2083,NO_COVERAGE
2084,KILLED,138
2085,SURVIVED
2086,SURVIVED
2087,SURVIVED
2088,SURVIVED
2089,SURVIVED
2090,SURVIVED
2091,NO_COVERAGE
2092,TIMED_OUT
2093,KILLED,138
2094,SURVIVED
2095,NO_COVERAGE
2096,NO_COVERAGE
2097,NO_COVERAGE
2098,NO_COVERAGE
2099,NO_COVERAGE
2100,NO_COVERAGE
2101,NO_COVERAGE
2102,NO_COVERAGE
2103,NO_COVERAGE
2104,NO_COVERAGE
2105,NO_COVERAGE
2106,NO_COVERAGE
2107,SURVIVED
2108,SURVIVED
2109,NO_COVERAGE
2110,KILLED,138
2111,SURVIVED
2112,SURVIVED
2113,NO_COVERAGE
2114,NO_COVERAGE
2115,NO_COVERAGE
2116,NO_COVERAGE
2117,NO_COVERAGE
2118,NO_COVERAGE
2119,NO_COVERAGE
2120,NO_COVERAGE
2121,NO_COVERAGE
2122,NO_COVERAGE
2123,NO_COVERAGE
2124,NO_COVERAGE
2125,SURVIVED
2126,SURVIVED
2127,SURVIVED
2128,NO_COVERAGE
2129,KILLED,138
2130,KILLED,138
2131,KILLED,138
2132,TIMED_OUT
2133,TIMED_OUT
2134,KILLED,138
2135,NO_COVERAGE
2136,NO_COVERAGE
2137,NO_COVERAGE
2138,NO_COVERAGE
2139,NO_COVERAGE
2140,NO_COVERAGE
2141,NO_COVERAGE
2142,NO_COVERAGE
2143,NO_COVERAGE
2144,NO_COVERAGE
2145,NO_COVERAGE
2146,NO_COVERAGE
2147,NO_COVERAGE
2148,NO_COVERAGE
2149,NO_COVERAGE
2150,KILLED,138
2151,SURVIVED
2152,SURVIVED
2153,SURVIVED
2154,SURVIVED
2155,KILLED,138
2156,NO_COVERAGE
2157,KILLED,138
2158,KILLED,138
2159,TIMED_OUT
2160,KILLED,138
2161,SURVIVED
2162,SURVIVED
2163,NO_COVERAGE
2164,NO_COVERAGE
2165,NO_COVERAGE
2166,NO_COVERAGE
2167,NO_COVERAGE
2168,NO_COVERAGE
2169,NO_COVERAGE
2170,NO_COVERAGE
2171,NO_COVERAGE
2172,NO_COVERAGE
2173,NO_COVERAGE
2174,NO_COVERAGE
2175,NO_COVERAGE
2176,NO_COVERAGE
2177,NO_COVERAGE
2178,SURVIVED
2179,SURVIVED
2180,SURVIVED
2181,SURVIVED
2182,SURVIVED
2183,NO_COVERAGE
2184,SURVIVED
2185,SURVIVED
2186,TIMED_OUT
2187,TIMED_OUT
2188,SURVIVED
2189,NO_COVERAGE
2190,NO_COVERAGE
2191,NO_COVERAGE
2192,NO_COVERAGE
2193,NO_COVERAGE
2194,NO_COVERAGE
2195,TIMED_OUT
2196,SURVIVED
2197,SURVIVED
2198,SURVIVED
2199,KILLED,143,138
2200,SURVIVED
2201,KILLED,143,138
2202,SURVIVED
2203,SURVIVED
2204,SURVIVED
2205,SURVIVED
2206,SURVIVED
2207,SURVIVED
2208,SURVIVED
2209,SURVIVED
2210,KILLED,143
2211,KILLED,138
2212,SURVIVED
2213,SURVIVED
2214,SURVIVED
2215,SURVIVED
2216,SURVIVED
2217,KILLED,143,138
2218,KILLED,143,138
2219,KILLED,143,138
2220,KILLED,143,138
2221,KILLED,143,138
2222,KILLED,143,138
2223,KILLED,143,138
2224,KILLED,143,138
2225,KILLED,143,138
2226,KILLED,143,138
2227,KILLED,143,138
2228,KILLED,143,138
2229,NO_COVERAGE
2230,KILLED,143,138
2231,KILLED,143,138
2232,KILLED,143,138
2233,KILLED,143,138
2234,SURVIVED
2235,SURVIVED
2236,SURVIVED
2237,SURVIVED
2238,SURVIVED
2239,SURVIVED
2240,SURVIVED
2241,SURVIVED
2242,KILLED,143,138
2243,KILLED,143
2244,KILLED,143,138
2245,KILLED,143,138
2246,KILLED,143,138
2247,KILLED,143
2248,KILLED,143,138
2249,KILLED,143,138
2250,KILLED,143,138
2251,KILLED,143,138
2252,KILLED,143,138
2253,KILLED,143,138
2254,SURVIVED
2255,KILLED,138
2256,KILLED,143,138
2257,KILLED,143,138
2258,KILLED,143,138
2259,KILLED,143,138
2260,KILLED,143,138
2261,KILLED,143
2262,KILLED,143,138
2263,KILLED,143,138
2264,KILLED,138
2265,KILLED,138
2266,KILLED,143,138
2267,KILLED,143,138
2268,SURVIVED
2269,SURVIVED
2270,SURVIVED
2271,SURVIVED
2272,KILLED,143,138
2273,SURVIVED
2274,KILLED,143,138
2275,KILLED,143,138
2276,SURVIVED
2277,SURVIVED
2278,KILLED,143,138
2279,KILLED,143,138
2280,SURVIVED
2281,KILLED,143,138
2282,SURVIVED
2283,KILLED,143,138
2284,KILLED,143,138
2285,SURVIVED
2286,SURVIVED
2287,KILLED,143,138
2288,KILLED,138
2289,KILLED,143,138
2290,KILLED,143,138
2291,SURVIVED
2292,KILLED,138
2293,SURVIVED
2294,KILLED,143,138
2295,KILLED,143,138
2296,KILLED,143,138
2297,KILLED,143,138
2298,SURVIVED
2299,SURVIVED
2300,KILLED,143,138
2301,KILLED,143,138
2302,KILLED,143
2303,KILLED,143,138
2304,SURVIVED
2305,KILLED,143,138
2306,KILLED,143,138
2307,KILLED,138
2308,SURVIVED
2309,SURVIVED
2310,KILLED,143,138
2311,SURVIVED
2312,SURVIVED
2313,KILLED,143,138
2314,KILLED,143,138
2315,SURVIVED
2316,SURVIVED
2317,SURVIVED
2318,SURVIVED
2319,SURVIVED
2320,KILLED,143,138
2321,KILLED,143,138
2322,SURVIVED
2323,SURVIVED
2324,KILLED,143,138
2325,SURVIVED
2326,SURVIVED
2327,KILLED,143,138
2328,KILLED,143,138
2329,KILLED,143,138
2330,KILLED,143,138
2331,KILLED,143,138
2332,KILLED,143,138
2333,KILLED,143,138
2334,KILLED,143,138
2335,KILLED,143,138
2336,SURVIVED
2337,KILLED,143,138
2338,KILLED,143,138
2339,KILLED,143,138
2340,KILLED,143,138
2341,KILLED,143,138
2342,KILLED,143,138
2343,KILLED,143,138
2344,KILLED,143,138
2345,KILLED,138
2346,KILLED,138
2347,KILLED,143,138
2348,KILLED,143,138
2349,KILLED,143,138
2350,SURVIVED
2351,SURVIVED
2352,SURVIVED
2353,SURVIVED
2354,KILLED,143,138
2355,KILLED,143,138
2356,SURVIVED
2357,SURVIVED
2358,SURVIVED
2359,KILLED,143,138
2360,SURVIVED
2361,KILLED,138
2362,KILLED,143,138
2363,SURVIVED
2364,KILLED,143,138
2365,KILLED,143,138
2366,KILLED,138
2367,KILLED,143,138
2368,KILLED,143,138
2369,KILLED,143,138
2370,KILLED,143,138
2371,KILLED,143,138
2372,KILLED,143,138
2373,KILLED,143,138
2374,KILLED,143,138
2375,SURVIVED
2376,SURVIVED
2377,KILLED,143
2378,KILLED,143,138
2379,SURVIVED
2380,SURVIVED
2381,KILLED,143,138
2382,KILLED,143,138
2383,SURVIVED
2384,KILLED,143,138
2385,KILLED,143,138
2386,SURVIVED
2387,SURVIVED
2388,SURVIVED
2389,SURVIVED
2390,SURVIVED
2391,SURVIVED
2392,KILLED,143,138
2393,SURVIVED
2394,SURVIVED
2395,SURVIVED
2396,SURVIVED
2397,KILLED,143,138
2398,KILLED,143,138
2399,KILLED,143,138
2400,KILLED,138
2401,SURVIVED
2402,SURVIVED
2403,SURVIVED
2404,KILLED,143,138
2405,KILLED,138
2406,KILLED,138
2407,KILLED,138
2408,KILLED,138
2409,SURVIVED
2410,SURVIVED
2411,KILLED,143,138
2412,KILLED,143,138
2413,SURVIVED
2414,KILLED,143,138
2415,SURVIVED
2416,SURVIVED
2417,TIMED_OUT
2418,KILLED,143,138
2419,SURVIVED
2420,SURVIVED
2421,KILLED,138
2422,SURVIVED
2423,SURVIVED
2424,KILLED,138
2425,TIMED_OUT
2426,SURVIVED
2427,SURVIVED
2428,SURVIVED
2429,KILLED,143,138
2430,SURVIVED
2431,SURVIVED
2432,SURVIVED
2433,KILLED,143,138
2434,KILLED,143,138
2435,KILLED,143,138
2436,KILLED,138
2437,SURVIVED
2438,SURVIVED
2439,KILLED,143,138
2440,KILLED,138
2441,KILLED,138
2442,KILLED,138
2443,SURVIVED
2444,KILLED,143,138
2445,SURVIVED
2446,SURVIVED
2447,SURVIVED
2448,SURVIVED
2449,SURVIVED
2450,SURVIVED
2451,KILLED,143,138
2452,KILLED,143,138
2453,KILLED,143,138
2454,KILLED,143,138
2455,KILLED,143,138
2456,KILLED,143,138
2457,KILLED,143,138
2458,KILLED,143,138
2459,SURVIVED
2460,SURVIVED
2461,KILLED,143,138
2462,KILLED,143,138
2463,SURVIVED
2464,SURVIVED
2465,KILLED,143,138
2466,KILLED,143,138
2467,KILLED,143,138
2468,SURVIVED
2469,TIMED_OUT
2470,KILLED,143,138
2471,SURVIVED
2472,KILLED,138
2473,KILLED,143,138
2474,TIMED_OUT
2475,TIMED_OUT
2476,TIMED_OUT
2477,TIMED_OUT
2478,KILLED,143,138
2479,KILLED,143,138
2480,TIMED_OUT
2481,TIMED_OUT
2482,TIMED_OUT
2483,KILLED,143,138
2484,TIMED_OUT
2485,NO_COVERAGE
2486,TIMED_OUT
2487,TIMED_OUT
2488,NO_COVERAGE
2489,NO_COVERAGE
2490,NO_COVERAGE
2491,NO_COVERAGE
2492,NO_COVERAGE
2493,NO_COVERAGE
2494,NO_COVERAGE
2495,NO_COVERAGE
2496,NO_COVERAGE
2497,NO_COVERAGE
2498,NO_COVERAGE
2499,NO_COVERAGE
2500,NO_COVERAGE
2501,NO_COVERAGE
2502,NO_COVERAGE
2503,NO_COVERAGE
2504,NO_COVERAGE
2505,NO_COVERAGE
2506,NO_COVERAGE
2507,NO_COVERAGE
2508,NO_COVERAGE
2509,NO_COVERAGE
2510,NO_COVERAGE
2511,NO_COVERAGE
2512,NO_COVERAGE
2513,NO_COVERAGE
2514,NO_COVERAGE
2515,NO_COVERAGE
2516,NO_COVERAGE
2517,NO_COVERAGE
2518,KILLED,220,214,217,215,7,3,10,14,1,11,12,8,2,5
2519,KILLED,220,214,217,215,7,3,10,14,1,11,12,8,2,5
2520,KILLED,220,214,217,215,7,3,10,14,1,11,12,8,2,5
2521,KILLED,220,214,217,215,7,3,10,14,1,11,12,8,2,5
2522,KILLED,220,214,217,215,7,3,10,14,1,11,12,8,2,5
2523,NO_COVERAGE
2524,KILLED,220,214,217,215,7,3,10,14,1,11,12,8,2,5
2525,SURVIVED
2526,SURVIVED
2527,KILLED,220,214,217,215,7,3,10,14,1,11,12,8,2,5
2528,KILLED,220,214,217,215,7,3,10,14,1,11,12,8,2,5
2529,SURVIVED
2530,SURVIVED
2531,SURVIVED
2532,SURVIVED
2533,SURVIVED
2534,SURVIVED
2535,SURVIVED
2536,SURVIVED
2537,KILLED,220,214,217,215
2538,SURVIVED
2539,NO_COVERAGE
2540,SURVIVED
2541,KILLED,220,214,217,215,7,3,10,14,1,11,12,8,2,5
2542,SURVIVED
2543,SURVIVED
2544,SURVIVED
2545,KILLED,220,214,217,215,7,3,10,14,1,11,12,8,2,5
2546,KILLED,220,214,217,215,7,3,10,14,1,11,12,8,2,5
2547,SURVIVED
2548,SURVIVED
2549,SURVIVED
2550,KILLED,220,214,217,215,7,3,10,14,1,11,12,8,2,5
2551,SURVIVED
2552,KILLED,220,214,217,215
2553,KILLED,220,214,217,215,7,3,10,14,1,11,12,8,2,5
2554,KILLED,220,214,217,215,7,3,10,14,1,11,12,8,2,5
2555,SURVIVED
2556,SURVIVED
2557,SURVIVED
2558,SURVIVED
2559,SURVIVED
2560,SURVIVED
2561,KILLED,220,214,217,215,7,3,10,14,1,11,12,8,2,5
2562,KILLED,90,395,394,348,262,259,346,260,286,258,146,336,353,179,221,365,367,382,384,388,400,386,377,381,364,351,368,402
2563,KILLED,348,262,259,346,260,286,146,336,353,179,221,365,367,382,384,388,400,386,377,381,364,351,368,402
2564,KILLED,90,395,394,348,262,259,346,260,286,258,146,336,353,179,221,365,367,382,384,388,400,386,377,381,364,351,368,402
2565,KILLED,90,395,394,348,262,259,346,260,286,146,336,353,179,221,365,367,382,384,388,400,386,377,381,364,351,368,402
2566,KILLED,395,394,348,262,259,346,260,286,258,146,336,353,179,221,365,367,382,384,388,400,386,377,381,364,351,368,402
2567,KILLED,384
2568,SURVIVED
2569,KILLED,348,262,259,346,260,286,336,353,179,221,365,367,388,400,386,377,381,364,351,368,402
2570,KILLED,146,336,179,364
2571,SURVIVED
2572,SURVIVED
2573,KILLED,353,221,365,367,382,384,388,400,386,377,381,364,351,368,402
2574,SURVIVED
2575,SURVIVED
2576,SURVIVED
2577,KILLED,395,394
2578,KILLED,90,395,394,348,262,259,346,260,286,258,146,336,353,179,221,365,367,382,384,388,400,386,377,381,364,351,368,402
2579,SURVIVED
2580,KILLED,90,395,394,348,262,259,346,260,286,146,336,353,179,221,365,367,382,384,388,400,386,377,381,364,351,368,402
2581,KILLED,384
2582,SURVIVED
2583,KILLED,348,262,259,346,260,286,258,336,353,179,221,365,367,388,400,386,377,381,364,351,368,402
2584,KILLED,90,395,394,348,262,259,346,260,286,258,146,336,353,179,221,365,367,382,384,388,400,386,377,381,364,351,368,402
2585,KILLED,348,262,259,346,260,286,146,336,353,179,221,365,367,382,384,388,400,386,377,381,364,351,368,402
2586,SURVIVED
2587,SURVIVED
2588,SURVIVED
2589,KILLED,90,395,394,348,262,259,346,260,286,258,146,336,353,179,221,365,367,382,384,388,400,386,377,381,364,351,368,402
2590,SURVIVED
2591,KILLED,90,395,394,348,262,259,346,260,286,258,146,336,353,179,221,365,367,382,384,388,400,386,377,381,364,351,368,402
2592,KILLED,90,395,394,348,262,259,346,260,286,146,336,353,179,221,365,367,382,384,388,400,386,377,381,364,351,368,402
2593,KILLED,348,262,259,346,260,286,336,353,179,221,365,367,382,384,388,400,386,377,381,364,351,368,402
2594,SURVIVED
2595,SURVIVED
2596,SURVIVED
2597,SURVIVED
2598,SURVIVED
2599,KILLED,90,395,394,348,262,259,346,260,286,258,146,336,353,179,221,365,367,382,384,388,400,386,377,381,364,351,368,402
2600,SURVIVED
2601,KILLED,3,10,8,2
2602,NO_COVERAGE
2603,SURVIVED
2604,NO_COVERAGE
2605,SURVIVED
2606,SURVIVED
2607,KILLED,3,10,8,2
2608,SURVIVED
2609,NO_COVERAGE
2610,NO_COVERAGE
2611,KILLED,3,10,8,2
2612,KILLED,3,10,8,2
2613,SURVIVED
2614,KILLED,8,2
2615,SURVIVED
2616,SURVIVED
2617,SURVIVED
2618,NO_COVERAGE
2619,NO_COVERAGE
2620,NO_COVERAGE
2621,NO_COVERAGE
2622,NO_COVERAGE
2623,NO_COVERAGE
2624,NO_COVERAGE
2625,SURVIVED
2626,SURVIVED
2627,SURVIVED
2628,SURVIVED
2629,NO_COVERAGE
2630,NO_COVERAGE
2631,SURVIVED
2632,SURVIVED
2633,KILLED,3,10,8,2
2634,SURVIVED
2635,NO_COVERAGE
2636,NO_COVERAGE
2637,KILLED,8,2
2638,NO_COVERAGE
2639,KILLED,90
2640,KILLED,90
2641,NO_COVERAGE
2642,KILLED,90
2643,KILLED,90
2644,KILLED,90
2645,KILLED,90
2646,KILLED,90
2647,KILLED,90
2648,SURVIVED
2649,KILLED,90
2650,KILLED,90
2651,KILLED,90
2652,KILLED,90
2653,KILLED,90
2654,KILLED,90
2655,SURVIVED
2656,KILLED,90
2657,SURVIVED
2658,KILLED,90
2659,KILLED,90
2660,NO_COVERAGE
2661,KILLED,395,394,262,259,260,220,214,146,336,353,179,217,221,215,365,367,382,384,388,386,377,381,364,351,368
2662,KILLED,262,259,260,220,214,146,179,217,221,215
2663,KILLED,395,394,262,260,336,353,365,367,382,384,388,386,377,381,364,351,368
2664,KILLED,262,259,260,220,214,146,179,217,221,215
2665,SURVIVED
2666,NO_COVERAGE
2667,KILLED,262,260
2668,KILLED,259,336,179,217,215
2669,KILLED,259,336,179,217,215
2670,KILLED,146,1,400,402
2671,KILLED,348,262,259,346,260,286,220,214,146,336,353,179,217,221,215,7,3,10,14,1,365,11,367,12,8,2,382,384,5,388,400,386,377,381,364,351,368,402
2672,KILLED,348,262,259,346,260,286,220,214,146,336,353,179,217,221,215,7,3,10,14,1,365,11,367,12,8,2,382,384,5,388,400,386,377,381,364,351,368,402
2673,SURVIVED
2674,KILLED,348,262,259,346,260,286,146,336,353,179,221,1,365,367,382,384,388,400,386,377,381,364,351,368,402
2675,SURVIVED
2676,KILLED,348,262,259,346,260,286,146,336,353,179,221,365,367,382,384,388,400,386,377,381,364,351,368,402
2677,SURVIVED
2678,KILLED,146,1,400,402
2679,KILLED,146,400,402
2680,KILLED,217,221,215,1,388,400,386,377,381,364,368,402
2681,KILLED,348,262,259,346,260,286,220,214,146,336,353,179,217,221,215,7,3,10,14,1,365,11,367,12,8,2,382,384,5,388,400,386,377,381,364,351,368,402
2682,SURVIVED
2683,KILLED,262,260
2684,SURVIVED
2685,KILLED,1
2686,KILLED,348,262,259,346,260,286,220,214,146,336,353,179,217,221,215,7,3,10,14,1,365,11,367,12,8,2,382,384,5,388,400,386,377,381,364,351,368,402
2687,KILLED,348,262,259,346,260,286,220,214,146,336,353,179,217,221,215,7,3,10,14,1,365,11,367,12,8,2,382,384,5,388,400,386,377,381,364,351,368,402
2688,SURVIVED
2689,KILLED,348,262,259,346,260,286,146,336,353,179,221,365,367,382,384,388,400,386,377,381,364,351,368,402
2690,SURVIVED
2691,KILLED,353,221,365,367,382,384,388,400,386,377,381,364,351,368,402
2692,KILLED,400,402
2693,KILLED,1
2694,KILLED,221,388,400,386,377,381,364,368,402
2695,KILLED,348,262,259,346,260,286,220,214,146,336,353,179,217,221,215,7,3,10,14,1,365,11,367,12,8,2,382,384,5,388,400,386,377,381,364,351,368,402
2696,NO_COVERAGE
2697,KILLED,262,260,353,367,388,377,381,364,351,368
2698,KILLED,262,260,353,367,388,377,381,364,351,368
2699,SURVIVED
2700,KILLED,262,260,353,367,388,377,381,364,351,368
2701,KILLED,262,260,353,367,388,377,381,364,351,368
2702,TIMED_OUT
2703,SURVIVED
2704,KILLED,348,262,259,346,260,286,220,214,336,353,179,217,221,215,7,3,10,14,1,365,11,367,12,8,2,382,384,5,388,400,386,377,381,364,351,368,402
2705,KILLED,353,221,365,367,382,384,388,400,386,377,381,364,351,368,402
2706,KILLED,220,214,336,179,217,215,7,3,10,14,1,11,12,8,2,5,400,364,402
2707,KILLED,353,221,365,367,382,384,388,400,386,377,381,364,351,368,402
2708,TIMED_OUT
2709,KILLED,353,221,365,367,382,384,388,400,386,377,381,364,351,368,402
2710,SURVIVED
2711,KILLED,220,214,336,353,179,217,221,215,7,3,10,14,1,365,11,367,12,8,2,382,384,5,388,400,386,377,381,364,351,368,402
2712,KILLED,220,214,336,179,217,215,7,3,10,14,1,11,12,8,2,5,400,364,402
2713,KILLED,348,346
2714,TIMED_OUT
2715,KILLED,348,346
2716,TIMED_OUT
2717,TIMED_OUT
2718,KILLED,90,395,394,348,262,259,346,260,286,146,336,353,179,221,365,367,382,384,388,400,386,377,381,364,351,368,402
2719,KILLED,220,214,217,215,7,3,10,14,1,11,12,8,2,5
2720,SURVIVED
2721,SURVIVED
2722,KILLED,90,395,394,348,262,259,346,260,286,146,336,353,179,221,365,367,382,384,388,400,386,377,381,364,351,368,402
2723,KILLED,220,214,217,215,7,3,10,14,1,11,12,8,2,5
2724,SURVIVED
2725,SURVIVED
2726,KILLED,262,259,260
2727,KILLED,262,260,258
2728,KILLED,262,259,260,336,7,3,10,14,11,12,8,2,5,364
2729,SURVIVED
2730,KILLED,90,395,394,348,262,259,346,260,286,220,214,146,336,353,179,217,221,215,7,3,10,14,1,365,11,367,12,8,2,382,384,5,388,400,386,377,381,364,351,368,402
2731,KILLED,90,395,394,348,262,259,346,260,286,258,220,214,146,336,353,179,217,221,215,7,3,10,14,1,365,11,367,12,8,2,382,384,5,388,400,386,377,381,364,351,368,402
2732,KILLED,90,395,394,220,214,146,336,179,217,215,7,3,10,14,365,11,12,8,2,5,364
2733,KILLED,90,395,394,348,262,259,346,260,286,220,214,146,336,353,179,217,221,215,7,3,10,14,1,365,11,367,12,8,2,382,384,5,388,400,386,377,381,364,351,368,402
2734,KILLED,220,214,146,336,179,217,215,7,3,10,14,11,12,8,2,5,364
2735,KILLED,348,262,259,346,260,286,220,214,146,336,353,179,217,221,215,7,3,10,14,1,365,11,367,12,8,2,382,384,5,388,400,386,377,381,364,351,368,402
2736,KILLED,262,259,260
2737,KILLED,262,260,258
2738,KILLED,220,214,146,336,179,217,215,7,3,10,14,11,12,8,2,5,364
2739,KILLED,90,395,394,348,262,259,346,260,286,220,214,146,336,353,179,217,221,215,7,3,10,14,1,365,11,367,12,8,2,382,384,5,388,400,386,377,381,364,351,368,402
2740,KILLED,90,395,394,348,262,259,346,260,286,220,214,146,336,353,179,217,221,215,7,3,10,14,1,365,11,367,12,8,2,382,384,5,388,400,386,377,381,364,351,368,402
2741,KILLED,90,395,394,348,262,259,346,260,286,220,214,146,336,353,179,217,221,215,7,3,10,14,1,365,11,367,12,8,2,382,384,5,388,400,386,377,381,364,351,368,402
2742,KILLED,220,214,146,336,179,217,215,7,3,10,14,11,12,8,2,5,364
2743,SURVIVED
2744,KILLED,395,394,220,214,146,336,179,217,221,215,7,3,10,14,365,11,367,12,8,2,382,384,5,388,386,377,381,364,368
2745,SURVIVED
2746,SURVIVED
2747,SURVIVED
2748,KILLED,220,214,146,336,179,217,215,7,3,10,14,11,12,8,2,5,364
2749,SURVIVED
2750,KILLED,262,259,260,336,7,3,10,14,11,12,8,2,5,364
2751,NO_COVERAGE
2752,NO_COVERAGE
2753,NO_COVERAGE
2754,NO_COVERAGE
2755,KILLED,353,221,365,367,382,384,388,400,386,377,381,364,351,368,402
2756,KILLED,146,353,221,365,367,382,384,388,400,386,377,381,364,351,368,402
2757,KILLED,353,221,365,367,382,384,388,400,386,377,381,364,351,368,402
2758,KILLED,348,262,259,346,260,286,220,214,146,336,353,179,217,221,215,7,3,10,14,1,365,11,367,12,8,2,382,384,5,388,400,386,377,381,364,351,368,402
2759,KILLED,353,221,365,367,382,384,388,400,386,377,381,364,351,368,402
2760,TIMED_OUT
2761,KILLED,353,221,365,367,382,384,388,400,386,377,381,364,351,368,402
2762,KILLED,353,221,365,367,382,384,388,400,386,377,381,364,351,368,402
2763,KILLED,146
2764,TIMED_OUT
2765,TIMED_OUT
2766,TIMED_OUT
2767,SURVIVED
2768,SURVIVED
2769,SURVIVED
2770,SURVIVED
2771,SURVIVED
2772,SURVIVED
2773,SURVIVED
2774,SURVIVED
2775,SURVIVED
2776,SURVIVED
2777,SURVIVED
2778,SURVIVED
2779,SURVIVED
2780,SURVIVED
2781,SURVIVED
2782,SURVIVED
2783,SURVIVED
2784,SURVIVED
2785,NO_COVERAGE
2786,SURVIVED
2787,KILLED,1,11,12,8,5
2788,KILLED,1,11,12,8,2,5
2789,SURVIVED
2790,SURVIVED
2791,SURVIVED
2792,SURVIVED
2793,KILLED,1,11,12,8,5
2794,KILLED,348,262,259,346,260,286,258,220,214,146,336,353,179,217,221,215,7,3,10,14,1,365,11,367,12,8,2,382,384,5,388,400,386,377,381,364,351,368,402
2795,KILLED,348,262,259,346,260,286,258,220,214,146,336,353,179,217,221,215,7,3,10,14,1,365,11,367,12,8,2,382,384,5,388,400,386,377,381,364,351,368,402
2796,KILLED,348,262,259,346,260,286,258,220,214,146,336,353,179,217,221,215,7,3,10,14,1,365,11,367,12,8,2,382,384,5,388,400,386,377,381,364,351,368,402
2797,KILLED,348,262,259,346,260,286,258,220,214,146,336,353,179,217,221,215,7,3,10,14,1,365,11,367,12,8,2,382,384,5,388,400,386,377,381,364,351,368,402
2798,KILLED,348,262,259,346,260,286,258,220,214,146,336,353,179,217,221,215,7,3,10,14,1,365,11,367,12,8,2,382,384,5,388,400,386,377,381,364,351,368,402
2799,SURVIVED
2800,KILLED,217,215,7,3,10,14,1,11,12,8,2,5
2801,SURVIVED
2802,SURVIVED
2803,SURVIVED
2804,SURVIVED
2805,SURVIVED
2806,KILLED,217,215,7,3,10,14,1,11,12,8,2,5
2807,SURVIVED
2808,SURVIVED
2809,SURVIVED
2810,SURVIVED
2811,KILLED,217,215,7,3,10,14,1,11,12,8,2,5
2812,SURVIVED
2813,SURVIVED
2814,SURVIVED
2815,KILLED,217,215,7,3,10,14,1,11,12,8,2,5
2816,SURVIVED
2817,SURVIVED
2818,SURVIVED
2819,SURVIVED
2820,NO_COVERAGE
2821,NO_COVERAGE
2822,NO_COVERAGE
2823,NO_COVERAGE
2824,NO_COVERAGE
2825,KILLED,348,262,259,346,260,286,220,214,336,353,179,217,221,215,365,367,382,384,388,400,386,377,381,364,351,368,402
2826,SURVIVED
2827,SURVIVED
2828,SURVIVED
2829,KILLED,348,259,346,286,336,179,221,365,382,388,400,386,377,381,364,368,402
2830,KILLED,348,262,259,346,260,286,220,214,336,353,179,217,221,215,365,367,382,384,388,400,386,377,381,364,351,368,402
2831,SURVIVED
2832,KILLED,146
2833,KILLED,146
2834,KILLED,348,259,346,286,336,179,221,365,382,388,400,386,377,381,364,368,402
2835,KILLED,348,259,346,286,336,179,221,365,382,388,400,386,377,381,364,368,402
2836,KILLED,348,259,346,286,336,179,221,365,382,388,400,386,377,381,364,368,402
2837,KILLED,348,259,346,286,336,179,221,365,382,388,400,386,377,381,364,368,402
2838,SURVIVED
2839,KILLED,348,262,259,346,260,286,220,214,146,336,353,179,217,221,215,7,3,10,14,1,365,11,367,12,8,2,382,384,5,388,400,386,377,381,364,351,368,402
2840,KILLED,348,262,259,346,260,286,220,214,336,353,179,217,221,215,365,367,382,384,388,400,386,377,381,364,351,368,402
2841,KILLED,348,262,259,346,260,286,220,214,336,353,179,217,221,215,7,3,10,14,1,365,11,367,12,8,2,382,384,5,388,400,386,377,381,364,351,368,402
2842,KILLED,220,214,400,402
2843,KILLED,348,262,259,346,260,286,220,214,336,353,179,217,221,215,7,3,10,14,1,365,11,367,12,8,2,382,384,5,388,400,386,377,381,364,351,368,402
2844,KILLED,348,262,259,346,260,286,220,214,336,353,179,217,221,215,7,3,10,14,1,365,11,367,12,8,2,382,384,5,388,400,386,377,381,364,351,368,402
2845,KILLED,146
2846,KILLED,146
2847,NO_COVERAGE
2848,NO_COVERAGE
2849,NO_COVERAGE
2850,NO_COVERAGE
2851,NO_COVERAGE
2852,NO_COVERAGE
2853,NO_COVERAGE
2854,NO_COVERAGE
2855,NO_COVERAGE
2856,NO_COVERAGE
2857,NO_COVERAGE
2858,NO_COVERAGE
2859,NO_COVERAGE
2860,KILLED,146
2861,KILLED,146
2862,NO_COVERAGE
2863,NO_COVERAGE
2864,NO_COVERAGE
2865,NO_COVERAGE
2866,NO_COVERAGE
2867,NO_COVERAGE
2868,NO_COVERAGE
2869,NO_COVERAGE
2870,NO_COVERAGE
2871,NO_COVERAGE
2872,NO_COVERAGE
2873,NO_COVERAGE
2874,NO_COVERAGE
2875,NO_COVERAGE
2876,KILLED,348,262,259,346,260,286,220,214,146,336,353,179,217,221,215,7,3,10,14,1,365,11,367,12,8,2,382,384,5,388,400,386,377,381,364,351,368,402
2877,SURVIVED
2878,KILLED,348,262,259,346,260,286,220,214,146,336,353,179,217,221,215,7,3,10,14,1,365,11,367,12,8,2,382,384,5,388,400,386,377,381,364,351,368,402
2879,SURVIVED
2880,NO_COVERAGE
2881,NO_COVERAGE
2882,KILLED,348,262,259,346,260,286,220,214,336,353,179,217,221,215,365,367,382,384,388,400,386,377,381,364,351,368,402
2883,SURVIVED
2884,SURVIVED
2885,SURVIVED
2886,KILLED,348,259,346,286,336,179,221,365,382,388,400,386,377,381,364,368,402
2887,SURVIVED
2888,SURVIVED
2889,SURVIVED
2890,SURVIVED
2891,KILLED,146
2892,KILLED,146
2893,SURVIVED
2894,KILLED,348,259,346,286,336,179,221,365,382,388,400,386,377,381,364,368,402
2895,SURVIVED
2896,KILLED,348,259,346,286,336,179,221,365,382,388,400,386,377,381,364,368,402
2897,SURVIVED
2898,SURVIVED
2899,KILLED,348,259,346,286,336,179,221,365,382,388,400,386,377,381,364,368,402
2900,SURVIVED
2901,KILLED,217,215,1,400,402
2902,KILLED,400,402
2903,KILLED,400,402
2904,KILLED,221,388,400,386,377,381,364,368,402
2905,NO_COVERAGE
2906,NO_COVERAGE
2907,NO_COVERAGE
2908,NO_COVERAGE
2909,NO_COVERAGE
2910,NO_COVERAGE
2911,NO_COVERAGE
2912,NO_COVERAGE
2913,NO_COVERAGE
2914,NO_COVERAGE
2915,NO_COVERAGE
2916,NO_COVERAGE
2917,KILLED,348,346,336
2918,NO_COVERAGE
2919,NO_COVERAGE
2920,NO_COVERAGE
2921,NO_COVERAGE
2922,NO_COVERAGE
2923,NO_COVERAGE
2924,NO_COVERAGE
2925,NO_COVERAGE
2926,SURVIVED
2927,KILLED,348,346,336
2928,NO_COVERAGE
2929,NO_COVERAGE
2930,NO_COVERAGE
2931,NO_COVERAGE
2932,NO_COVERAGE
2933,NO_COVERAGE
2934,NO_COVERAGE
2935,NO_COVERAGE
2936,NO_COVERAGE
2937,NO_COVERAGE
2938,NO_COVERAGE
2939,NO_COVERAGE
2940,SURVIVED
2941,KILLED,220,214,336,400,402
2942,KILLED,348,346,220,214,336,400,402
2943,SURVIVED
2944,SURVIVED
2945,KILLED,220,214,336,400,402
2946,KILLED,348,346,220,214,336,400,402
2947,NO_COVERAGE
2948,NO_COVERAGE
2949,NO_COVERAGE
2950,NO_COVERAGE
2951,NO_COVERAGE
2952,NO_COVERAGE
2953,NO_COVERAGE
2954,KILLED,348,262,259,346,260,286,258,220,214,146,336,353,179,217,221,215,7,3,10,14,1,365,11,367,12,8,2,382,384,5,388,400,386,377,381,364,351,368,402
2955,NO_COVERAGE
2956,NO_COVERAGE
2957,SURVIVED
2958,NO_COVERAGE
2959,KILLED,348,262,259,346,260,286,258,220,214,146,336,353,179,217,221,215,7,3,10,14,1,365,11,367,12,8,2,382,384,5,388,400,386,377,381,364,351,368,402
2960,KILLED,348,262,259,346,260,286,258,220,214,146,336,353,179,217,221,215,7,3,10,14,1,365,11,367,12,8,2,382,384,5,388,400,386,377,381,364,351,368,402
2961,KILLED,336,400,402
2962,SURVIVED
2963,NO_COVERAGE
2964,SURVIVED
2965,SURVIVED
2966,KILLED,348,262,259,346,260,286,220,214,146,336,353,179,217,221,215,7,3,10,14,1,365,11,367,12,8,2,382,384,5,388,400,386,377,381,364,351,368,402
2967,KILLED,220,214,146,336,179,217,215,7,3,10,14,11,12,8,2,5,364
2968,KILLED,348,262,259,346,260,286,258,220,214,146,336,353,179,217,221,215,7,3,10,14,1,365,11,367,12,8,2,382,384,5,388,400,386,377,381,364,351,368,402
2969,KILLED,348,262,259,346,260,286,258,146,336,353,179,221,365,367,382,384,388,400,386,377,381,364,351,368,402
2970,SURVIVED
2971,KILLED,348,262,259,346,260,286,258,220,214,146,336,353,179,217,221,215,7,3,10,14,1,365,11,367,12,8,2,382,384,5,388,400,386,377,381,364,351,368,402
2972,SURVIVED
2973,KILLED,217,215,7,3,10,14,1,11,12,8,2,5
2974,KILLED,217,215,7,3,10,14,1,11,12,8,2,5
2975,KILLED,217,215,7,3,10,14,1,11,12,8,2,5
2976,SURVIVED
2977,NO_COVERAGE
2978,NO_COVERAGE
2979,NO_COVERAGE
2980,NO_COVERAGE
2981,KILLED,217,215,7,3,10,14,1,11,12,8,2,5
2982,KILLED,348,262,259,346,260,286,258,220,214,146,336,353,179,217,221,215,7,3,10,14,1,365,11,367,12,8,2,382,384,5,388,400,386,377,381,364,351,368,402
2983,SURVIVED
2984,KILLED,348,262,259,346,260,286,258,220,214,146,336,353,179,217,221,215,7,3,10,14,1,365,11,367,12,8,2,382,384,5,388,400,386,377,381,364,351,368,402
2985,SURVIVED
2986,SURVIVED
2987,SURVIVED
2988,SURVIVED
2989,NO_COVERAGE
2990,SURVIVED
2991,SURVIVED
2992,KILLED,348,262,259,346,260,286,258,220,214,146,336,353,179,217,221,215,7,3,10,14,1,365,11,367,12,8,2,382,384,5,388,400,386,377,381,364,351,368,402
2993,KILLED,348,262,259,346,260,286,258,220,214,146,336,353,179,217,221,215,7,3,10,14,1,365,11,367,12,8,2,382,384,5,388,400,386,377,381,364,351,368,402
2994,KILLED,336,400,402
2995,SURVIVED
2996,NO_COVERAGE
2997,SURVIVED
2998,SURVIVED
2999,NO_COVERAGE
3000,KILLED,348,262,259,346,260,286,220,214,336,353,179,217,221,215,7,3,10,14,1,365,11,367,12,8,2,5,388,400,386,377,381,364,351,368,402
3001,KILLED,146
3002,KILLED,217,215,7,3,10,14,1,11,12,8,2,5
3003,KILLED,217,215,7,3,10,14,1,11,12,8,2,5
3004,KILLED,1
3005,NO_COVERAGE
3006,KILLED,348,262,259,346,260,286,220,214,146,336,353,179,217,221,215,7,3,10,14,1,365,11,367,12,8,2,382,384,5,388,400,386,377,381,364,351,368,402
3007,KILLED,348,262,259,346,260,286,258,220,214,146,336,353,179,217,221,215,7,3,10,14,1,365,11,367,12,8,2,382,384,5,388,400,386,377,381,364,351,368,402
3008,NO_COVERAGE
3009,KILLED,1
3010,KILLED,1
3011,KILLED,1
3012,KILLED,1
3013,SURVIVED
3014,SURVIVED
3015,KILLED,7,3,10,14,1,11,12,8,2,5
3016,KILLED,1
3017,KILLED,1
3018,KILLED,1
3019,SURVIVED
3020,SURVIVED
3021,SURVIVED
3022,KILLED,220,214
3023,SURVIVED
3024,SURVIVED
3025,KILLED,220,214,217,215,7,3,10,14,1,11,12,8,2,5
3026,KILLED,1
3027,KILLED,220,214,217,215,7,3,10,14,1,11,12,8,2,5
3028,SURVIVED
3029,KILLED,220,214,217,215,7,3,10,14,1,11,12,8,2,5
3030,KILLED,220,214,217,215,7,3,10,14,1,11,12,8,2,5
3031,SURVIVED
3032,KILLED,220,214,217,215,7,3,10,14,1,11,12,8,2,5
3033,KILLED,1
3034,KILLED,220,214,217,215,7,3,10,14,1,11,12,8,2,5
3035,KILLED,220,214,217,215,7,3,10,14,1,11,12,8,2,5
3036,SURVIVED
3037,KILLED,220,214,217,215,7,3,10,14,1,11,12,8,2,5
3038,NO_COVERAGE
3039,NO_COVERAGE
3040,KILLED,220,214,217,215,7,3,10,14,1,11,12,8,2,5
3041,SURVIVED
3042,KILLED,7,3,10,14,1,11,12,8,2,5
3043,KILLED,217,215,7,3,10,14,1,11,12,8,2,5
3044,KILLED,217,215,7,3,10,14,1,11,12,8,2,5
3045,KILLED,1
3046,KILLED,217,215,7,3,10,14,1,11,12,8,2,5
3047,SURVIVED
3048,KILLED,217,215,7,3,10,14,1,11,12,8,2,5
3049,KILLED,217,215,7,3,10,14,1,11,12,8,2,5
3050,SURVIVED
3051,KILLED,217,215,7,3,10,14,1,11,12,8,2,5
3052,KILLED,217,215,7,3,10,14,1,11,12,8,2,5
3053,KILLED,217,215,7,3,10,14,1,11,12,8,2,5
3054,KILLED,217,215,7,3,10,14,1,11,12,8,2,5
3055,KILLED,217,215,7,3,10,14,1,11,12,8,2,5
3056,SURVIVED
3057,SURVIVED
3058,SURVIVED
3059,SURVIVED
3060,SURVIVED
3061,SURVIVED
3062,SURVIVED
3063,SURVIVED
3064,KILLED,220,214
3065,SURVIVED
3066,SURVIVED
3067,SURVIVED
3068,SURVIVED
3069,SURVIVED
3070,SURVIVED
3071,NO_COVERAGE
3072,NO_COVERAGE
3073,KILLED,1
3074,SURVIVED
3075,SURVIVED
3076,KILLED,1
3077,SURVIVED
3078,SURVIVED
3079,SURVIVED
3080,KILLED,220,214,217,215,7,3,10,14,1,11,12,8,2,5
3081,SURVIVED
3082,NO_COVERAGE
3083,KILLED,8,2
3084,KILLED,348,262,259,346,260,286,220,214,336,353,179,217,221,215,7,3,10,14,1,365,11,367,12,8,2,5,388,400,386,377,381,364,351,368,402
3085,SURVIVED
3086,KILLED,348,262,259,346,260,286,220,214,336,353,179,217,221,215,7,3,10,14,1,365,11,367,12,8,2,5,388,400,386,377,381,364,351,368,402
3087,SURVIVED
3088,KILLED,348,262,259,346,260,286,220,214,336,353,179,217,221,215,7,3,10,14,1,365,11,367,12,8,2,5,388,400,386,377,381,364,351,368,402
3089,SURVIVED
3090,SURVIVED
3091,KILLED,348,262,259,346,260,286,220,214,336,353,179,217,221,215,7,3,10,14,1,365,11,367,12,8,2,5,388,400,386,377,381,364,351,368,402
3092,SURVIVED
3093,SURVIVED
3094,SURVIVED
3095,KILLED,348,262,259,346,260,286,220,214,336,353,179,217,221,215,7,3,10,14,1,365,11,367,12,8,2,5,388,400,386,377,381,364,351,368,402
3096,SURVIVED
3097,SURVIVED
3098,SURVIVED
3099,SURVIVED
3100,KILLED,7,3,10,14,1,11,12,8,2,5
3101,SURVIVED
3102,SURVIVED
3103,SURVIVED
3104,SURVIVED
3105,SURVIVED
3106,SURVIVED
3107,KILLED,1,11,12,8,5
3108,SURVIVED
3109,NO_COVERAGE
3110,NO_COVERAGE
3111,NO_COVERAGE
3112,NO_COVERAGE
3113,NO_COVERAGE
3114,NO_COVERAGE
3115,NO_COVERAGE
3116,NO_COVERAGE
3117,NO_COVERAGE
3118,NO_COVERAGE
3119,NO_COVERAGE
3120,NO_COVERAGE
3121,NO_COVERAGE
3122,NO_COVERAGE
3123,NO_COVERAGE
3124,NO_COVERAGE
3125,NO_COVERAGE
3126,NO_COVERAGE
3127,NO_COVERAGE
3128,NO_COVERAGE
3129,NO_COVERAGE
3130,NO_COVERAGE
3131,NO_COVERAGE
3132,NO_COVERAGE
3133,SURVIVED
3134,KILLED,1,11,2,5
3135,SURVIVED
3136,SURVIVED
3137,SURVIVED
3138,SURVIVED
3139,SURVIVED
3140,SURVIVED
3141,SURVIVED
3142,SURVIVED
3143,NO_COVERAGE
3144,SURVIVED
3145,SURVIVED
3146,SURVIVED
3147,SURVIVED
3148,SURVIVED
3149,SURVIVED
3150,KILLED,336,400,402
3151,KILLED,336,400,402
3152,KILLED,336,400,402
3153,KILLED,336,400,402
3154,SURVIVED
3155,SURVIVED
3156,SURVIVED
3157,SURVIVED
3158,SURVIVED
3159,SURVIVED
3160,KILLED,336,400,402
3161,SURVIVED
3162,SURVIVED
3163,SURVIVED
3164,SURVIVED
3165,SURVIVED
3166,SURVIVED
3167,SURVIVED
3168,KILLED,336,400,402
3169,KILLED,336,400,402
3170,SURVIVED
3171,SURVIVED
3172,KILLED,336,400,402
3173,SURVIVED
3174,SURVIVED
3175,NO_COVERAGE
3176,NO_COVERAGE
3177,NO_COVERAGE
3178,SURVIVED
3179,SURVIVED
3180,SURVIVED
3181,SURVIVED
3182,KILLED,348,262,259,346,260,286,258,146,336,353,179,221,365,367,382,388,400,386,377,381,364,351,368,402
3183,KILLED,146
3184,KILLED,146
3185,KILLED,146
3186,KILLED,348,259,346,286,258,336,179,221,365,382,388,400,386,377,381,364,368,402
3187,KILLED,348,259,346,286,258,336,179,221,365,382,388,400,386,377,381,364,368,402
3188,SURVIVED
3189,KILLED,348,262,259,346,260,286,258,220,214,146,336,353,179,217,221,215,7,3,10,14,1,365,11,367,12,8,2,382,384,5,388,400,386,377,381,364,351,368,402
3190,KILLED,348,262,259,346,260,286,258,336,353,179,221,365,367,382,388,400,386,377,381,364,351,368,402
3191,KILLED,146
3192,SURVIVED
3193,KILLED,146
3194,SURVIVED
3195,KILLED,146
3196,KILLED,146
3197,KILLED,146
3198,KILLED,348,262,259,346,260,286,258,220,214,146,336,353,179,217,221,215,7,3,10,14,1,365,11,367,12,8,2,382,384,5,388,400,386,377,381,364,351,368,402
3199,SURVIVED
3200,KILLED,348,262,259,346,260,286,258,220,214,146,336,353,179,217,221,215,7,3,10,14,1,365,11,367,12,8,2,382,384,5,388,400,386,377,381,364,351,368,402
3201,SURVIVED
3202,NO_COVERAGE
3203,NO_COVERAGE
3204,KILLED,146
3205,KILLED,146
3206,SURVIVED
3207,SURVIVED
3208,SURVIVED
3209,KILLED,348,262,259,346,260,286,258,336,353,179,221,365,367,382,388,400,386,377,381,364,351,368,402
3210,SURVIVED
3211,KILLED,146
3212,KILLED,146
3213,SURVIVED
3214,KILLED,348,259,346,286,258,336,179,221,365,382,388,400,386,377,381,364,368,402
3215,SURVIVED
3216,SURVIVED
3217,KILLED,348,259,346,286,258,336,179,221,365,382,388,400,386,377,381,364,368,402
3218,KILLED,146
3219,SURVIVED
3220,NO_COVERAGE
3221,SURVIVED
3222,KILLED,220,214,353,221,365,367,382,384,388,400,386,377,381,364,351,368,402
3223,KILLED,146
3224,KILLED,348,262,259,346,260,286,220,214,146,336,353,179,217,221,215,7,3,10,14,1,365,11,367,12,8,2,382,384,5,388,400,386,377,381,364,351,368,402
3225,KILLED,220,214,146,353,221,365,367,382,384,388,400,386,377,381,364,351,368,402
3226,KILLED,348,262,259,346,260,286,220,214,146,336,353,179,217,221,215,7,3,10,14,1,365,11,367,12,8,2,382,384,5,388,400,386,377,381,364,351,368,402
3227,SURVIVED
3228,KILLED,348,262,259,346,260,286,220,214,146,336,353,179,217,221,215,7,3,10,14,1,365,11,367,12,8,2,382,384,5,388,400,386,377,381,364,351,368,402
3229,KILLED,220,214,353,221,365,367,382,384,388,400,386,377,381,364,351,368,402
3230,SURVIVED
3231,KILLED,220,214,353,221,365,367,382,384,388,400,386,377,381,364,351,368,402
3232,KILLED,348,262,259,346,260,286,220,214,146,336,353,179,217,221,215,7,3,10,14,1,365,11,367,12,8,2,382,384,5,388,400,386,377,381,364,351,368,402
3233,KILLED,146
3234,SURVIVED
3235,KILLED,220,214,221,400,377,402
3236,KILLED,146
3237,KILLED,146,400,402
3238,SURVIVED
3239,KILLED,146
3240,SURVIVED
3241,SURVIVED
3242,KILLED,220,214,146,336,179,217,215,7,3,10,14,11,12,8,2,5,364
3243,SURVIVED
3244,SURVIVED
3245,NO_COVERAGE
3246,NO_COVERAGE
3247,SURVIVED
3248,SURVIVED
3249,SURVIVED
3250,SURVIVED
3251,SURVIVED
3252,SURVIVED
3253,SURVIVED
3254,SURVIVED
3255,SURVIVED
3256,SURVIVED
3257,SURVIVED
3258,SURVIVED
3259,KILLED,90,395,394,348,262,259,346,260,286,220,214,146,336,353,179,217,221,215,7,3,10,14,1,365,11,367,12,8,2,382,384,5,388,400,386,377,381,364,351,368,402
3260,SURVIVED
3261,KILLED,90,395,394,348,262,259,346,260,286,220,214,146,336,353,179,217,221,215,7,3,10,14,1,365,11,367,12,8,2,382,384,5,388,400,386,377,381,364,351,368,402
3262,KILLED,220,214,146,336,179,217,215,7,3,10,14,11,12,8,2,5,364
3263,KILLED,90,395,394,348,262,259,346,260,286,220,214,146,336,353,179,217,221,215,7,3,10,14,1,365,11,367,12,8,2,382,384,5,388,400,386,377,381,364,351,368,402
3264,KILLED,90,395,394,348,262,259,346,260,286,220,214,146,336,353,179,217,221,215,7,3,10,14,1,365,11,367,12,8,2,382,384,5,388,400,386,377,381,364,351,368,402
3265,SURVIVED
3266,KILLED,90,395,394,348,262,259,346,260,286,220,214,146,336,353,179,217,221,215,7,3,10,14,1,365,11,367,12,8,2,382,384,5,388,400,386,377,381,364,351,368,402
3267,KILLED,90,395,394,348,262,259,346,260,286,220,214,146,336,353,179,217,221,215,7,3,10,14,1,365,11,367,12,8,2,382,384,5,388,400,386,377,381,364,351,368,402
3268,SURVIVED
3269,SURVIVED
3270,SURVIVED
3271,SURVIVED
3272,SURVIVED
3273,SURVIVED
3274,SURVIVED
3275,SURVIVED
3276,SURVIVED
3277,SURVIVED
3278,SURVIVED
3279,KILLED,395,394,220,214,146,336,179,217,221,215,7,3,10,14,365,11,367,12,8,2,382,384,5,388,386,377,381,364,368
3280,KILLED,220,214,146,336,179,217,221,215,7,3,10,14,365,11,367,12,8,2,382,384,5,388,386,377,381,364,368
3281,KILLED,220,214,146,336,179,217,221,215,7,3,10,14,365,11,367,12,8,2,382,384,5,388,386,377,381,364,368
3282,KILLED,220,214,146,336,179,217,221,215,7,3,10,14,365,11,367,12,8,2,382,384,5,388,386,377,381,364,368
3283,KILLED,220,214,146,336,179,217,221,215,7,3,10,14,365,11,367,12,8,2,382,384,5,388,386,377,381,364,368
3284,KILLED,220,214,146,336,179,217,221,215,7,3,10,14,365,11,367,12,8,2,382,384,5,388,386,377,381,364,368
3285,KILLED,220,214,146,336,179,217,221,215,7,3,10,14,365,11,367,12,8,2,382,384,5,388,386,377,381,364,368
3286,KILLED,220,214,146,336,179,217,221,215,7,3,10,14,365,11,367,12,8,2,382,384,5,388,386,377,381,364,368
3287,SURVIVED
3288,KILLED,348,262,259,346,260,286,220,214,146,336,353,179,217,221,215,7,3,10,14,1,365,11,367,12,8,2,382,384,5,388,400,386,377,381,364,351,368,402
3289,KILLED,220,214,146,336,179,217,215,7,3,10,14,11,12,8,2,5,364
3290,SURVIVED
3291,SURVIVED
3292,SURVIVED
3293,SURVIVED
3294,SURVIVED
3295,NO_COVERAGE
3296,SURVIVED
3297,SURVIVED
3298,SURVIVED
3299,SURVIVED
3300,SURVIVED
3301,KILLED,348,346,336
3302,SURVIVED
3303,SURVIVED
3304,SURVIVED
3305,SURVIVED
3306,SURVIVED
3307,KILLED,11,2,5
3308,SURVIVED
3309,SURVIVED
3310,SURVIVED
3311,SURVIVED
3312,SURVIVED
3313,SURVIVED
3314,SURVIVED
3315,SURVIVED
3316,SURVIVED
3317,SURVIVED
3318,SURVIVED
3319,SURVIVED
3320,SURVIVED
3321,SURVIVED
3322,SURVIVED
3323,SURVIVED
3324,SURVIVED
3325,SURVIVED
3326,SURVIVED
3327,SURVIVED
3328,SURVIVED
3329,SURVIVED
3330,SURVIVED
3331,SURVIVED
3332,SURVIVED
3333,SURVIVED
3334,SURVIVED
3335,SURVIVED
3336,SURVIVED
3337,SURVIVED
3338,SURVIVED
3339,SURVIVED
3340,SURVIVED
3341,SURVIVED
3342,KILLED,348,346,336
3343,KILLED,348,346,336
3344,KILLED,348,346,336
3345,KILLED,348,346,336
3346,SURVIVED
3347,SURVIVED
3348,SURVIVED
3349,SURVIVED
3350,KILLED,11
3351,KILLED,220,214,146,217,215
3352,KILLED,220,214,146,217,215
3353,KILLED,348,262,259,346,260,286,220,214,146,336,353,179,217,221,215,7,3,10,14,1,365,11,367,12,8,2,382,384,5,388,400,386,377,381,364,351,368,402
3354,KILLED,348,262,259,346,260,286,220,214,146,336,353,179,217,221,215,7,3,10,14,1,365,11,367,12,8,2,382,384,5,388,400,386,377,381,364,351,368,402
3355,KILLED,336,11,12,8,2,364
3356,SURVIVED
3357,SURVIVED
3358,SURVIVED
3359,SURVIVED
3360,KILLED,348,262,259,346,260,286,220,214,146,336,353,179,217,221,215,7,3,10,14,1,365,11,367,12,8,2,382,384,5,388,400,386,377,381,364,351,368,402
3361,KILLED,364
3362,KILLED,1,11,12,8,2,5
3363,SURVIVED
3364,KILLED,348,262,259,346,260,286,220,214,146,336,353,179,217,221,215,7,3,10,14,1,365,11,367,12,8,2,382,384,5,388,400,386,377,381,364,351,368,402
3365,KILLED,220,214,217,215
3366,KILLED,348,262,259,346,260,286,220,214,146,336,353,179,217,221,215,7,3,10,14,1,365,11,367,12,8,2,382,384,5,388,400,386,377,381,364,351,368,402
3367,SURVIVED
3368,KILLED,348,262,259,346,260,286,220,214,146,336,353,179,217,221,215,7,3,10,14,1,365,11,367,12,8,2,382,384,5,388,400,386,377,381,364,351,368,402
3369,SURVIVED
3370,SURVIVED
3371,NO_COVERAGE
3372,NO_COVERAGE
3373,KILLED,146,364
3374,KILLED,348,262,259,346,260,286,220,214,146,336,353,179,217,221,215,7,3,10,14,1,365,11,367,12,8,2,382,384,5,388,400,386,377,381,364,351,368,402
3375,KILLED,220,214
3376,KILLED,348,262,259,346,260,286,220,214,146,336,353,179,217,221,215,7,3,10,14,1,365,11,367,12,8,2,382,384,5,388,400,386,377,381,364,351,368,402
3377,KILLED,348,262,259,346,260,286,220,214,146,336,353,179,217,221,215,7,3,10,14,1,365,11,367,12,8,2,382,384,5,388,400,386,377,381,364,351,368,402
3378,KILLED,220,214,146,336,179,217,215,7,3,10,14,11,12,8,2,5,364
3379,KILLED,348,262,259,346,260,286,220,214,146,336,353,179,217,221,215,7,3,10,14,1,365,11,367,12,8,2,382,384,5,388,400,386,377,381,364,351,368,402
3380,KILLED,348,262,259,346,260,286,220,214,146,336,353,179,217,221,215,7,3,10,14,1,365,11,367,12,8,2,382,384,5,388,400,386,377,381,364,351,368,402
3381,KILLED,348,262,259,346,260,286,220,214,146,336,353,179,217,221,215,7,3,10,14,1,365,11,367,12,8,2,382,384,5,388,400,386,377,381,364,351,368,402
3382,SURVIVED
3383,KILLED,348,262,259,346,260,286,220,214,146,336,353,179,217,221,215,7,3,10,14,1,365,11,367,12,8,2,382,384,5,388,400,386,377,381,364,351,368,402
3384,KILLED,348,262,259,346,260,286,220,214,146,336,353,179,217,221,215,7,3,10,14,1,365,11,367,12,8,2,382,384,5,388,400,386,377,381,364,351,368,402
3385,SURVIVED
3386,KILLED,348,262,259,346,260,286,220,214,146,336,353,179,217,221,215,7,3,10,14,1,365,11,367,12,8,2,382,384,5,388,400,386,377,381,364,351,368,402
3387,SURVIVED
3388,KILLED,348,262,259,346,260,286,220,214,146,336,353,179,217,221,215,7,3,10,14,1,365,11,367,12,8,2,382,384,5,388,400,386,377,381,364,351,368,402
3389,SURVIVED
3390,KILLED,348,262,259,346,260,286,220,214,146,336,353,179,217,221,215,7,3,10,14,1,365,11,367,12,8,2,382,384,5,388,400,386,377,381,364,351,368,402
3391,KILLED,336,11,12,8,2,364
3392,KILLED,348,262,259,346,260,286,220,214,146,336,353,179,217,221,215,7,3,10,14,1,365,11,367,12,8,2,382,384,5,388,400,386,377,381,364,351,368,402
3393,KILLED,348,262,259,346,260,286,220,214,146,336,353,179,217,221,215,7,3,10,14,1,365,11,367,12,8,2,382,384,5,388,400,386,377,381,364,351,368,402
3394,SURVIVED
3395,KILLED,220,214,146,336,179,217,215,7,3,10,14,11,12,8,2,5,364
3396,SURVIVED
3397,SURVIVED
3398,KILLED,348,262,259,346,260,286,220,214,146,336,353,179,217,221,215,7,3,10,14,1,365,11,367,12,8,2,382,384,5,388,400,386,377,381,364,351,368,402
3399,SURVIVED
3400,SURVIVED
3401,SURVIVED
3402,SURVIVED
3403,KILLED,348,346,336
3404,SURVIVED
3405,SURVIVED
3406,SURVIVED
3407,SURVIVED
3408,SURVIVED
3409,KILLED,348,262,259,346,260,286,220,214,146,336,353,179,217,221,215,7,3,10,14,1,365,11,367,12,8,2,382,384,5,388,400,386,377,381,364,351,368,402
3410,SURVIVED
3411,SURVIVED
3412,SURVIVED
3413,SURVIVED
3414,SURVIVED
3415,KILLED,11
3416,SURVIVED
3417,KILLED,348,346,336
3418,KILLED,348,346,336
3419,SURVIVED
3420,KILLED,220,214,146,217,215
3421,SURVIVED
3422,SURVIVED
3423,SURVIVED
3424,KILLED,348,346,336
3425,SURVIVED
3426,KILLED,220,214,146,217,215
3427,KILLED,220,214,146,336,179,217,215,7,3,10,14,11,12,8,2,5,364
3428,SURVIVED
3429,KILLED,220,214,146,336,179,217,215,7,3,10,14,11,12,8,2,5,364
3430,KILLED,220,214,146,336,179,217,215,7,3,10,14,11,12,8,2,5,364
3431,KILLED,220,214,146,336,179,217,215,7,3,10,14,11,12,8,2,5,364
3432,KILLED,220,214,146,336,179,217,215,7,3,10,14,11,12,8,2,5,364
3433,KILLED,220,214,146,336,179,217,215,7,3,10,14,11,12,8,2,5,364
3434,NO_COVERAGE
3435,NO_COVERAGE
3436,KILLED,220,214,146,336,179,217,215,7,3,10,14,11,12,8,2,5,364
3437,KILLED,220,214,146,336,179,217,215,7,3,10,14,11,12,8,2,5,364
3438,KILLED,220,214,146,336,179,217,215,7,3,10,14,11,12,8,2,5,364
3439,KILLED,220,214,146,336,179,217,215,7,3,10,14,11,12,8,2,5,364
3440,KILLED,220,214,146,336,179,217,215,7,3,10,14,11,12,8,2,5,364
3441,KILLED,220,214,146,336,179,217,215,7,3,10,14,11,12,8,2,5,364
3442,KILLED,220,214,146,336,179,217,215,7,3,10,14,11,12,8,2,5,364
3443,KILLED,220,214,146,336,179,217,215,7,3,10,14,11,12,8,2,5,364
3444,KILLED,220,214,146,336,179,217,215,7,3,10,14,11,12,8,2,5,364
3445,KILLED,220,214,146,336,179,217,215,7,3,10,14,11,12,8,2,5,364
3446,KILLED,336,11
3447,SURVIVED
3448,SURVIVED
3449,SURVIVED
3450,SURVIVED
3451,SURVIVED
3452,SURVIVED
3453,SURVIVED
3454,SURVIVED
3455,SURVIVED
3456,SURVIVED
3457,SURVIVED
3458,SURVIVED
3459,SURVIVED
3460,SURVIVED
3461,SURVIVED
3462,SURVIVED
3463,SURVIVED
3464,KILLED,221,388,400,386,377,381,364,368,402
3465,KILLED,336,179,364
3466,NO_COVERAGE
3467,KILLED,336,179,364
3468,KILLED,336,179,364
3469,KILLED,336,179,364
3470,KILLED,336,179,364
3471,KILLED,336,179,364
3472,KILLED,221,388,400,386,377,381,364,368,402
3473,KILLED,221,1,388,400,386,377,381,364,368,402
3474,KILLED,400,402
3475,KILLED,221,388,400,386,377,381,364,368,402
3476,KILLED,400,402
3477,KILLED,348,262,259,346,260,286,336,353,179,221,365,367,382,384,388,400,386,377,381,364,351,368,402
3478,SURVIVED
3479,KILLED,400,402
3480,KILLED,348,262,259,346,260,286,336,353,179,221,365,367,382,384,388,400,386,377,381,364,351,368,402
3481,KILLED,400,402
3482,KILLED,348,262,259,346,260,286,336,353,179,221,365,367,382,384,388,400,386,377,381,364,351,368,402
3483,NO_COVERAGE
3484,NO_COVERAGE
3485,NO_COVERAGE
3486,NO_COVERAGE
3487,KILLED,221,388,400,386,377,381,364,368,402
3488,KILLED,1
3489,KILLED,400,402
3490,SURVIVED
3491,KILLED,221,388,400,386,377,381,364,368,402
3492,SURVIVED
3493,KILLED,336,179,400,364,402
3494,KILLED,336,179,221,388,400,386,377,381,364,368,402
3495,KILLED,336,179,221,388,400,386,377,381,364,368,402
3496,KILLED,336,179,221,388,400,386,377,381,364,368,402
3497,NO_COVERAGE
3498,NO_COVERAGE
3499,KILLED,336,179,364
3500,KILLED,220,214,400,402
3501,SURVIVED
3502,SURVIVED
3503,NO_COVERAGE
3504,NO_COVERAGE
3505,NO_COVERAGE
3506,SURVIVED
3507,NO_COVERAGE
3508,NO_COVERAGE
3509,NO_COVERAGE
3510,NO_COVERAGE
3511,NO_COVERAGE
3512,KILLED,348,262,346,260,286,220,214,353,221,7,3,10,14,1,365,11,367,12,8,2,382,384,5,388,400,386,377,381,364,351,368,402
3513,NO_COVERAGE
3514,NO_COVERAGE
3515,NO_COVERAGE
3516,NO_COVERAGE
3517,NO_COVERAGE
3518,NO_COVERAGE
3519,KILLED,220,214,221,400,377,402
3520,KILLED,220,214,221,400,377,402
3521,SURVIVED
3522,NO_COVERAGE
3523,NO_COVERAGE
3524,SURVIVED
3525,KILLED,348,346
3526,KILLED,220,214,400,402
3527,KILLED,220,214,221,400,377,402
3528,SURVIVED
3529,KILLED,220,214,221,400,377,402
3530,SURVIVED
3531,NO_COVERAGE
3532,NO_COVERAGE
3533,SURVIVED
3534,SURVIVED
3535,NO_COVERAGE
3536,NO_COVERAGE
3537,KILLED,221,400,377,402
3538,KILLED,348,346
3539,NO_COVERAGE
3540,NO_COVERAGE
3541,NO_COVERAGE
3542,NO_COVERAGE
3543,NO_COVERAGE
3544,KILLED,348,262,259,346,260,286,220,214,146,336,353,179,217,221,215,7,3,10,14,1,365,11,367,12,8,2,382,384,5,388,400,386,377,381,364,351,368,402
3545,KILLED,217,215,7,3,10,14,1,11,12,8,2,5
3546,KILLED,146,1,400,402
3547,KILLED,220,214,146,336,179,217,215,7,3,10,14,1,11,12,8,2,5,364
3548,SURVIVED
3549,KILLED,1
3550,KILLED,220,214,146,336,179,217,215,7,3,10,14,1,11,12,8,2,5,364
3551,KILLED,220,214,146,336,179,217,215,7,3,10,14,1,11,12,8,2,5,364
3552,KILLED,220,214,146,336,179,217,215,7,3,10,14,1,11,12,8,2,5,364
3553,SURVIVED
3554,KILLED,220,214,146,336,179,217,215,7,3,10,14,1,11,12,8,2,5,364
3555,KILLED,220,214,146,336,179,217,215,7,3,10,14,1,11,12,8,2,5,364
3556,KILLED,220,214,146,336,179,217,215,7,3,10,14,1,11,12,8,2,5,364
3557,KILLED,220,214,146,336,179,217,215,7,3,10,14,1,11,12,8,2,5,364
3558,KILLED,220,214,146,336,179,217,215,7,3,10,14,1,11,12,8,2,5,364
3559,KILLED,220,214,146,336,179,217,215,1,11,364
3560,KILLED,220,214,146,336,179,217,215,7,3,10,14,1,11,12,8,2,5,364
3561,KILLED,220,214,146,336,179,217,215,7,3,10,14,1,11,12,8,2,5,364
3562,KILLED,220,214,146,336,179,217,215,7,3,10,14,1,11,12,8,2,5,364
3563,KILLED,220,214,146,336,179,217,215,7,3,10,14,1,11,12,8,2,5,364
3564,SURVIVED
3565,KILLED,220,214,146,336,179,217,215,7,3,10,14,1,11,12,8,2,5,364
3566,KILLED,336,179,217,215,7,3,10,14,1,11,12,8,2,5
3567,KILLED,8,2
3568,SURVIVED
3569,KILLED,1
3570,SURVIVED
3571,SURVIVED
3572,SURVIVED
3573,SURVIVED
3574,KILLED,1,11,12,8,2,5
3575,SURVIVED
3576,KILLED,348,262,259,346,260,286,258,220,214,146,336,353,179,217,221,215,7,3,10,14,1,365,11,367,12,8,2,382,384,5,388,400,386,377,381,364,351,368,402
3577,KILLED,348,262,259,346,260,286,220,214,146,336,353,179,217,221,215,7,3,10,14,1,365,11,367,12,8,2,382,384,5,388,400,386,377,381,364,351,368,402
3578,KILLED,348,262,259,346,260,286,220,214,146,336,353,179,217,221,215,7,3,10,14,1,365,11,367,12,8,2,382,384,5,388,400,386,377,381,364,351,368,402
3579,KILLED,221,365,367,382,384,388,400,386,377,381,364,368,402
3580,SURVIVED
3581,KILLED,348,262,259,346,260,286,258,220,214,146,336,353,179,217,221,215,7,3,10,14,1,365,11,367,12,8,2,382,384,5,388,400,386,377,381,364,351,368,402
3582,SURVIVED
3583,KILLED,348,262,259,346,260,286,258,220,214,146,336,353,179,217,221,215,7,3,10,14,1,365,11,367,12,8,2,382,384,5,388,400,386,377,381,364,351,368,402
3584,KILLED,217,215,7,3,10,14,1,11,12,8,2,5
3585,KILLED,348,262,259,346,260,286,258,220,214,336,353,179,217,221,215,7,3,10,14,1,365,11,367,12,8,2,382,384,5,388,400,386,377,381,364,351,368,402
3586,SURVIVED
3587,KILLED,217,215,7,3,10,14,1,11,12,8,2,5
3588,KILLED,217,215,7,3,10,14,1,11,12,8,2,5
3589,SURVIVED
3590,KILLED,146
3591,SURVIVED
3592,SURVIVED
3593,SURVIVED
3594,KILLED,146
3595,KILLED,353,221,1,365,367,382,384,388,400,386,377,381,364,351,368,402
3596,KILLED,348,262,259,346,260,286,258,220,214,146,336,353,179,217,221,215,7,3,10,14,1,365,11,367,12,8,2,382,384,5,388,400,386,377,381,364,351,368,402
3597,KILLED,348,262,259,346,260,286,258,220,214,146,336,353,179,217,221,215,7,3,10,14,1,365,11,367,12,8,2,382,384,5,388,400,386,377,381,364,351,368,402
3598,KILLED,348,262,259,346,260,286,258,220,214,146,336,353,179,217,221,215,7,3,10,14,1,365,11,367,12,8,2,382,384,5,388,400,386,377,381,364,351,368,402
3599,KILLED,348,262,259,346,260,286,258,220,214,146,336,353,179,217,221,215,7,3,10,14,1,365,11,367,12,8,2,382,384,5,388,400,386,377,381,364,351,368,402
3600,SURVIVED
3601,KILLED,220,214,146,336,353,179,217,221,215,7,3,10,14,1,365,11,367,12,8,2,382,384,5,388,400,386,377,381,364,351,368,402
3602,SURVIVED
3603,KILLED,220,214,146,336,179,217,215,7,3,10,14,1,11,12,8,2,5,364
3604,KILLED,146,1,400,402
3605,KILLED,8,2
3606,SURVIVED
3607,SURVIVED
3608,SURVIVED
3609,SURVIVED
3610,SURVIVED
3611,SURVIVED
3612,SURVIVED
3613,SURVIVED
3614,KILLED,1
3615,SURVIVED
3616,SURVIVED
3617,SURVIVED
3618,SURVIVED
3619,KILLED,8,2
3620,KILLED,220,214,146,336,353,179,217,221,215,1,365,11,367,382,384,388,400,386,377,381,364,351,368,402
3621,KILLED,220,214,146,336,353,179,217,221,215,7,3,10,14,1,365,11,367,12,8,2,382,384,5,388,400,386,377,381,364,351,368,402
3622,KILLED,220,214,146,336,353,179,217,221,215,7,3,10,14,1,365,11,367,12,8,2,382,384,5,388,400,386,377,381,364,351,368,402
3623,KILLED,220,214,146,336,353,179,217,221,215,7,3,10,14,1,365,11,367,12,8,2,382,384,5,388,400,386,377,381,364,351,368,402
3624,KILLED,220,214,336,353,179,217,221,215,7,3,10,14,1,365,11,367,12,8,2,382,384,5,388,400,386,377,381,364,351,368,402
3625,KILLED,217,215,7,3,10,14,1,11,12,8,2,5
3626,KILLED,217,215,7,3,10,14,1,11,12,8,2,5
3627,KILLED,220,214,336,353,179,221,365,367,382,384,388,400,386,377,381,364,351,368,402
3628,KILLED,220,214,336,353,179,221,365,367,382,384,388,400,386,377,381,364,351,368,402
3629,KILLED,146
3630,KILLED,146
3631,KILLED,146
3632,KILLED,220,214,146,336,353,179,217,221,215,7,3,10,14,1,365,11,367,12,8,2,382,384,5,388,400,386,377,381,364,351,368,402
3633,KILLED,220,214,146,336,353,179,217,221,215,7,3,10,14,1,365,11,367,12,8,2,382,384,5,388,400,386,377,381,364,351,368,402
3634,KILLED,220,214,146,336,353,179,217,221,215,7,3,10,14,1,365,11,367,12,8,2,382,384,5,388,400,386,377,381,364,351,368,402
3635,KILLED,336,179,217,215,7,3,10,14,1,11,12,8,2,382,384,5,400,386,351,402
3636,KILLED,220,214,146,336,179,217,215,1,11,364
3637,KILLED,220,214,146,336,179,217,215,1,11,364
3638,KILLED,220,214,146,336,179,217,215,1,11,364
3639,KILLED,220,214,146,336,179,217,215,1,11,364
3640,KILLED,220,214,146,336,179,217,215,7,3,10,14,1,11,12,8,2,5,364
3641,KILLED,220,214,146,336,179,217,215,7,3,10,14,1,11,12,8,2,5,364
3642,KILLED,220,214,146,336,179,217,215,7,3,10,14,1,11,12,8,2,5,364
3643,KILLED,220,214,146,336,179,217,215,7,3,10,14,1,11,12,8,2,5,364
3644,KILLED,336,179,217,215,7,3,10,14,1,11,12,8,2,5
3645,KILLED,90,395,394,348,262,259,346,260,286,258,220,214,146,336,353,179,217,221,215,7,3,10,14,1,365,11,367,12,8,2,382,384,5,388,400,386,377,381,364,351,368,402
3646,KILLED,395,394,220,214,146,336,353,179,217,221,215,7,3,10,14,1,365,11,367,12,8,2,382,384,5,388,400,386,377,381,364,351,368,402
3647,KILLED,90,395,394,348,262,259,346,260,286,258,220,214,146,336,353,179,217,221,215,7,3,10,14,1,365,11,367,12,8,2,382,384,5,388,400,386,377,381,364,351,368,402
3648,KILLED,220,214,217,215,7,3,10,14,1,11,12,8,2,5
3649,KILLED,90,395,394,348,262,259,346,260,286,258,146,336,353,179,221,365,367,382,384,388,400,386,377,381,364,351,368,402
3650,KILLED,220,214,217,215,7,3,10,14,1,11,12,8,2,5
3651,KILLED,395,394,146,336,353,179,221,365,367,382,384,388,400,386,377,381,364,351,368,402
3652,KILLED,348,262,259,346,260,286,258,220,214,146,336,353,179,217,221,215,7,3,10,14,1,365,11,367,12,8,2,382,384,5,388,400,386,377,381,364,351,368,402
3653,SURVIVED
3654,SURVIVED
3655,KILLED,1,11,2,5
3656,KILLED,353,221,365,367,382,384,388,400,386,377,381,364,351,368,402
3657,SURVIVED
3658,KILLED,353,221,365,367,382,384,388,400,386,377,381,364,351,368,402
3659,SURVIVED
3660,KILLED,1,11,2,5
3661,KILLED,1,11,2,5
3662,KILLED,353,221,365,367,382,384,388,400,386,377,381,364,351,368,402
3663,KILLED,353,221,1,365,367,382,384,388,400,386,377,381,364,351,368,402
3664,SURVIVED
3665,KILLED,348,262,259,346,260,286,258,220,214,146,336,353,179,217,221,215,7,3,10,14,1,365,11,367,12,8,2,382,384,5,388,400,386,377,381,364,351,368,402
3666,KILLED,348,262,259,346,260,286,258,220,214,146,336,353,179,217,221,215,7,3,10,14,1,365,11,367,12,8,2,382,384,5,388,400,386,377,381,364,351,368,402
3667,KILLED,1,11,2,5
3668,SURVIVED
3669,KILLED,353,221,365,367,382,384,388,400,386,377,381,364,351,368,402
3670,KILLED,353,221,365,367,382,384,388,400,386,377,381,364,351,368,402
3671,SURVIVED
3672,SURVIVED
3673,KILLED,1,11,2,5
3674,SURVIVED
3675,KILLED,1
3676,SURVIVED
3677,SURVIVED
3678,KILLED,353,221,365,367,382,384,388,400,386,377,381,364,351,368,402
3679,KILLED,220,214,146,336,353,179,217,221,215,7,3,10,14,1,365,11,367,12,8,2,382,384,5,388,400,386,377,381,364,351,368,402
3680,KILLED,220,214,146,336,353,179,217,221,215,7,3,10,14,1,365,11,367,12,8,2,382,384,5,388,400,386,377,381,364,351,368,402
3681,SURVIVED
3682,SURVIVED
3683,SURVIVED
3684,SURVIVED
3685,SURVIVED
3686,SURVIVED
3687,NO_COVERAGE
3688,NO_COVERAGE
3689,NO_COVERAGE
3690,NO_COVERAGE
3691,SURVIVED
3692,SURVIVED
3693,KILLED,395,394
3694,KILLED,395,394
3695,KILLED,395,394
3696,KILLED,395,394
3697,SURVIVED
3698,NO_COVERAGE
3699,NO_COVERAGE
3700,NO_COVERAGE
3701,NO_COVERAGE
3702,NO_COVERAGE
3703,NO_COVERAGE
3704,NO_COVERAGE
3705,NO_COVERAGE
3706,SURVIVED
3707,SURVIVED
3708,KILLED,395,394
3709,SURVIVED
3710,SURVIVED
3711,SURVIVED
3712,KILLED,395,394
3713,KILLED,395,394
3714,SURVIVED
3715,SURVIVED
3716,SURVIVED
3717,KILLED,395,394
3718,NO_COVERAGE
3719,NO_COVERAGE
3720,NO_COVERAGE
3721,NO_COVERAGE
3722,NO_COVERAGE
3723,NO_COVERAGE
3724,NO_COVERAGE
3725,NO_COVERAGE
3726,NO_COVERAGE
3727,NO_COVERAGE
3728,NO_COVERAGE
3729,NO_COVERAGE
3730,NO_COVERAGE
3731,NO_COVERAGE
3732,NO_COVERAGE
3733,KILLED,111,109,116,113,114,108,117,115,324,313,303,312,309,318,320,325,323,63,66,301,306,302,317,305,311,329,308,330,314,315,328,327,310,304,322,321,319,307,64,65,326,110
3734,KILLED,111,109,116,114,108,117,115,324,313,303,312,309,318,320,325,323,63,66,301,306,302,317,305,311,329,308,330,314,315,328,327,310,304,322,321,319,307,64,65,326,110
3735,KILLED,109,116,114,108,117,115,320,325,323,63,66,301,306,302,317,305,311,329,308,330,314,315,328,327,310,304,322,321,319,307,64,65,326,110
3736,SURVIVED
3737,NO_COVERAGE
3738,NO_COVERAGE
3739,KILLED,109,116,114,108,117,115,320,325,323,63,66,301,306,302,317,305,311,329,308,330,314,315,328,327,310,304,322,321,319,307,64,65,326,110
3740,KILLED,111,109,116,114,108,117,115,324,313,303,312,309,318,320,325,323,63,66,301,306,302,317,305,311,329,308,330,314,315,328,327,310,304,322,321,319,307,64,65,326,110
3741,KILLED,109,116,114,108,117,115,320,325,323,63,66,301,306,302,317,305,311,329,308,330,314,315,328,327,310,304,322,321,319,307,64,65,326,110
3742,KILLED,111,109,116,113,114,108,117,115,324,313,303,312,309,318,320,325,323,63,66,301,306,302,317,305,311,329,308,330,314,315,328,327,310,304,322,321,319,307,64,65,326,110
3743,SURVIVED
3744,SURVIVED
3745,KILLED,111,109,116,114,108,117,115,324,313,303,312,309,318,320,325,323,63,66,301,306,302,317,305,311,329,308,330,314,315,328,327,310,304,322,321,319,307,64,65,326,110
3746,KILLED,109,116,114,108,117,115,320,325,323,63,66,301,306,302,317,305,311,329,308,330,314,315,328,327,310,304,322,321,319,307,64,65,326,110
3747,NO_COVERAGE
3748,SURVIVED
3749,KILLED,111,109,116,114,108,117,115,324,313,303,312,309,318,320,325,323,63,66,301,306,302,317,305,311,329,308,330,314,315,328,327,310,304,322,321,319,307,64,65,326,110
3750,KILLED,109,116,114,108,117,115,320,325,323,63,66,301,306,302,317,305,311,329,308,330,314,315,328,327,310,304,322,321,319,307,64,65,326,110
3751,SURVIVED
3752,SURVIVED
3753,KILLED,111,109,116,113,114,108,117,115,324,313,303,312,309,318,320,325,323,63,66,301,306,302,317,305,311,329,308,330,314,315,328,327,310,304,322,321,319,307,64,65,326,110
3754,KILLED,111,109,116,114,108,117,115,324,313,303,312,309,318,320,325,323,63,66,301,306,302,317,305,311,329,308,330,314,315,328,327,310,304,322,321,319,307,64,65,326,110
3755,NO_COVERAGE
3756,SURVIVED
3757,TIMED_OUT
3758,KILLED,109,116,114,108,117,115,320,325,323,63,66,301,306,302,317,305,311,329,308,330,314,315,328,327,310,304,322,321,319,307,64,65,326,110
3759,KILLED,109,116,114,108,117,115,320,325,323,63,66,301,306,302,317,305,311,329,308,330,314,315,328,327,310,304,322,321,319,307,64,65,326,110
3760,NO_COVERAGE
3761,KILLED,114,108,117,115,320,325,323,301,306,302,317,305,311,329,315,328,310,304,322,321,307
3762,KILLED,320,325,323,301,306,302,317,305,311,329,308,330,314,315,328,327,310,304,322,321,319,307,326
3763,KILLED,109,116,114,108,117,115,320,325,323,63,66,301,306,302,317,305,311,329,308,330,314,315,328,327,310,304,322,321,319,307,64,65,326,110
3764,KILLED,109,116,114,108,117,115,320,325,323,63,66,301,306,302,317,305,311,329,308,330,314,315,328,327,310,304,322,321,319,307,64,65,326,110
3765,KILLED,109,114,108,117,115,320,325,323,301,306,302,317,305,311,329,308,330,314,315,328,327,310,304,322,321,319,307,326,110
3766,KILLED,109,116,114,108,117,115,320,325,323,63,66,301,306,302,317,305,311,329,308,330,314,315,328,327,310,304,322,321,319,307,64,65,326,110
3767,KILLED,109,116,114,108,117,115,320,325,323,63,66,301,306,302,317,305,311,329,308,330,314,315,328,327,310,304,322,321,319,307,64,65,326,110
3768,KILLED,109,116,114,108
3769,KILLED,109,116,114,108,117,115,320,325,323,63,66,301,306,302,317,305,311,329,308,330,314,315,328,327,310,304,322,321,319,307,64,65,326,110
3770,KILLED,109,116,114,108,117,115,320,325,323,63,66,301,306,302,317,305,311,329,308,330,314,315,328,327,310,304,322,321,319,307,64,65,326,110
3771,KILLED,109,114,108,117,115,320,325,323,301,306,302,317,305,311,329,308,330,314,315,328,327,310,304,322,321,319,307,326,110
3772,KILLED,109,116,114,108,117,115,320,325,323,63,66,301,306,302,317,305,311,329,308,330,314,315,328,327,310,304,322,321,319,307,64,65,326,110
3773,KILLED,109,116,114,108,117,115,320,325,323,63,66,301,306,302,317,305,311,329,308,330,314,315,328,327,310,304,322,321,319,307,64,65,326,110
3774,KILLED,108
3775,KILLED,109,116,114,108,320,325,323,63,66,301,306,302,317,305,311,329,308,330,314,315,328,327,310,304,322,321,319,307,64,65,326,110
3776,KILLED,109,116,114,108,117,115,320,325,323,63,66,301,306,302,317,305,311,329,308,330,314,315,328,327,310,304,322,321,319,307,64,65,326,110
3777,KILLED,117,115
3778,KILLED,320,325,323,301,306,302,317,305,311,329,308,330,314,315,328,327,310,304,322,321,319,307,326
3779,KILLED,109,114,108,117,115,320,325,323,301,306,302,317,305,311,329,308,330,314,315,328,327,310,304,322,321,319,307,326,110
3780,KILLED,109,116,114,108,117,115,320,325,323,63,66,301,306,302,317,305,311,329,308,330,314,315,328,327,310,304,322,321,319,307,64,65,326,110
3781,SURVIVED
3782,SURVIVED
3783,KILLED,109,116,114,108,117,115,320,325,323,63,66,301,306,302,317,305,311,329,308,330,314,315,328,327,310,304,322,321,319,307,64,65,326,110
3784,SURVIVED
3785,KILLED,109,116,114,108,117,115,320,325,323,63,66,301,306,302,317,305,311,329,308,330,314,315,328,327,310,304,322,321,319,307,64,65,326,110
3786,KILLED,109,116,114,108
3787,KILLED,320,325,323,301,306,302,317,305,311,329,308,330,314,315,328,327,310,304,322,321,319,307,326
3788,KILLED,109,116,114,108,110
3789,KILLED,109,116,114,108,320,325,323,301,306,302,317,305,311,329,308,330,314,315,328,327,310,304,322,321,319,307,64,326,110
3790,KILLED,114,108,117,115,320,325,323,301,306,302,317,305,311,329,315,328,310,304,322,321,307
3791,KILLED,114,108,117,115,320,325,323,301,306,302,317,305,311,329,315,328,310,304,322,321,307
3792,TIMED_OUT
3793,SURVIVED
3794,SURVIVED
3795,KILLED,109,116,114,108,320,325,323,301,306,302,317,305,311,329,308,330,314,315,328,327,310,304,322,321,319,307,326,110
3796,KILLED,109,116,114,108
3797,SURVIVED
3798,SURVIVED
3799,KILLED,114,108
3800,KILLED,109,116,114,108,320,325,323,301,306,302,317,305,311,329,308,330,314,315,328,327,310,304,322,321,319,307,64,326,110
3801,KILLED,114,108
3802,SURVIVED
3803,KILLED,63,66,308,330,314,327,322,319,64,65,326
3804,TIMED_OUT
3805,KILLED,109,116,114,108,117,115,320,325,323,63,66,301,306,302,317,305,311,329,308,330,314,315,328,327,310,304,322,321,319,307,64,65,326,110
3806,KILLED,109,116,114,108,117,115,320,325,323,63,66,301,306,302,317,305,311,329,308,330,314,315,328,327,310,304,322,321,319,307,64,65,326,110
3807,KILLED,320,325,323,301,306,302,317,305,311,329,308,330,314,315,328,327,310,304,322,321,319,307,326
3808,KILLED,114,108
3809,KILLED,109,116,114,108,117,115,320,325,323,301,306,302,317,305,311,329,308,330,314,315,328,327,310,304,322,321,319,307,326,110
3810,TIMED_OUT
3811,SURVIVED
3812,KILLED,110
3813,KILLED,109,116,114,108,110
3814,KILLED,114,108
3815,SURVIVED
3816,SURVIVED
3817,KILLED,109,116,114,108,117,115,320,325,323,63,66,301,306,302,317,305,311,329,308,330,314,315,328,327,310,304,322,321,319,307,64,65,326,110
3818,KILLED,109,116,114,108,117,115,320,325,323,63,66,301,306,302,317,305,311,329,308,330,314,315,328,327,310,304,322,321,319,307,64,65,326,110
3819,KILLED,320,325,323,301,306,302,317,305,311,329,308,330,314,315,328,327,310,304,322,321,319,307,326
3820,KILLED,111,324,313,303,312,309,318,308,330,314,327,319,326,110
3821,TIMED_OUT
3822,KILLED,114,108
3823,KILLED,114,108
3824,SURVIVED
3825,SURVIVED
3826,KILLED,114,108
3827,SURVIVED
3828,KILLED,109,116,114,108,320,325,323,301,306,302,317,305,311,329,308,330,314,315,328,327,310,304,322,321,319,307,326,110
3829,KILLED,109,116,114,108
3830,KILLED,320,325,323,301,306,302,317,305,311,329,308,330,314,315,328,327,310,304,322,321,319,307,326
3831,KILLED,111,109,116,114,108,117,115,324,313,303,312,309,318,320,325,323,63,66,301,306,302,317,305,311,329,308,330,314,315,328,327,310,304,322,321,319,307,64,65,326,110
3832,KILLED,111,109,116,114,108,117,115,324,313,303,312,309,318,320,325,323,63,66,301,306,302,317,305,311,329,308,330,314,315,328,327,310,304,322,321,319,307,64,65,326,110
3833,KILLED,111,109,116,114,108,117,115,324,313,303,312,309,318,320,325,323,63,66,301,306,302,317,305,311,329,308,330,314,315,328,327,310,304,322,321,319,307,64,65,326,110
3834,SURVIVED
3835,SURVIVED
3836,SURVIVED
3837,KILLED,308,330,314,327,322,319,326
3838,KILLED,111,109,116,114,108,117,115,324,313,303,312,309,318,320,325,323,63,66,301,306,302,317,305,311,329,308,330,314,315,328,327,310,304,322,321,319,307,64,65,326,110
3839,NO_COVERAGE
3840,KILLED,109,116,114,108,117,115,320,325,323,63,66,301,306,302,317,305,311,329,308,330,314,315,328,327,310,304,322,321,319,307,64,65,326,110
3841,KILLED,109,116,114,108,117,115,320,325,323,63,66,301,306,302,317,305,311,329,308,330,314,315,328,327,310,304,322,321,319,307,64,65,326,110
3842,SURVIVED
3843,KILLED,308,330,314,327,322,319,326
3844,KILLED,63,66,308,330,314,327,322,319,64,65,326
3845,KILLED,111,109,116,114,108,117,115,324,313,303,312,309,318,320,325,323,63,66,301,306,302,317,305,311,329,308,330,314,315,328,327,310,304,322,321,319,307,64,65,326,110
3846,KILLED,109,116,114,108,117,115,320,325,323,63,66,301,306,302,317,305,311,329,308,330,314,315,328,327,310,304,322,321,319,307,64,65,326,110
3847,KILLED,111
3848,KILLED,327,322
3849,KILLED,109,116,114,108,320,325,323,301,306,302,317,305,311,329,308,330,314,315,328,327,310,304,322,321,319,307,64,326,110
3850,KILLED,111,324,313,303,312,309,318
3851,KILLED,327,322
3852,KILLED,109,116,114,108,117,115,320,325,323,63,66,301,306,302,317,305,311,329,308,330,314,315,328,327,310,304,322,321,319,307,64,65,326,110
3853,KILLED,111,114,108,324,313,303,312,309,318,110
3854,KILLED,111,324,313,303,312,309,318,322
3855,KILLED,111,324,313,303,312,309,318
3856,KILLED,330,319,326,110
3857,KILLED,63,66,308,330,314,327,322,319,64,65,326
3858,KILLED,63,66,308,330,314,327,322,319,64,65,326
3859,KILLED,111,109,116,114,108,117,115,320,325,323,63,66,301,306,302,317,305,311,329,308,330,314,315,328,327,310,304,322,321,319,307,64,65,326,110
3860,KILLED,111,324,313,303,312,309,318,327,322
3861,KILLED,111,109,116,114,108,117,115,324,313,303,312,309,318,320,325,323,63,66,301,306,302,317,305,311,329,308,330,314,315,328,327,310,304,322,321,319,307,64,65,326,110
3862,KILLED,111,324,313,303,312,309,318,327,322
3863,KILLED,111,324,313,303,312,309,318,308,330,314,327,322,319,326
3864,TIMED_OUT
3865,KILLED,111,324,313,303,312,309,318,330,319,326,110
3866,SURVIVED
3867,SURVIVED
3868,KILLED,109,116,114,108,117,115,320,325,323,63,66,301,306,302,317,305,311,329,308,330,314,315,328,327,310,304,322,321,319,307,64,65,326,110
3869,KILLED,109,116,114,108,117,115,320,325,323,63,66,301,306,302,317,305,311,329,308,330,314,315,328,327,310,304,322,321,319,307,64,65,326,110
3870,KILLED,308,330,314,327,322,319,326
3871,KILLED,114,108,308,330,314,327,322,319,326,110
3872,TIMED_OUT
3873,KILLED,308,330,314,327,322,319,326
3874,KILLED,109,116,114,108,117,115,320,325,323,63,66,301,306,302,317,305,311,329,308,330,314,315,328,327,310,304,322,321,319,307,64,65,326,110
3875,KILLED,109,116,114,108,117,115,320,325,323,63,66,301,306,302,317,305,311,329,308,330,314,315,328,327,310,304,322,321,319,307,64,65,326,110
3876,KILLED,111,324,313,303,312,309,318,330,319,326,110
3877,KILLED,111,324,313,303,312,309,318,330,319,326,110
3878,SURVIVED
3879,SURVIVED
3880,KILLED,111
3881,KILLED,111,324,313,303,312,309,318
3882,TIMED_OUT
3883,SURVIVED
3884,SURVIVED
3885,KILLED,308,330,314,327,322,319,326
3886,KILLED,327,322
3887,KILLED,327,322
3888,KILLED,111,324,313,303,312,309,318,308,330,314,327,322,319,326
3889,SURVIVED
3890,KILLED,109,116,114,108,117,115,320,325,323,63,66,301,306,302,317,305,311,329,308,330,314,315,328,327,310,304,322,321,319,307,64,65,326,110
3891,SURVIVED
3892,KILLED,308,330,314,327,322,319,326
3893,KILLED,111,109,116,114,108,117,115,324,313,303,312,309,318,320,325,323,63,66,301,306,302,317,305,311,329,308,330,314,315,328,327,310,304,322,321,319,307,64,65,326,110
3894,KILLED,111,109,116,114,108,117,115,324,313,303,312,309,318,320,325,323,63,66,301,306,302,317,305,311,329,308,330,314,315,328,327,310,304,322,321,319,307,64,65,326,110
3895,KILLED,111,109,116,114,108,117,115,324,313,303,312,309,318,320,325,323,63,66,301,306,302,317,305,311,329,308,330,314,315,328,327,310,304,322,321,319,307,64,65,326,110
3896,SURVIVED
3897,SURVIVED
3898,KILLED,109,116,114,108,117,115,320,325,323,63,66,301,306,302,317,305,311,329,308,330,314,315,328,327,310,304,322,321,319,307,64,65,326,110
3899,KILLED,114,108,110
3900,KILLED,109,116,114,108,117,115,320,325,323,63,66,301,306,302,317,305,311,329,308,330,314,315,328,327,310,304,322,321,319,307,64,65,326,110
3901,KILLED,109,116,114,108,117,115,320,325,323,63,66,301,306,302,317,305,311,329,308,330,314,315,328,327,310,304,322,321,319,307,64,65,326,110
3902,KILLED,109,116,114,108,117,115,320,325,323,63,66,301,306,302,317,305,311,329,308,330,314,315,328,327,310,304,322,321,319,307,64,65,326,110
3903,KILLED,111,109,116,114,108,117,115,324,313,303,312,309,318,320,325,323,63,66,301,306,302,317,305,311,329,308,330,314,315,328,327,310,304,322,321,319,307,64,65,326,110
3904,KILLED,111,109,116,114,108,117,115,324,313,303,312,309,318,320,325,323,63,66,301,306,302,317,305,311,329,308,330,314,315,328,327,310,304,322,321,319,307,64,65,326,110
3905,TIMED_OUT
3906,TIMED_OUT
3907,SURVIVED
3908,KILLED,308,330,314,327,322,319,326
3909,KILLED,308,330,314,327,322,319,326
3910,TIMED_OUT
3911,NO_COVERAGE
3912,SURVIVED
3913,KILLED,111,109,116,114,108,117,115,324,313,303,312,309,318,320,325,323,63,66,301,306,302,317,305,311,329,308,330,314,315,328,327,310,304,322,321,319,307,64,65,326,110
3914,SURVIVED
3915,SURVIVED
3916,SURVIVED
3917,KILLED,111,109,116,114,108,117,115,324,313,303,312,309,318,320,325,323,63,66,301,306,302,317,305,311,329,308,330,314,315,328,327,310,304,322,321,319,307,64,65,326,110
3918,SURVIVED
3919,NO_COVERAGE
3920,SURVIVED
3921,SURVIVED
3922,KILLED,114,108
3923,KILLED,114,108
3924,KILLED,114,108
3925,KILLED,114,108
3926,KILLED,114,108
3927,SURVIVED
3928,SURVIVED
3929,SURVIVED
3930,KILLED,109,116,114,108,313,303,312,309,318,308,330,314,319,326,110
3931,KILLED,109,116,114,108,313,303,312,309,318,308,330,314,319,326,110
3932,KILLED,111,109,116,114,108,117,115,324,313,303,312,309,318,320,325,323,63,66,301,306,302,317,305,311,329,308,330,314,315,328,327,310,304,322,321,319,307,64,65,326,110
3933,KILLED,109,116,114,108,313,303,312,309,318,308,330,314,319,326,110
3934,KILLED,111,109,116,114,108,117,115,324,313,303,312,309,318,320,325,323,63,66,301,306,302,317,305,311,329,308,330,314,315,328,327,310,304,322,321,319,307,64,65,326,110
3935,KILLED,111,109,116,114,108,117,115,324,313,303,312,309,318,320,325,323,63,66,301,306,302,317,305,311,329,308,330,314,315,328,327,310,304,322,321,319,307,64,65,326,110
3936,KILLED,109,116,114,108,313,303,312,309,318,308,330,314,319,326,110
3937,KILLED,111,109,116,114,108,117,115,324,313,303,312,309,318,320,325,323,63,66,301,306,302,317,305,311,329,308,330,314,315,328,327,310,304,322,321,319,307,64,65,326,110
3938,KILLED,109,116,114,108,313,303,312,309,318,308,330,314,319,326,110
3939,KILLED,111,109,116,114,108,117,115,324,313,303,312,309,318,320,325,323,63,66,301,306,302,317,305,311,329,308,330,314,315,328,327,310,304,322,321,319,307,64,65,326,110
3940,KILLED,109,116,114,108,117,115,320,325,323,301,306,302,317,305,311,329,308,330,314,315,328,327,310,304,322,321,319,307,326
3941,KILLED,111,109,116,114,108,117,115,324,313,303,312,309,318,320,325,323,63,66,301,306,302,317,305,311,329,308,330,314,315,328,327,310,304,322,321,319,307,64,65,326,110
3942,KILLED,107
3943,KILLED,107,161
3944,KILLED,107,161
3945,KILLED,107
3946,SURVIVED
3947,KILLED,107,160,133,162,393,383,159,128,397
3948,KILLED,107,161
3949,KILLED,107,161
3950,KILLED,107,160,133,162,393,383,159,128,397
3951,KILLED,107,160,161,133,162,393,383,159,128,397
3952,KILLED,107,160,133,162,393,383,159,128,397
3953,KILLED,107,161
3954,KILLED,107
3955,KILLED,107,160,133,162,393,383,159,128,397
3956,KILLED,107,161
3957,KILLED,107,161
3958,KILLED,107
3959,KILLED,107,160,133,162,393,383,159,128,397
3960,KILLED,107,161
3961,TIMED_OUT
3962,NO_COVERAGE
3963,KILLED,320,325,323,301,306,302,317,305,311,329,308,330,314,315,328,327,310,304,322,321,319,307,326
3964,KILLED,320,325,323,301,306,302,317,305,311,329,308,330,314,315,328,310,304,322,321,319,307,326
3965,SURVIVED
3966,KILLED,320,325,323,301,306,302,317,305,311,329,308,330,314,315,328,327,310,304,322,321,319,307,326
3967,KILLED,320,325,323,301,306,302,317,305,311,329,308,330,314,315,328,327,310,304,322,321,319,307,326
3968,KILLED,327
3969,KILLED,327
3970,KILLED,327
3971,KILLED,327
3972,KILLED,109,116,114,108,327
3973,NO_COVERAGE
3974,KILLED,109,116,114,108,327
3975,TIMED_OUT
3976,SURVIVED
3977,KILLED,109,116,114,108,327
3978,TIMED_OUT
3979,SURVIVED
3980,KILLED,111,109,116,113,114,108,117,115,320,325,323,63,66,301,306,302,317,305,311,329,308,330,314,315,328,327,310,304,322,321,319,307,64,65,326,110
3981,KILLED,111,109,116,113,114,108,117,115,320,325,323,63,66,301,306,302,317,305,311,329,308,330,314,315,328,327,310,304,322,321,319,307,64,65,326,110
3982,KILLED,111,109,116,113,114,108,117,115,320,325,323,63,66,301,306,302,317,305,311,329,308,330,314,315,328,327,310,304,322,321,319,307,64,65,326,110
3983,KILLED,111,109,116,113,114,108,117,115,320,325,323,63,66,301,306,302,317,305,311,329,308,330,314,315,328,327,310,304,322,321,319,307,64,65,326,110
3984,KILLED,111,109,116,113,114,108,117,115,313,303,312,309,318,320,325,323,63,66,301,306,302,317,305,311,329,308,330,314,315,328,327,310,304,322,321,319,307,64,65,326,110
3985,KILLED,111,109,116,113,114,108,117,115,320,325,323,63,66,301,306,302,317,305,311,329,308,330,314,315,328,327,310,304,322,321,319,307,64,65,326,110
3986,KILLED,111,109,116,113,114,108,117,115,313,303,312,309,318,320,325,323,63,66,301,306,302,317,305,311,329,308,330,314,315,328,327,310,304,322,321,319,307,64,65,326,110
3987,KILLED,313,303,312,309,318,308,330,314,327,319,326
3988,KILLED,111,109,116,113,114,108,117,115,320,325,323,63,66,301,306,302,317,305,311,329,308,330,314,315,328,327,310,304,322,321,319,307,64,65,326,110
3989,KILLED,313,303,312,309,318,308,330,314,327,319,326
3990,KILLED,111,109,116,113,114,108,117,115,320,325,323,63,66,301,306,302,317,305,311,329,308,330,314,315,328,327,310,304,322,321,319,307,64,65,326,110
3991,TIMED_OUT
3992,KILLED,111,109,116,113,114,108,117,115,313,303,312,309,318,320,325,323,63,66,301,306,302,317,305,311,329,308,330,314,315,328,327,310,304,322,321,319,307,64,65,326,110
3993,KILLED,111,109,116,113,114,108,117,115,320,325,323,63,66,301,306,302,317,305,311,329,308,330,314,315,328,327,310,304,322,321,319,307,64,65,326,110
3994,TIMED_OUT
3995,NO_COVERAGE
3996,NO_COVERAGE
3997,NO_COVERAGE
3998,NO_COVERAGE
3999,NO_COVERAGE
4000,NO_COVERAGE
4001,NO_COVERAGE
4002,KILLED,303,330,319
4003,KILLED,111,324,313,303,312,309,318,308,330,314,327,319,326,110
4004,KILLED,111,324,313,303,312,309,318,308,330,314,327,319,326,110
4005,KILLED,111,324,313,303,312,309,318,308,330,314,327,319,326,110
4006,SURVIVED
4007,KILLED,111,324,313,303,312,309,318,308,330,314,327,319,326,110
4008,KILLED,313,303,312,318,319,326
4009,KILLED,111,324,313,303,312,309,318,308,330,314,327,319,326,110
4010,KILLED,313,303,312,309,318,308,330,314,327,319,326
4011,KILLED,313,303,312,309,318,308,330,314,327,319,326,110
4012,KILLED,313,303,312,309,318,308,330,314,327,319,326
4013,KILLED,313,303,312,309,318,308,330,314,327,319,326,110
4014,KILLED,111,324,313,303,312,309,318,308,330,314,327,319,326,110
4015,KILLED,111,324,313,303,312,309,318,308,330,314,327,319,326,110
4016,KILLED,111,324,313,303,312,309,318,308,330,314,327,319,326
4017,KILLED,111,324,313,303,312,309,318,308,330,314,327,319,326,110
4018,KILLED,111,324,313,303,312,309,318,308,330,314,327,319,326,110
4019,KILLED,111,324,313,303,312,309,318,308,330,314,327,319,326,110
4020,KILLED,313,303,312,309,318,308,330,314,327,319,326,110
4021,KILLED,313,303,312,309,318,308,330,314,327,319,326
4022,KILLED,111,324,313,303,312,309,318,308,330,314,327,319,326,110
4023,KILLED,111,324,313,303,312,309,318,308,330,314,327,319,326,110
4024,KILLED,111,324,313,303,312,309,318,308,330,314,327,319,326,110
4025,KILLED,111,324,313,303,312,309,318,308,330,314,327,319,326,110
4026,KILLED,111,324,313,303,312,309,318,308,330,314,327,319,326,110
4027,KILLED,113,114,108,110
4028,KILLED,114,108,110
4029,NO_COVERAGE
4030,KILLED,114,108,110
4031,KILLED,114,108,110
4032,KILLED,114,108,110
4033,KILLED,114,108,110
4034,KILLED,113,114,108,110
4035,SURVIVED
4036,KILLED,114,108,110
4037,KILLED,114,108,110
4038,KILLED,113,114,108,110
4039,KILLED,113,114,108,110
4040,KILLED,113,114,108,110
4041,KILLED,113,114,108,110
4042,SURVIVED
4043,KILLED,113,114,108,110
4044,KILLED,113,114,108,110
4045,KILLED,113,114,108,110
4046,SURVIVED
4047,KILLED,113,114,108,110
4048,KILLED,113,114,108,110
4049,KILLED,113,114,108,110
4050,KILLED,113,114,108,110
4051,KILLED,114,108,110
4052,KILLED,113,114,108,110
4053,SURVIVED
4054,KILLED,114,108,110
4055,KILLED,113,114,108,110
4056,KILLED,113,114,108,110
4057,SURVIVED
4058,SURVIVED
4059,KILLED,114,108,110
4060,SURVIVED
4061,KILLED,113,114,108,110
4062,SURVIVED
4063,KILLED,114,108,110
4064,KILLED,113,114,108,110
4065,KILLED,114,108,110
4066,KILLED,114,108,110
4067,SURVIVED
4068,KILLED,327
4069,KILLED,327
4070,SURVIVED
4071,KILLED,327
4072,NO_COVERAGE
4073,NO_COVERAGE
4074,KILLED,111,109,116,114,108,117,115,324,313,303,312,309,318,320,325,323,63,66,301,306,302,317,305,311,329,308,330,314,315,328,327,310,304,322,321,319,307,64,65,326,110
4075,KILLED,111,109,116,114,108,117,115,324,313,303,312,309,318,320,325,323,63,66,301,306,302,317,305,311,329,308,330,314,315,328,327,310,304,322,321,319,307,64,65,326,110
4076,KILLED,327
4077,KILLED,327
4078,KILLED,111,109,116,114,108,313,303,312,309,318,63,66,308,330,314,327,319,64,65,326,110
4079,KILLED,111,109,116,114,108,327,110
4080,NO_COVERAGE
4081,NO_COVERAGE
4082,KILLED,111,109,116,114,108,117,115,324,313,303,312,309,318,320,325,323,63,66,301,306,302,317,305,311,329,308,330,314,315,328,327,310,304,322,321,319,307,64,65,326,110
4083,KILLED,111,109,116,114,108,117,115,324,313,303,312,309,318,320,325,323,63,66,301,306,302,317,305,311,329,308,330,314,315,328,327,310,304,322,321,319,307,64,65,326,110
4084,NO_COVERAGE
4085,NO_COVERAGE
4086,NO_COVERAGE
4087,NO_COVERAGE
4088,KILLED,109,116,114,108,324,313,303,312,309,318,320,325,323,63,66,301,306,302,317,305,311,329,308,330,314,315,328,327,310,304,322,321,319,307,64,65,326
4089,NO_COVERAGE
4090,NO_COVERAGE
4091,NO_COVERAGE
4092,NO_COVERAGE
4093,NO_COVERAGE
4094,NO_COVERAGE
4095,NO_COVERAGE
4096,NO_COVERAGE
4097,NO_COVERAGE
4098,KILLED,111,109,116,114,108,117,115,324,313,303,312,309,318,320,325,323,63,66,301,306,302,317,305,311,329,308,330,314,315,328,327,310,304,322,321,319,307,64,65,326,110
4099,KILLED,111,109,116,114,108,117,115,324,313,303,312,309,318,320,325,323,63,66,301,306,302,317,305,311,329,308,330,314,315,328,327,310,304,322,321,319,307,64,65,326,110
4100,KILLED,111,109,116,114,108,117,115,324,313,303,312,309,318,320,325,323,63,66,301,306,302,317,305,311,329,308,330,314,315,328,327,310,304,322,321,319,307,64,65,326,110
4101,KILLED,327
4102,KILLED,327
4103,KILLED,111,109,116,114,108,313,303,312,309,318,63,66,308,330,314,327,319,64,65,326,110
4104,KILLED,111,109,116,114,108,327,110
4105,KILLED,114,108,63,66,308,330,314,327,322,319,64,65,326,110
4106,KILLED,313,303,312,309,318,308,330,314,327,319,326
4107,KILLED,111,109,116,114,108,117,115,324,313,303,312,309,318,320,325,323,63,66,301,306,302,317,305,311,329,308,330,314,315,328,327,310,304,322,321,319,307,64,65,326,110
4108,KILLED,111,109,116,114,108,117,115,324,313,303,312,309,318,320,325,323,63,66,301,306,302,317,305,311,329,308,330,314,315,328,327,310,304,322,321,319,307,64,65,326,110
4109,KILLED,111,109,116,114,108,117,115,324,313,303,312,309,318,320,325,323,63,66,301,306,302,317,305,311,329,308,330,314,315,328,327,310,304,322,321,319,307,64,65,326,110
4110,KILLED,324,313,303,312,309,308,330,314,327,319
4111,KILLED,111,109,116,114,108,117,115,324,313,303,312,309,318,320,325,323,63,66,301,306,302,317,305,311,329,308,330,314,315,328,327,310,304,322,321,319,307,64,65,326,110
4112,KILLED,111,109,116,114,108,117,115,324,313,303,312,309,318,320,325,323,63,66,301,306,302,317,305,311,329,308,330,314,315,328,327,310,304,322,321,319,307,64,65,326,110
4113,KILLED,111,109,116,114,108,117,115,324,313,303,312,309,318,320,325,323,63,66,301,306,302,317,305,311,329,308,330,314,315,328,327,310,304,322,321,319,307,64,65,326,110
4114,KILLED,109,116,114,108,324,313,303,312,309,318,320,325,323,63,66,301,306,302,317,305,311,329,308,330,314,315,328,327,310,304,322,321,319,307,64,65,326
4115,KILLED,111,109,116,114,108,117,115,324,313,303,312,309,318,320,325,323,63,66,301,306,302,317,305,311,329,308,330,314,315,328,327,310,304,322,321,319,307,64,65,326,110
4116,SURVIVED
4117,KILLED,111,109,116,114,108,117,115,324,313,303,312,309,318,320,325,323,63,66,301,306,302,317,305,311,329,308,330,314,315,328,327,310,304,322,321,319,307,64,65,326,110
4118,SURVIVED
4119,SURVIVED
4120,KILLED,111,109,116,114,108,313,303,312,309,318,63,66,308,330,314,327,319,64,65,326,110
4121,KILLED,111,109,116,114,108,110
4122,KILLED,109,116,114,108,117,115,320,325,323,63,66,301,306,302,317,305,311,329,308,330,314,315,328,327,310,304,322,321,319,307,64,65,326,110
4123,KILLED,313,303,312,309,318,308,330,314,327,319,326
4124,KILLED,109,116,114,108,117,115,324,313,303,312,309,318,320,325,323,301,306,302,317,305,311,329,308,330,314,315,328,327,310,304,322,321,319,307,326
4125,KILLED,109,116,114,108,117,115,320,325,323,301,306,302,317,305,311,329,315,328,310,304,322,321,307
4126,KILLED,308,330,314,327,319,326
4127,KILLED,111,324,313,303,312,309,318,308,330,314,327,319,326,110
4128,KILLED,320,325,323,301,306,302,317,305,311,329,308,330,314,315,328,310,304,322,321,319,307,326
4129,SURVIVED
4130,KILLED,324
4131,KILLED,313,303,312,309,318,308,330,314,327,319,326
4132,KILLED,313,303,312,309,318,308,330,314,327,319,326
4133,KILLED,324
4134,SURVIVED
4135,KILLED,313,303,312,309,318,308,330,314,327,319,326
4136,SURVIVED
4137,KILLED,111,109,116,114,108,117,115,324,313,303,312,309,318,320,325,323,63,66,301,306,302,317,305,311,329,308,330,314,315,328,327,310,304,322,321,319,307,64,65,326,110
4138,KILLED,111,109,116,114,108,117,115,324,313,303,312,309,318,320,325,323,63,66,301,306,302,317,305,311,329,308,330,314,315,328,327,310,304,322,321,319,307,64,65,326,110
4139,SURVIVED
4140,KILLED,114,108,313,303,312,309,318,63,66,308,330,314,327,322,319,64,65,326,110
4141,KILLED,111,109,116,114,108,117,115,324,313,303,312,309,318,320,325,323,63,66,301,306,302,317,305,311,329,308,330,314,315,328,327,310,304,322,321,319,307,64,65,326,110
4142,KILLED,111,109,116,114,108,117,115,324,313,303,312,309,318,320,325,323,63,66,301,306,302,317,305,311,329,308,330,314,315,328,327,310,304,322,321,319,307,64,65,326,110
4143,KILLED,111,109,116,114,108,117,115,324,313,303,312,309,318,320,325,323,63,66,301,306,302,317,305,311,329,308,330,314,315,328,327,310,304,322,321,319,307,64,65,326,110
4144,KILLED,111,313,303,312,309,318,308,330,314,327,319,326
4145,KILLED,327
4146,KILLED,111,109,116,114,108,117,115,324,313,303,312,309,318,320,325,323,63,66,301,306,302,317,305,311,329,308,330,314,315,328,327,310,304,322,321,319,307,64,65,326,110
4147,KILLED,111,109,116,114,108,117,115,324,313,303,312,309,318,320,325,323,63,66,301,306,302,317,305,311,329,308,330,314,315,328,327,310,304,322,321,319,307,64,65,326,110
4148,KILLED,111,109,116,114,108,117,115,324,313,303,312,309,318,320,325,323,63,66,301,306,302,317,305,311,329,308,330,314,315,328,327,310,304,322,321,319,307,64,65,326,110
4149,KILLED,111,109,116,114,108,117,115,324,313,303,312,309,318,320,325,323,63,66,301,306,302,317,305,311,329,308,330,314,315,328,327,310,304,322,321,319,307,64,65,326,110
4150,KILLED,111,109,116,114,108,117,115,324,313,303,312,309,318,320,325,323,63,66,301,306,302,317,305,311,329,308,330,314,315,328,327,310,304,322,321,319,307,64,65,326,110
4151,KILLED,111,109,116,114,108,117,115,324,313,303,312,309,318,320,325,323,63,66,301,306,302,317,305,311,329,308,330,314,315,328,327,310,304,322,321,319,307,64,65,326,110
4152,KILLED,111,109,116,114,108,117,115,324,313,303,312,309,318,320,325,323,63,66,301,306,302,317,305,311,329,308,330,314,315,328,327,310,304,322,321,319,307,64,65,326,110
4153,KILLED,327
4154,KILLED,327
4155,KILLED,327
4156,KILLED,327
4157,KILLED,327
4158,KILLED,327
4159,KILLED,111,109,116,114,108,313,303,312,309,318,63,66,308,330,314,327,319,64,65,326,110
4160,KILLED,111,109,116,114,108,313,303,312,309,318,63,66,308,330,314,327,319,64,65,326,110
4161,KILLED,111,109,116,114,108,313,303,312,309,318,63,66,308,330,314,327,319,64,65,326,110
4162,KILLED,111,109,116,114,108,327,110
4163,KILLED,111,109,116,114,108,327
4164,KILLED,111,109,116,114,108,327
4165,NO_COVERAGE
4166,NO_COVERAGE
4167,KILLED,109,116,114,108,117,115,324,313,303,312,309,318,320,325,323,301,306,302,317,305,311,329,308,330,314,315,328,327,310,304,322,321,319,307,326
4168,KILLED,111,109,116,114,108,117,115,324,313,303,312,309,318,320,325,323,63,66,301,306,302,317,305,311,329,308,330,314,315,328,327,310,304,322,321,319,307,64,65,326,110
4169,KILLED,111,324,313,303,312,309,318,308,330,314,327,319,326
4170,KILLED,111,109,116,114,108,324,313,303,312,309,318,320,325,323,301,306,302,317,305,311,329,308,330,314,315,328,327,310,304,322,321,319,307,326
4171,KILLED,324,313,303,312,309,318,308,330,314,327,319,326,110
4172,KILLED,313,303,312,309,318,308,330,314,327,319,326
4173,KILLED,111,324,313,303,312,309,318,308,330,314,327,319,326,110
4174,KILLED,111,109,116,114,108,117,115,324,313,303,312,309,318,320,325,323,63,66,301,306,302,317,305,311,329,308,330,314,315,328,327,310,304,322,321,319,307,64,65,326,110
4175,KILLED,111,109,116,114,108,117,115,324,313,303,312,309,318,320,325,323,63,66,301,306,302,317,305,311,329,308,330,314,315,328,327,310,304,322,321,319,307,64,65,326,110
4176,KILLED,111,109,116,114,108,117,115,324,313,303,312,309,318,320,325,323,63,66,301,306,302,317,305,311,329,308,330,314,315,328,327,310,304,322,321,319,307,64,65,326,110
4177,KILLED,111,324,313,303,312,309,318,308,330,314,327,319,326,110
4178,KILLED,111,313,303,312,309,318,308,330,314,327,319,326
4179,KILLED,111,313,303,312,309,318,308,330,314,327,319,326
4180,KILLED,327
4181,KILLED,327
4182,KILLED,111,109,116,114,108,324,313,303,312,309,318,320,325,323,63,66,301,306,302,317,305,311,329,308,330,314,315,328,327,310,304,322,321,319,307,64,65,326,110
4183,KILLED,327
4184,KILLED,327
4185,KILLED,327
4186,KILLED,327
4187,KILLED,327
4188,KILLED,327
4189,KILLED,327
4190,KILLED,327
4191,KILLED,327
4192,KILLED,327
4193,KILLED,327
4194,KILLED,327
4195,KILLED,111,109,116,114,108,313,303,312,309,318,63,66,308,330,314,327,319,64,65,326,110
4196,KILLED,111,109,116,114,108,313,303,312,309,318,63,66,308,330,314,327,319,64,65,326
4197,KILLED,111,109,116,114,108,313,303,312,309,318,63,66,308,330,314,327,319,64,65,326,110
4198,KILLED,111,109,116,114,108,313,303,312,309,318,63,66,308,330,314,327,319,64,65,326,110
4199,KILLED,111,109,116,114,108,313,303,312,309,318,63,66,308,330,314,327,319,64,65,326,110
4200,SURVIVED
4201,KILLED,111,109,116,114,108,327,110
4202,KILLED,111,109,116,114,108,327
4203,KILLED,111,109,116,114,108,327
4204,KILLED,111,109,116,114,108,327
4205,KILLED,111,109,116,114,108,327
4206,KILLED,327
4207,NO_COVERAGE
4208,NO_COVERAGE
4209,NO_COVERAGE
4210,NO_COVERAGE
4211,NO_COVERAGE
4212,KILLED,111,324,313,303,312,309,318,308,330,314,327,319,326,110
4213,KILLED,109,116,114,108,320,325,323,301,306,302,317,305,311,329,308,330,314,315,328,327,310,304,322,321,319,307,326
4214,SURVIVED
4215,KILLED,313,303,312,309,318,308,330,314,327,319,326
4216,KILLED,327
4217,KILLED,111,109,116,114,108,117,115,324,313,303,312,309,318,320,325,323,63,66,301,306,302,317,305,311,329,308,330,314,315,328,327,310,304,322,321,319,307,64,65,326,110
4218,SURVIVED
4219,SURVIVED
4220,SURVIVED
4221,SURVIVED
4222,KILLED,111,109,116,114,108,117,115,324,313,303,312,309,318,320,325,323,63,66,301,306,302,317,305,311,329,308,330,314,315,328,327,310,304,322,321,319,307,64,65,326,110
4223,KILLED,111,109,116,114,108,117,115,324,313,303,312,309,318,320,325,323,63,66,301,306,302,317,305,311,329,308,330,314,315,328,327,310,304,322,321,319,307,64,65,326,110
4224,KILLED,111,109,116,114,108,117,115,324,313,303,312,309,318,320,325,323,63,66,301,306,302,317,305,311,329,308,330,314,315,328,327,310,304,322,321,319,307,64,65,326,110
4225,SURVIVED
4226,SURVIVED
4227,KILLED,327
4228,SURVIVED
4229,KILLED,327
4230,SURVIVED
4231,KILLED,111,109,116,114,108,313,303,312,309,318,63,66,308,330,314,327,319,64,65,326,110
4232,SURVIVED
4233,KILLED,111,109,116,114,108,327
4234,KILLED,109,116,114,108,117,115,320,325,323,63,66,301,306,302,317,305,311,329,315,328,310,304,322,321,307,64,65
4235,KILLED,308,330,314,327,319,326
4236,KILLED,109,116,114,108,320,325,323,301,306,302,317,305,311,329,308,330,314,315,328,327,310,304,322,321,319,307,326
4237,KILLED,324,110
4238,KILLED,313,303,312,309,318,308,330,314,327,319,326
4239,KILLED,111,324,313,303,312,309,318,308,330,314,319,326,110
4240,KILLED,111,109,116,114,108,117,115,324,313,303,312,309,318,320,325,323,63,66,301,306,302,317,305,311,329,308,330,314,315,328,327,310,304,322,321,319,307,64,65,326,110
4241,KILLED,111,313,303,312,309,318,308,330,314,327,319,326
4242,KILLED,327
4243,KILLED,111,109,116,114,108,117,115,324,313,303,312,309,318,320,325,323,63,66,301,306,302,317,305,311,329,308,330,314,315,328,327,310,304,322,321,319,307,64,65,326,110
4244,KILLED,111,109,116,114,108,117,115,324,313,303,312,309,318,320,325,323,63,66,301,306,302,317,305,311,329,308,330,314,315,328,327,310,304,322,321,319,307,64,65,326,110
4245,KILLED,111,109,116,114,108,117,115,324,313,303,312,309,318,320,325,323,63,66,301,306,302,317,305,311,329,308,330,314,315,328,327,310,304,322,321,319,307,64,65,326,110
4246,SURVIVED
4247,SURVIVED
4248,KILLED,111,109,116,114,108,117,115,324,313,303,312,309,318,320,325,323,63,66,301,306,302,317,305,311,329,308,330,314,315,328,327,310,304,322,321,319,307,64,65,326,110
4249,KILLED,327
4250,KILLED,327
4251,KILLED,327
4252,KILLED,327
4253,KILLED,111,109,116,114,108,313,303,312,309,318,63,66,308,330,314,327,319,64,65,326,110
4254,KILLED,313,303,312,309,318,308,330,314,327,319,326
4255,KILLED,111,109,116,114,108,327,110
4256,KILLED,327
4257,KILLED,111,324,313,303,312,309,318,308,330,314,327,319,326,110
4258,KILLED,111,324,313,303,312,309,318,308,330,314,327,319,326,110
4259,KILLED,111,324,313,303,312,309,318,308,330,314,327,319,326,110
4260,KILLED,313,303,312,309,318,308,330,314,327,319,326
4261,KILLED,313,303,312,309,318,308,330,314,327,319,326
4262,KILLED,327
4263,KILLED,111,109,116,114,108,117,115,324,313,303,312,309,318,320,325,323,63,66,301,306,302,317,305,311,329,308,330,314,315,328,327,310,304,322,321,319,307,64,65,326,110
4264,KILLED,111,109,116,114,108,117,115,324,313,303,312,309,318,320,325,323,63,66,301,306,302,317,305,311,329,308,330,314,315,328,327,310,304,322,321,319,307,64,65,326,110
4265,KILLED,327
4266,KILLED,327
4267,KILLED,111,109,116,114,108,313,303,312,309,318,63,66,308,330,314,327,319,64,65,326,110
4268,KILLED,111,109,116,114,108,327
4269,NO_COVERAGE
4270,NO_COVERAGE
4271,KILLED,109,116,114,108,117,115,324,313,303,312,309,318,320,325,323,301,306,302,317,305,311,329,308,330,314,315,328,327,310,304,322,321,319,307,326
4272,KILLED,111,109,116,114,108,117,115,324,313,303,312,309,318,320,325,323,63,66,301,306,302,317,305,311,329,308,330,314,315,328,327,310,304,322,321,319,307,64,65,326,110
4273,KILLED,111,109,116,114,108,117,115,324,313,303,312,309,318,320,325,323,63,66,301,306,302,317,305,311,329,308,330,314,315,328,327,310,304,322,321,319,307,64,65,326,110
4274,KILLED,327
4275,KILLED,327
4276,KILLED,111,109,116,114,108,313,303,312,309,318,63,66,308,330,314,327,319,64,65,326,110
4277,KILLED,111,109,116,114,108,327,110
4278,NO_COVERAGE
4279,NO_COVERAGE
4280,KILLED,111,109,116,114,108,117,115,324,313,303,312,309,318,320,325,323,63,66,301,306,302,317,305,311,329,308,330,314,315,328,327,310,304,322,321,319,307,64,65,326,110
4281,KILLED,111,109,116,114,108,117,115,324,313,303,312,309,318,320,325,323,63,66,301,306,302,317,305,311,329,308,330,314,315,328,327,310,304,322,321,319,307,64,65,326,110
4282,KILLED,109,116,114,108,324,313,303,312,309,318,320,325,323,63,66,301,306,302,317,305,311,329,308,330,314,315,328,327,310,304,322,321,319,307,64,65,326
4283,KILLED,327
4284,KILLED,327
4285,KILLED,327
4286,KILLED,327
4287,KILLED,111,109,116,114,108,313,303,312,309,318,63,66,308,330,314,327,319,64,65,326,110
4288,SURVIVED
4289,KILLED,111,109,116,114,108,327
4290,KILLED,327
4291,KILLED,109,116,114,108,117,115,320,325,323,301,306,302,317,305,311,329,308,330,314,315,328,327,310,304,322,321,319,307,326
4292,SURVIVED
4293,SURVIVED
4294,SURVIVED
4295,KILLED,109,116,114,108,110
4296,KILLED,109,116,114,108,320,325,323,301,306,302,317,305,311,329,308,330,314,315,328,327,310,304,322,321,319,307,326,110
4297,KILLED,324,313,303,312,309,318,308,330,314,327,319,326
4298,KILLED,327
4299,SURVIVED
4300,SURVIVED
4301,KILLED,111,109,116,114,108,117,115,324,313,303,312,309,318,320,325,323,63,66,301,306,302,317,305,311,329,308,330,314,315,328,327,310,304,322,321,319,307,64,65,326,110
4302,KILLED,111,109,116,114,108,117,115,324,313,303,312,309,318,320,325,323,63,66,301,306,302,317,305,311,329,308,330,314,315,328,327,310,304,322,321,319,307,64,65,326,110
4303,TIMED_OUT
4304,KILLED,111,109,116,114,108,117,115,324,313,303,312,309,318,320,325,323,63,66,301,306,302,317,305,311,329,308,330,314,315,328,327,310,304,322,321,319,307,64,65,326,110
4305,TIMED_OUT
4306,TIMED_OUT
4307,TIMED_OUT
4308,KILLED,111,109,116,114,108,313,303,312,309,318,63,66,308,330,314,327,319,64,65,326,110
4309,TIMED_OUT
4310,KILLED,114,108,327,110
4311,KILLED,313,303,312,309,318,308,330,314,327,319,326
4312,TIMED_OUT
4313,KILLED,111,324,313,303,312,309,318,308,330,314,327,319,326,110
4314,KILLED,313,303,312,309,318,308,330,314,327,319,326
4315,SURVIVED
4316,SURVIVED
4317,KILLED,327
4318,KILLED,109,116,114,108,324,313,303,312,309,318,320,325,323,63,66,301,306,302,317,305,311,329,308,330,314,315,328,327,310,304,322,321,319,307,64,65,326
4319,KILLED,327
4320,KILLED,327
4321,SURVIVED
4322,KILLED,327
4323,SURVIVED
4324,SURVIVED
4325,KILLED,111,109,116,114,108,324,313,303,312,309,318,320,325,323,63,66,301,306,302,317,305,311,329,308,330,314,315,328,327,310,304,322,321,319,307,64,65,326,110
4326,KILLED,109,116,113,114,108,117,115,320,325,323,63,66,301,306,302,317,305,311,329,308,330,314,315,328,327,310,304,322,321,319,307,64,65,326,110
4327,KILLED,109,116,113,114,108,117,115,320,325,323,63,66,301,306,302,317,305,311,329,308,330,314,315,328,327,310,304,322,321,319,307,64,65,326,110
4328,KILLED,109,116,113,114,108,117,115,320,325,323,63,66,301,306,302,317,305,311,329,308,330,314,315,328,327,310,304,322,321,319,307,64,65,326,110
4329,SURVIVED
4330,SURVIVED
4331,SURVIVED
4332,NO_COVERAGE
4333,KILLED,109,116,113,114,108,117,115,320,325,323,63,66,301,306,302,317,305,311,329,308,330,314,315,328,327,310,304,322,321,319,307,64,65,326,110
4334,KILLED,109,116,113,114,108,117,115,320,325,323,63,66,301,306,302,317,305,311,329,308,330,314,315,328,327,310,304,322,321,319,307,64,65,326,110
4335,NO_COVERAGE
4336,NO_COVERAGE
4337,KILLED,113,115,317,305,311,329,310,304,321,307
4338,NO_COVERAGE
4339,NO_COVERAGE
4340,KILLED,109,116,113,114,108,117,115,320,325,323,63,66,301,306,302,317,305,311,329,308,330,314,315,328,327,310,304,322,321,319,307,64,65,326,110
4341,KILLED,113,115,317,305,311,329,310,304,321,307
4342,SURVIVED
4343,NO_COVERAGE
4344,KILLED,109,116,113,114,108,117,115,320,325,323,63,66,301,306,302,317,305,311,329,308,330,314,315,328,327,310,304,322,321,319,307,64,65,326,110
4345,KILLED,109,116,113,114,108,117,115,320,325,323,63,66,301,306,302,317,305,311,329,308,330,314,315,328,327,310,304,322,321,319,307,64,65,326,110
4346,KILLED,109,116,113,114,108,117,115,320,325,323,63,66,301,306,302,317,305,311,329,308,330,314,315,328,327,310,304,322,321,319,307,64,65,326,110
4347,KILLED,109,116,113,114,108,117,115,320,325,323,63,66,301,306,302,317,305,311,329,308,330,314,315,328,327,310,304,322,321,319,307,64,65,326,110
4348,KILLED,109,116,113,114,108,117,115,320,325,323,63,66,301,306,302,317,305,311,329,308,330,314,315,328,327,310,304,322,321,319,307,64,65,326,110
4349,KILLED,109,116,113,114,108,117,115,320,325,323,63,66,301,306,302,317,305,311,329,308,330,314,315,328,327,310,304,322,321,319,307,64,65,326,110
4350,SURVIVED
4351,KILLED,116,114,320,325,323,63,66,315,328,322,307,64
4352,KILLED,109,113,114,108,117,115,301,306,302,317,305,311,329,308,330,314,327,310,304,322,321,319,307,65,326,110
4353,KILLED,116,114,320,325,323,63,66,317,305,329,315,328,310,304,322,321,307,64
4354,KILLED,109,116,113,114,108,117,115,320,325,323,63,66,301,306,302,317,305,311,329,308,330,314,315,328,327,310,304,322,321,319,307,64,65,326,110
4355,SURVIVED
4356,KILLED,109,116,113,114,108,117,115,320,325,323,63,66,301,306,302,317,305,311,329,308,330,314,315,328,327,310,304,322,321,319,307,64,65,326,110
4357,KILLED,109,116,113,114,108,117,115,320,325,323,63,66,301,306,302,317,305,311,329,308,330,314,315,328,327,310,304,322,321,319,307,64,65,326,110
4358,KILLED,109,116,113,114,108,117,115,320,325,323,63,66,301,306,302,317,305,311,329,308,330,314,315,328,327,310,304,322,321,319,307,64,65,326,110
4359,KILLED,109,116,114,108,117,320,325,323,63,66,301,306,302,308,330,314,315,328,327,322,319,64,65,326,110
4360,KILLED,109,116,113,114,108,117,320,325,323,63,66,301,306,302,317,305,311,329,308,330,314,315,328,327,310,304,322,321,319,307,64,65,326,110
4361,KILLED,113,115,317,305,311,329,310,304,321,307
4362,KILLED,109,116,113,114,108,117,115,320,325,323,63,66,301,306,302,317,305,311,329,308,330,314,315,328,327,310,304,322,321,319,307,64,65,326,110
4363,KILLED,109,116,113,114,108,117,115,320,325,323,63,66,301,306,302,317,305,311,329,308,330,314,315,328,327,310,304,322,321,319,307,64,65,326,110
4364,KILLED,109,116,113,114,108,117,115,320,325,323,63,66,301,306,302,317,305,311,329,308,330,314,315,328,327,310,304,322,321,319,307,64,65,326,110
4365,NO_COVERAGE
4366,KILLED,109,116,113,114,108,117,115,320,325,323,63,66,301,306,302,317,305,311,329,308,330,314,315,328,327,310,304,322,321,319,307,64,65,326,110
4367,KILLED,109,116,113,114,108,117,115,320,325,323,63,66,301,306,302,317,305,311,329,308,330,314,315,328,327,310,304,322,321,319,307,64,65,326,110
4368,KILLED,116,114,320,325,323,63,66,317,305,329,315,328,310,304,322,321,307,64
4369,KILLED,109,116,113,114,108,117,115,320,325,323,63,66,301,306,302,317,305,311,329,308,330,314,315,328,327,310,304,322,321,319,307,64,65,326,110
4370,KILLED,109,116,113,114,108,117,115,320,325,323,63,66,301,306,302,317,305,311,329,308,330,314,315,328,327,310,304,322,321,319,307,64,65,326,110
4371,KILLED,109,116,113,114,108,117,115,320,325,323,63,66,301,306,302,317,305,311,329,308,330,314,315,328,327,310,304,322,321,319,307,64,65,326,110
4372,KILLED,109,116,113,114,108,117,115,320,325,323,63,66,301,306,302,317,305,311,329,308,330,314,315,328,327,310,304,322,321,319,307,64,65,326,110
4373,KILLED,113,115,317,305,311,329,310,304,321,307
4374,KILLED,109,116,113,114,108,117,115,320,325,323,63,66,301,306,302,317,305,311,329,308,330,314,315,328,327,310,304,322,321,319,307,64,65,326,110
4375,KILLED,109,116,113,114,108,117,115,320,325,323,63,66,301,306,302,317,305,311,329,308,330,314,315,328,327,310,304,322,321,319,307,64,65,326,110
4376,KILLED,109,116,113,114,108,117,115,320,325,323,63,66,301,306,302,317,305,311,329,308,330,314,315,328,327,310,304,322,321,319,307,64,65,326,110
4377,KILLED,109,116,113,114,108,117,115,320,325,323,63,66,301,306,302,317,305,311,329,308,330,314,315,328,327,310,304,322,321,319,307,64,65,326,110
4378,KILLED,109,116,113,114,108,117,115,320,325,323,63,66,301,306,302,317,305,311,329,308,330,314,315,328,327,310,304,322,321,319,307,64,65,326,110
4379,KILLED,109,116,113,114,108,117,115,320,325,323,63,66,301,306,302,317,305,311,329,308,330,314,315,328,327,310,304,322,321,319,307,64,65,326,110
4380,KILLED,109,116,113,114,108,117,115,320,325,323,63,66,301,306,302,317,305,311,329,308,330,314,315,328,327,310,304,322,321,319,307,64,65,326,110
4381,KILLED,109,116,113,114,108,117,115,320,325,323,63,66,301,306,302,317,305,311,329,308,330,314,315,328,327,310,304,322,321,319,307,64,65,326,110
4382,KILLED,109,116,113,114,108,117,115,320,325,323,63,66,301,306,302,317,305,311,329,308,330,314,315,328,327,310,304,322,321,319,307,64,65,326,110
4383,KILLED,109,116,113,114,108,117,115,320,325,323,63,66,301,306,302,317,305,311,329,308,330,314,315,328,327,310,304,322,321,319,307,64,65,326,110
4384,KILLED,109,116,113,114,108,117,115,320,325,323,63,66,301,306,302,317,305,311,329,308,330,314,315,328,327,310,304,322,321,319,307,64,65,326,110
4385,SURVIVED
4386,KILLED,109,116,113,114,108,117,320,325,323,63,66,301,306,302,317,305,311,329,308,330,314,315,328,327,310,304,322,321,319,307,64,65,326,110
4387,KILLED,109,116,113,114,108,117,115,320,325,323,63,66,301,306,302,317,305,311,329,308,330,314,315,328,327,310,304,322,321,319,307,64,65,326,110
4388,NO_COVERAGE
4389,KILLED,109,116,113,114,108,117,115,320,325,323,63,66,301,306,302,317,305,311,329,308,330,314,315,328,327,310,304,322,321,319,307,64,65,326,110
4390,KILLED,109,116,113,114,108,117,115,320,325,323,63,66,301,306,302,317,305,311,329,308,330,314,315,328,327,310,304,322,321,319,307,64,65,326,110
4391,NO_COVERAGE
4392,NO_COVERAGE
4393,KILLED,109,113,114,108,117,115,301,306,302,317,305,311,329,308,330,314,327,310,304,322,321,319,307,65,326,110
4394,KILLED,113,115,317,305,311,329,310,304,321,307
4395,KILLED,113,115,317,305,311,329,310,304,321,307
4396,KILLED,109,116,113,114,108,117,115,320,325,323,63,66,301,306,302,317,305,311,329,308,330,314,315,328,327,310,304,322,321,319,307,64,65,326,110
4397,NO_COVERAGE
4398,KILLED,109,116,113,114,108,117,115,320,325,323,63,66,301,306,302,317,305,311,329,308,330,314,315,328,327,310,304,322,321,319,307,64,65,326,110
4399,KILLED,109,113,114,108,117,115,301,306,302,317,305,311,329,308,330,314,327,310,304,322,321,319,307,65,326,110
4400,SURVIVED
4401,KILLED,109,116,113,114,108,117,115,320,325,323,63,66,301,306,302,317,305,311,329,308,330,314,315,328,327,310,304,322,321,319,307,64,65,326,110
4402,KILLED,109,113,114,108,117,115,301,306,302,317,305,311,329,308,330,314,327,310,304,322,321,319,307,65,326,110
4403,SURVIVED
4404,SURVIVED
4405,KILLED,109,116,113,114,108,117,115,320,325,323,63,66,301,306,302,317,305,311,329,308,330,314,315,328,327,310,304,322,321,319,307,64,65,326,110
4406,SURVIVED
4407,SURVIVED
4408,KILLED,116,114,320,325,323,63,66,317,305,329,315,328,310,304,322,321,307,64
4409,KILLED,109,116,113,114,108,117,115,320,325,323,63,66,301,306,302,317,305,311,329,308,330,314,315,328,327,310,304,322,321,319,307,64,65,326,110
4410,SURVIVED
4411,KILLED,116,114,320,325,323,63,66,317,305,329,315,328,310,304,322,321,307,64
4412,KILLED,109,116,113,114,108,117,115,320,325,323,63,66,301,306,302,317,305,311,329,308,330,314,315,328,327,310,304,322,321,319,307,64,65,326,110
4413,KILLED,109,116,113,114,108,117,115,320,325,323,63,66,301,306,302,317,305,311,329,308,330,314,315,328,327,310,304,322,321,319,307,64,65,326,110
4414,SURVIVED
4415,KILLED,109,116,113,114,108,117,115,320,325,323,63,66,301,306,302,317,305,311,329,308,330,314,315,328,327,310,304,322,321,319,307,64,65,326,110
4416,KILLED,109,116,113,114,108,117,115,320,325,323,63,66,301,306,302,317,305,311,329,308,330,314,315,328,327,310,304,322,321,319,307,64,65,326,110
4417,KILLED,113,115,317,305,311,329,310,304,321,307
4418,SURVIVED
4419,SURVIVED
4420,KILLED,109,116,113,114,108,117,115,320,325,323,63,66,301,306,302,317,305,311,329,308,330,314,315,328,327,310,304,322,321,319,307,64,65,326,110
4421,NO_COVERAGE
4422,KILLED,109,116,113,114,108,117,115,320,325,323,63,66,301,306,302,317,305,311,329,308,330,314,315,328,327,310,304,322,321,319,307,64,65,326,110
4423,KILLED,109,116,113,114,108,117,115,320,325,323,63,66,301,306,302,317,305,311,329,308,330,314,315,328,327,310,304,322,321,319,307,64,65,326,110
4424,KILLED,109,116,113,114,108,117,115,320,325,323,63,66,301,306,302,317,305,311,329,308,330,314,315,328,327,310,304,322,321,319,307,64,65,326,110
4425,SURVIVED
4426,SURVIVED
4427,NO_COVERAGE
4428,KILLED,109,116,113,114,108,117,115,320,325,323,63,66,301,306,302,317,305,311,329,308,330,314,315,328,327,310,304,322,321,319,307,64,65,326,110
4429,KILLED,109,116,113,114,108,117,115,320,325,323,63,66,301,306,302,317,305,311,329,308,330,314,315,328,327,310,304,322,321,319,307,64,65,326,110
4430,KILLED,109,113,114,108,117,115,301,306,302,317,305,311,329,308,330,314,327,310,304,322,321,319,307,65,326,110
4431,KILLED,109,116,113,114,108,117,115,320,325,323,63,66,301,306,302,317,305,311,329,308,330,314,315,328,327,310,304,322,321,319,307,64,65,326,110
4432,KILLED,109,116,113,114,108,117,115,320,325,323,63,66,301,306,302,317,305,311,329,308,330,314,315,328,327,310,304,322,321,319,307,64,65,326,110
4433,KILLED,109,116,113,114,108,117,115,320,325,323,63,66,301,306,302,317,305,311,329,308,330,314,315,328,327,310,304,322,321,319,307,64,65,326,110
4434,NO_COVERAGE
4435,NO_COVERAGE
4436,KILLED,109,113,114,108,117,115,301,306,302,317,305,311,329,308,330,314,327,310,304,322,321,319,307,65,326,110
4437,KILLED,109,116,113,114,108,117,115,320,325,323,63,66,301,306,302,317,305,311,329,308,330,314,315,328,327,310,304,322,321,319,307,64,65,326,110
4438,SURVIVED
4439,KILLED,109,116,113,114,108,117,115,320,325,323,63,66,301,306,302,317,305,311,329,308,330,314,315,328,327,310,304,322,321,319,307,64,65,326,110
4440,TIMED_OUT
4441,KILLED,307
4442,KILLED,109,116,113,114,108,117,115,320,325,323,63,66,301,306,302,317,305,311,329,308,330,314,315,328,327,310,304,322,321,319,307,64,65,326,110
4443,KILLED,109,116,113,114,108,117,115,320,325,323,63,66,301,306,302,317,305,311,329,308,330,314,315,328,327,310,304,322,321,319,307,64,65,326,110
4444,KILLED,109,116,113,114,108,117,115,320,325,323,63,66,301,306,302,317,305,311,329,308,330,314,315,328,327,310,304,322,321,319,307,64,65,326,110
4445,KILLED,113,115,317,305,311,329,310,304,321,307
4446,SURVIVED
4447,NO_COVERAGE
4448,NO_COVERAGE
4449,NO_COVERAGE
4450,NO_COVERAGE
4451,SURVIVED
4452,KILLED,109,116,114,108,117,115,324,313,303,312,309,318,320,325,323,63,66,301,306,302,317,305,311,329,308,330,314,315,328,327,310,304,322,321,319,307,64,65,326,110
4453,KILLED,111,109,116,114,108,117,115,324,313,303,312,309,318,320,325,323,63,66,301,306,302,317,305,311,329,308,330,314,315,328,327,310,304,322,321,319,307,64,65,326,110
4454,KILLED,111,109,116,114,108,117,115,324,313,303,312,309,318,320,325,323,63,66,301,306,302,317,305,311,329,308,330,314,315,328,327,310,304,322,321,319,307,64,65,326,110
4455,KILLED,111,109,116,114,108,117,115,320,325,323,63,66,301,306,302,317,305,311,329,308,330,314,315,328,327,310,304,322,321,319,307,64,65,326,110
4456,KILLED,111,109,116,114,108,117,115,324,313,303,312,309,318,320,325,323,63,66,301,306,302,317,305,311,329,308,330,314,315,328,327,310,304,322,321,319,307,64,65,326,110
4457,KILLED,111,109,116,114,108,117,115,324,313,303,312,309,318,320,325,323,63,66,301,306,302,317,305,311,329,308,330,314,315,328,327,310,304,322,321,319,307,64,65,326,110
4458,KILLED,111,109,116,114,108,117,115,324,313,303,312,309,318,320,325,323,63,66,301,306,302,317,305,311,329,308,330,314,315,328,327,310,304,322,321,319,307,64,65,326,110
4459,KILLED,111,109,116,114,108,117,115,324,313,303,312,309,318,320,325,323,63,66,301,306,302,317,305,311,329,308,330,314,315,328,327,310,304,322,321,319,307,64,65,326,110
4460,KILLED,111,109,116,114,108,117,115,324,313,303,312,309,318,320,325,323,63,66,301,306,302,317,305,311,329,308,330,314,315,328,327,310,304,322,321,319,307,64,65,326,110
4461,NO_COVERAGE
4462,KILLED,109,116,114,108,117,115,324,313,303,312,309,318,320,325,323,63,66,301,306,302,317,305,311,329,308,330,314,315,328,327,310,304,322,321,319,307,64,65,326,110
4463,SURVIVED
4464,NO_COVERAGE
4465,NO_COVERAGE
4466,NO_COVERAGE
4467,SURVIVED
4468,SURVIVED
4469,KILLED,109,116,114,108,117,115,324,313,303,312,309,318,320,325,323,63,66,301,306,302,317,305,311,329,308,330,314,315,328,327,310,304,322,321,319,307,64,65,326,110
4470,KILLED,111,109,116,114,108,117,115,324,313,303,312,309,318,320,325,323,63,66,301,306,302,317,305,311,329,308,330,314,315,328,327,310,304,322,321,319,307,64,65,326,110
4471,SURVIVED
4472,KILLED,111,109,116,114,108,117,115,320,325,323,63,66,301,306,302,317,305,311,329,308,330,314,315,328,327,310,304,322,321,319,307,64,65,326,110
4473,KILLED,111,109,116,114,108,117,115,324,313,303,312,309,318,320,325,323,63,66,301,306,302,317,305,311,329,308,330,314,315,328,327,310,304,322,321,319,307,64,65,326,110
4474,KILLED,111
4475,SURVIVED
4476,KILLED,111,109,116,114,108,117,115,324,313,303,312,309,318,320,325,323,63,66,301,306,302,317,305,311,329,308,330,314,315,328,327,310,304,322,321,319,307,64,65,326,110
4477,NO_COVERAGE
4478,KILLED,109,116,114,108,117,115,324,313,303,312,309,318,320,325,323,63,66,301,306,302,317,305,311,329,308,330,314,315,328,327,310,304,322,321,319,307,64,65,326,110
4479,KILLED,111,109,116,114,108,117,115,324,313,303,312,309,318,320,325,323,63,66,301,306,302,317,305,311,329,308,330,314,315,328,327,310,304,322,321,319,307,64,65,326,110
4480,NO_COVERAGE
4481,KILLED,111,109,116,113,114,108,117,115,324,313,303,312,309,318,320,325,323,63,66,301,306,302,317,305,311,329,308,330,314,315,328,327,310,304,322,321,319,307,64,65,326,110
4482,KILLED,113,114,108,110
4483,NO_COVERAGE
4484,NO_COVERAGE
4485,NO_COVERAGE
4486,NO_COVERAGE
4487,KILLED,111,109,116,113,114,108,117,115,324,313,303,312,309,318,320,325,323,63,66,301,306,302,317,305,311,329,308,330,314,315,328,327,310,304,322,321,319,307,64,65,326,110
4488,NO_COVERAGE
4489,KILLED,111,109,116,113,114,108,117,115,324,313,303,312,309,318,320,325,323,63,66,301,306,302,317,305,311,329,308,330,314,315,328,327,310,304,322,321,319,307,64,65,326,110
4490,KILLED,111,109,116,113,114,108,117,115,324,313,303,312,309,318,320,325,323,63,66,301,306,302,317,305,311,329,308,330,314,315,328,327,310,304,322,321,319,307,64,65,326,110
4491,KILLED,111,109,116,113,114,108,117,115,324,313,303,312,309,318,320,325,323,63,66,301,306,302,317,305,311,329,308,330,314,315,328,327,310,304,322,321,319,307,64,65,326,110
4492,KILLED,114,108,110
4493,NO_COVERAGE
4494,KILLED,111,109,116,113,114,108,117,115,324,313,303,312,309,318,320,325,323,63,66,301,306,302,317,305,311,329,308,330,314,315,328,327,310,304,322,321,319,307,64,65,326,110
4495,NO_COVERAGE
4496,NO_COVERAGE
4497,NO_COVERAGE
4498,KILLED,111,109,116,113,114,108,117,115,324,313,303,312,309,318,320,325,323,63,66,301,306,302,317,305,311,329,308,330,314,315,328,327,310,304,322,321,319,307,64,65,326,110
4499,KILLED,111,109,116,113,114,108,117,115,324,313,303,312,309,318,320,325,323,63,66,301,306,302,317,305,311,329,308,330,314,315,328,327,310,304,322,321,319,307,64,65,326,110
4500,KILLED,113,114,108,110
4501,KILLED,111,109,116,114,108,117,115,324,313,303,312,309,318,320,325,323,63,66,301,306,302,317,305,311,329,308,330,314,315,328,327,310,304,322,321,319,307,64,65,326,110
4502,KILLED,111,109,116,113,114,108,117,115,324,313,303,312,309,318,320,325,323,63,66,301,306,302,317,305,311,329,308,330,314,315,328,327,310,304,322,321,319,307,64,65,326,110
4503,KILLED,109,116,113,114,108,117,115,320,325,323,63,66,301,306,302,317,305,311,329,308,330,314,315,328,327,310,304,322,321,319,307,64,65,326,110
4504,KILLED,111,109,116,113,114,108,117,115,324,313,303,312,309,318,320,325,323,63,66,301,306,302,317,305,311,329,308,330,314,315,328,327,310,304,322,321,319,307,64,65,326,110
4505,KILLED,111,109,116,113,114,108,117,115,324,313,303,312,309,318,320,325,323,63,66,301,306,302,317,305,311,329,308,330,314,315,328,327,310,304,322,321,319,307,64,65,326,110
4506,KILLED,111,109,116,113,114,108,117,115,324,313,303,312,309,318,320,325,323,63,66,301,306,302,317,305,311,329,308,330,314,315,328,327,310,304,322,321,319,307,64,65,326,110
4507,KILLED,111,109,116,113,114,108,117,115,324,313,303,312,309,318,320,325,323,63,66,301,306,302,317,305,311,329,308,330,314,315,328,327,310,304,322,321,319,307,64,65,326,110
4508,KILLED,111,109,116,113,114,108,117,115,324,313,303,312,309,318,320,325,323,63,66,301,306,302,317,305,311,329,308,330,314,315,328,327,310,304,322,321,319,307,64,65,326,110
4509,KILLED,111,109,116,114,108,117,115,324,313,303,312,309,318,320,325,323,63,66,301,306,302,317,305,311,329,308,330,314,315,328,327,310,304,322,321,319,307,64,65,326,110
4510,KILLED,111,109,116,113,114,108,117,115,324,313,303,312,309,318,320,325,323,63,66,301,306,302,317,305,311,329,308,330,314,315,328,327,310,304,322,321,319,307,64,65,326,110
4511,KILLED,111,109,116,113,114,108,117,115,324,313,303,312,309,318,320,325,323,63,66,301,306,302,317,305,311,329,308,330,314,315,328,327,310,304,322,321,319,307,64,65,326,110
4512,KILLED,111,109,116,113,114,108,117,115,324,313,303,312,309,318,320,325,323,63,66,301,306,302,317,305,311,329,308,330,314,315,328,327,310,304,322,321,319,307,64,65,326,110
4513,NO_COVERAGE
4514,NO_COVERAGE
4515,NO_COVERAGE
4516,KILLED,111,109,116,113,114,108,117,115,324,313,303,312,309,318,320,325,323,63,66,301,306,302,317,305,311,329,308,330,314,315,328,327,310,304,322,321,319,307,64,65,326,110
4517,KILLED,111,109,116,113,114,108,117,115,324,313,303,312,309,318,320,325,323,63,66,301,306,302,317,305,311,329,308,330,314,315,328,327,310,304,322,321,319,307,64,65,326,110
4518,KILLED,111,109,116,113,114,108,117,115,324,313,303,312,309,318,320,325,323,63,66,301,306,302,317,305,311,329,308,330,314,315,328,327,310,304,322,321,319,307,64,65,326,110
4519,NO_COVERAGE
4520,NO_COVERAGE
4521,NO_COVERAGE
4522,KILLED,111,109,116,113,114,108,117,115,324,313,303,312,309,318,320,325,323,63,66,301,306,302,317,305,311,329,308,330,314,315,328,327,310,304,322,321,319,307,64,65,326,110
4523,KILLED,111,109,116,113,114,108,117,115,324,313,303,312,309,318,320,325,323,63,66,301,306,302,317,305,311,329,308,330,314,315,328,327,310,304,322,321,319,307,64,65,326,110
4524,KILLED,113,114,108,110
4525,KILLED,114,108,110
4526,SURVIVED
4527,SURVIVED
4528,SURVIVED
4529,SURVIVED
4530,KILLED,113,114,108,110
4531,KILLED,111,109,116,114,108,117,115,324,313,303,312,309,318,320,325,323,63,66,301,306,302,317,305,311,329,308,330,314,315,328,327,310,304,322,321,319,307,64,65,326,110
4532,KILLED,111,109,116,113,114,108,117,115,324,313,303,312,309,318,320,325,323,63,66,301,306,302,317,305,311,329,308,330,314,315,328,327,310,304,322,321,319,307,64,65,326,110
4533,KILLED,111,109,116,113,114,108,117,115,324,313,303,312,309,318,320,325,323,63,66,301,306,302,317,305,311,329,308,330,314,315,328,327,310,304,322,321,319,307,64,65,326,110
4534,KILLED,111,109,116,113,114,108,117,115,324,313,303,312,309,318,320,325,323,63,66,301,306,302,317,305,311,329,308,330,314,315,328,327,310,304,322,321,319,307,64,65,326,110
4535,KILLED,111,109,116,113,114,108,117,115,324,313,303,312,309,318,320,325,323,63,66,301,306,302,317,305,311,329,308,330,314,315,328,327,310,304,322,321,319,307,64,65,326,110
4536,KILLED,111,109,116,117,115,324,313,303,312,309,318,320,325,323,63,66,301,306,302,317,305,311,329,308,330,314,315,328,327,310,304,322,321,319,307,64,65,326
4537,SURVIVED
4538,KILLED,111,109,116,114,108,117,115,324,313,303,312,309,318,320,325,323,63,66,301,306,302,317,305,311,329,308,330,314,315,328,327,310,304,322,321,319,307,64,65,326,110
4539,KILLED,111,109,116,113,114,108,117,115,324,313,303,312,309,318,320,325,323,63,66,301,306,302,317,305,311,329,308,330,314,315,328,327,310,304,322,321,319,307,64,65,326,110
4540,KILLED,109,116,113,114,108,117,115,320,325,323,63,66,301,306,302,317,305,311,329,308,330,314,315,328,327,310,304,322,321,319,307,64,65,326,110
4541,KILLED,111,109,116,113,114,108,117,115,324,313,303,312,309,318,320,325,323,63,66,301,306,302,317,305,311,329,308,330,314,315,328,327,310,304,322,321,319,307,64,65,326,110
4542,KILLED,111,109,116,113,114,108,117,115,324,313,303,312,309,318,320,325,323,63,66,301,306,302,317,305,311,329,308,330,314,315,328,327,310,304,322,321,319,307,64,65,326,110
4543,KILLED,111,109,116,114,108,117,115,324,313,303,312,309,318,320,325,323,63,66,301,306,302,317,305,311,329,308,330,314,315,328,327,310,304,322,321,319,307,64,65,326,110
4544,SURVIVED
4545,SURVIVED
4546,KILLED,109,116,113,114,108,117,115,320,325,323,63,66,301,306,302,317,305,311,329,308,330,314,315,328,327,310,304,322,321,319,307,64,65,326,110
4547,SURVIVED
4548,NO_COVERAGE
4549,NO_COVERAGE
4550,KILLED,109,116,113,114,108,117,115,320,325,323,63,66,301,306,302,317,305,311,329,308,330,314,315,328,327,310,304,322,321,319,307,64,65,326,110
4551,KILLED,117,115,320,325,323,63,66,301,306,302,317,305,311,329,308,330,314,315,328,327,310,304,322,321,319,307,64,65,326
4552,KILLED,109,116,113,114,108,117,115,320,325,323,63,66,301,306,302,317,305,311,329,308,330,314,315,328,327,310,304,322,321,319,307,64,65,326,110
4553,KILLED,109,116,113,114,108,117,115,320,325,323,63,66,301,306,302,317,305,311,329,308,330,314,315,328,327,310,304,322,321,319,307,64,65,326,110
4554,KILLED,117,115,320,325,323,63,66,301,306,302,317,305,311,329,308,330,314,315,328,327,310,304,322,321,319,307,64,65,326
4555,KILLED,117,115,320,325,323,63,66,301,306,302,317,305,311,329,308,330,314,315,328,327,310,304,322,321,319,307,64,65,326
4556,SURVIVED
4557,SURVIVED
4558,KILLED,109,116,113,114,108,117,115,320,325,323,63,66,301,306,302,317,305,311,329,308,330,314,315,328,327,310,304,322,321,319,307,64,65,326,110
4559,KILLED,109,116,113,114,108,117,115,320,325,323,63,66,301,306,302,317,305,311,329,308,330,314,315,328,327,310,304,322,321,319,307,64,65,326,110
4560,KILLED,109,116,113,114,108,117,115,320,325,323,63,66,301,306,302,317,305,311,329,308,330,314,315,328,327,310,304,322,321,319,307,64,65,326,110
4561,KILLED,117,115,320,325,323,63,66,301,306,302,317,305,311,329,308,330,314,315,328,327,310,304,322,321,319,307,64,65,326
4562,KILLED,117,115,320,325,323,63,66,301,306,302,317,305,311,329,308,330,314,315,328,327,310,304,322,321,319,307,64,65,326
4563,KILLED,109,116,113,114,108,117,115,320,325,323,63,66,301,306,302,317,305,311,329,308,330,314,315,328,327,310,304,322,321,319,307,64,65,326,110
4564,KILLED,109,116,113,114,108,117,115,320,325,323,63,66,301,306,302,317,305,311,329,308,330,314,315,328,327,310,304,322,321,319,307,64,65,326,110
4565,KILLED,109,116,113,114,108,117,115,320,325,323,63,66,301,306,302,317,305,311,329,308,330,314,315,328,327,310,304,322,321,319,307,64,65,326,110
4566,KILLED,109,116,113,114,108,117,115,320,325,323,63,66,301,306,302,317,305,311,329,308,330,314,315,328,327,310,304,322,321,319,307,64,65,326,110
4567,KILLED,109,116,113,114,108,117,115,320,325,323,63,66,301,306,302,317,305,311,329,308,330,314,315,328,327,310,304,322,321,319,307,64,65,326,110
4568,KILLED,109,116,113,114,108,117,115,320,325,323,63,66,301,306,302,317,305,311,329,308,330,314,315,328,327,310,304,322,321,319,307,64,65,326,110
4569,KILLED,117,115,320,325,323,63,66,301,306,302,317,305,311,329,308,330,314,315,328,327,310,304,322,321,319,307,64,65,326
4570,KILLED,117,115,320,325,323,63,66,301,306,302,317,305,311,329,308,330,314,315,328,327,310,304,322,321,319,307,64,65,326
4571,KILLED,117,115,320,325,323,63,66,301,306,302,317,305,311,329,308,330,314,315,328,327,310,304,322,321,319,307,64,65,326
4572,SURVIVED
4573,KILLED,117,115,320,325,323,63,66,301,306,302,317,305,311,329,308,330,314,315,328,327,310,304,322,321,319,307,64,65,326
4574,NO_COVERAGE
4575,NO_COVERAGE
4576,NO_COVERAGE
4577,NO_COVERAGE
4578,KILLED,109,116,113,114,108,117,115,320,325,323,63,66,301,306,302,317,305,311,329,308,330,314,315,328,327,310,304,322,321,319,307,64,65,326,110
4579,KILLED,117,115,320,325,323,63,66,301,306,302,317,305,311,329,308,330,314,315,328,327,310,304,322,321,319,307,64,65,326
4580,KILLED,117,115,320,325,323,63,66,301,306,302,317,305,311,329,308,330,314,315,328,327,310,304,322,321,319,307,64,65,326
4581,SURVIVED
4582,SURVIVED
4583,KILLED,109,116,113,114,108,110
4584,SURVIVED
4585,KILLED,109,116,113,114,108,117,115,320,325,323,63,66,301,306,302,317,305,311,329,308,330,314,315,328,327,310,304,322,321,319,307,64,65,326,110
4586,KILLED,109,116,113,114,108,117,115,320,325,323,63,66,301,306,302,317,305,311,329,308,330,314,315,328,327,310,304,322,321,319,307,64,65,326,110
4587,KILLED,117,115,320,325,323,63,66,301,306,302,317,305,311,329,308,330,314,315,328,327,310,304,322,321,319,307,64,65,326
4588,KILLED,109,116,113,114,108,117,115,320,325,323,63,66,301,306,302,317,305,311,329,308,330,314,315,328,327,310,304,322,321,319,307,64,65,326,110
4589,TIMED_OUT
4590,KILLED,114,108,110
4591,KILLED,109,116,113,114,108,117,115,320,325,323,63,66,301,306,302,317,305,311,329,308,330,314,315,328,327,310,304,322,321,319,307,64,65,326,110
4592,KILLED,117,115,320,325,323,63,66,301,306,302,317,305,311,329,308,330,314,315,328,327,310,304,322,321,319,307,64,65,326
4593,KILLED,117,115,320,325,323,63,66,301,306,302,317,305,311,329,308,330,314,315,328,327,310,304,322,321,319,307,64,65,326
4594,KILLED,109,116,113,114,108,117,115,320,325,323,63,66,301,306,302,317,305,311,329,308,330,314,315,328,327,310,304,322,321,319,307,64,65,326,110
4595,KILLED,117,115,320,325,323,63,66,301,306,302,317,305,311,329,308,330,314,315,328,327,310,304,322,321,319,307,64,65,326
4596,KILLED,109,116,113,114,108,117,115,320,325,323,63,66,301,306,302,317,305,311,329,308,330,314,315,328,327,310,304,322,321,319,307,64,65,326,110
4597,KILLED,111,109,116,113,114,108,117,115,324,313,303,312,309,318,320,325,323,63,66,301,306,302,317,305,311,329,308,330,314,315,328,327,310,304,322,321,319,307,64,65,326,110
4598,KILLED,111,109,116,113,114,108,117,115,324,313,303,312,309,318,320,325,323,63,66,301,306,302,317,305,311,329,308,330,314,315,328,327,310,304,322,321,319,307,64,65,326,110
4599,KILLED,111,109,116,113,114,108,117,115,324,313,303,312,309,318,320,325,323,63,66,301,306,302,317,305,311,329,308,330,314,315,328,327,310,304,322,321,319,307,64,65,326,110
4600,KILLED,111,109,116,113,114,108,117,115,324,313,303,312,309,318,320,325,323,63,66,301,306,302,317,305,311,329,308,330,314,315,328,327,310,304,322,321,319,307,64,65,326,110
4601,KILLED,111,109,116,113,114,108,117,115,324,313,303,312,309,318,320,325,323,63,66,301,306,302,317,305,311,329,308,330,314,315,328,327,310,304,322,321,319,307,64,65,326,110
4602,KILLED,111,109,116,113,114,108,117,115,324,313,303,312,309,318,320,325,323,63,66,301,306,302,317,305,311,329,308,330,314,315,328,327,310,304,322,321,319,307,64,65,326,110
4603,SURVIVED
4604,SURVIVED
4605,KILLED,111,109,116,113,114,108,117,115,324,313,303,312,309,318,320,325,323,63,66,301,306,302,317,305,311,329,308,330,314,315,328,327,310,304,322,321,319,307,64,65,326,110
4606,KILLED,111,109,116,113,114,108,117,115,324,313,303,312,309,318,320,325,323,63,66,301,306,302,317,305,311,329,308,330,314,315,328,327,310,304,322,321,319,307,64,65,326,110
4607,SURVIVED
4608,KILLED,111,109,116,113,114,108,117,115,324,313,303,312,309,318,320,325,323,63,66,301,306,302,317,305,311,329,308,330,314,315,328,327,310,304,322,321,319,307,64,65,326,110
4609,KILLED,109,116,113,114,108,117,115,320,325,323,63,66,301,306,302,317,305,311,329,308,330,314,315,328,327,310,304,322,321,319,307,64,65,326,110
4610,KILLED,111,109,116,113,114,108,117,115,324,313,303,312,309,318,320,325,323,63,66,301,306,302,317,305,311,329,308,330,314,315,328,327,310,304,322,321,319,307,64,65,326,110
4611,KILLED,111,109,116,113,114,108,117,115,324,313,303,312,309,318,320,325,323,63,66,301,306,302,317,305,311,329,308,330,314,315,328,327,310,304,322,321,319,307,64,65,326,110
4612,KILLED,111,109,116,113,114,108,117,115,324,313,303,312,309,318,320,325,323,63,66,301,306,302,317,305,311,329,308,330,314,315,328,327,310,304,322,321,319,307,64,65,326,110
4613,KILLED,111,109,116,113,114,108,117,115,324,313,303,312,309,318,320,325,323,63,66,301,306,302,317,305,311,329,308,330,314,315,328,327,310,304,322,321,319,307,64,65,326,110
4614,SURVIVED
4615,SURVIVED
4616,KILLED,111,109,116,113,114,108,117,115,324,313,303,312,309,318,320,325,323,63,66,301,306,302,317,305,311,329,308,330,314,315,328,327,310,304,322,321,319,307,64,65,326,110
4617,SURVIVED
4618,KILLED,109,116,113,114,108,117,115,320,325,323,63,66,301,306,302,317,305,311,329,308,330,314,315,328,327,310,304,322,321,319,307,64,65,326,110
4619,KILLED,111,109,116,113,114,108,117,115,324,313,303,312,309,318,320,325,323,63,66,301,306,302,317,305,311,329,308,330,314,315,328,327,310,304,322,321,319,307,64,65,326,110
4620,KILLED,111,109,116,113,114,108,117,115,324,313,303,312,309,318,320,325,323,63,66,301,306,302,317,305,311,329,308,330,314,315,328,327,310,304,322,321,319,307,64,65,326,110
4621,NO_COVERAGE
4622,KILLED,109,116,113,114,108,117,115,320,325,323,63,66,301,306,302,317,305,311,329,308,330,314,315,328,327,310,304,322,321,319,307,64,65,326,110
4623,KILLED,109,116,113,114,108,117,115,324,313,303,312,309,318,320,325,323,63,66,301,306,302,317,305,311,329,308,330,314,315,328,327,310,304,322,321,319,307,64,65,326,110
4624,KILLED,324,313,303,312,309,318
4625,KILLED,109,116,114,108,117,115,324,313,303,312,309,318,320,325,323,63,66,301,306,302,317,305,311,329,308,330,314,315,328,327,310,304,322,321,319,307,64,65,326,110
4626,KILLED,109,116,113,114,108,117,115,324,313,303,312,309,318,320,325,323,63,66,301,306,302,317,305,311,329,308,330,314,315,328,327,310,304,322,321,319,307,64,65,326,110
4627,KILLED,109,116,113,114,108,117,115,324,313,303,312,309,318,320,325,323,63,66,301,306,302,317,305,311,329,308,330,314,315,328,327,310,304,322,321,319,307,64,65,326,110
4628,KILLED,109,116,113,114,108,117,115,324,313,303,312,309,318,320,325,323,63,66,301,306,302,317,305,311,329,308,330,314,315,328,327,310,304,322,321,319,307,64,65,326,110
4629,KILLED,109,116,113,114,108,117,115,324,313,303,312,309,318,320,325,323,63,66,301,306,302,317,305,311,329,308,330,314,315,328,327,310,304,322,321,319,307,64,65,326,110
4630,KILLED,109,116,113,114,108,117,115,324,313,303,312,309,318,320,325,323,63,66,301,306,302,317,305,311,329,308,330,314,315,328,327,310,304,322,321,319,307,64,65,326,110
4631,KILLED,109,116,113,114,108,117,115,320,325,323,63,66,301,306,302,317,305,311,329,308,330,314,315,328,327,310,304,322,321,319,307,64,65,326,110
4632,KILLED,109,116,114,108,117,115,320,325,323,63,66,301,306,302,317,305,311,329,308,330,314,315,328,327,310,304,322,321,319,307,64,65,326,110
4633,KILLED,109,116,114,108,117,115,324,313,303,312,309,318,320,325,323,63,66,301,306,302,317,305,311,329,308,330,314,315,328,327,310,304,322,321,319,307,64,65,326,110
4634,KILLED,109,116,113,114,108,117,115,320,325,323,63,66,301,306,302,317,305,311,329,308,330,314,315,328,327,310,304,322,321,319,307,64,65,326,110
4635,KILLED,109,116,113,114,108,117,115,320,325,323,63,66,301,306,302,317,305,311,329,308,330,314,315,328,327,310,304,322,321,319,307,64,65,326,110
4636,KILLED,109,116,114,108,117,115,324,313,303,312,309,318,320,325,323,63,66,301,306,302,317,305,311,329,308,330,314,315,328,327,310,304,322,321,319,307,64,65,326,110
4637,SURVIVED
4638,KILLED,324,313,303,312,309,318
4639,KILLED,324,313,303,312,309,318
4640,KILLED,113,114,108,110
4641,KILLED,109,116,113,114,108,117,115,324,313,303,312,309,318,320,325,323,63,66,301,306,302,317,305,311,329,308,330,314,315,328,327,310,304,322,321,319,307,64,65,326,110
4642,KILLED,109,116,113,114,108,117,115,320,325,323,63,66,301,306,302,317,305,311,329,308,330,314,315,328,327,310,304,322,321,319,307,64,65,326,110
4643,KILLED,109,116,113,114,108,117,115,320,325,323,63,66,301,306,302,317,305,311,329,308,330,314,315,328,327,310,304,322,321,319,307,64,65,326,110
4644,KILLED,109,116,114,108,117,115,324,313,303,312,309,318,320,325,323,63,66,301,306,302,317,305,311,329,308,330,314,315,328,327,310,304,322,321,319,307,64,65,326,110
4645,KILLED,324,313,303,312,309,318
4646,KILLED,109,116,114,108,110
4647,KILLED,109,116,114,108,117,115,324,313,303,312,309,318,320,325,323,63,66,301,306,302,317,305,311,329,308,330,314,315,328,327,310,304,322,321,319,307,64,65,326,110
4648,KILLED,114,108,110
4649,KILLED,109,116,114,108,117,115,324,313,303,312,309,318,320,325,323,63,66,301,306,302,317,305,311,329,308,330,314,315,328,327,310,304,322,321,319,307,64,65,326,110
4650,KILLED,114,108,110
4651,KILLED,109,116,114,108,117,115,324,313,303,312,309,318,320,325,323,63,66,301,306,302,317,305,311,329,308,330,314,315,328,327,310,304,322,321,319,307,64,65,326,110
4652,SURVIVED
4653,KILLED,109,116,114,108,110
4654,KILLED,109,116,114,108,110
4655,KILLED,109,116,114,108,117,115,324,313,303,312,309,318,320,325,323,63,66,301,306,302,317,305,311,329,308,330,314,315,328,327,310,304,322,321,319,307,64,65,326,110
4656,KILLED,109,116,114,108,117,115,320,325,323,63,66,301,306,302,317,305,311,329,308,330,314,315,328,327,310,304,322,321,319,307,64,65,326,110
4657,NO_COVERAGE
4658,KILLED,109,116,114,108,117,115,320,325,323,63,66,301,306,302,317,305,311,329,308,330,314,315,328,327,310,304,322,321,319,307,64,65,326,110
4659,KILLED,114,108,110
4660,KILLED,114,108,110
4661,KILLED,114,108,110
4662,KILLED,63,66,308,330,314,327,322,319,64,65,326
4663,KILLED,109,116,114,108,117,115,320,325,323,63,66,301,306,302,317,305,311,329,308,330,314,315,328,327,310,304,322,321,319,307,64,65,326,110
4664,KILLED,109,116,114,108,117,115,320,325,323,63,66,301,306,302,317,305,311,329,308,330,314,315,328,327,310,304,322,321,319,307,64,65,326,110
4665,KILLED,109,116,114,108,110
4666,NO_COVERAGE
4667,KILLED,114,108,110
4668,KILLED,114,108,110
4669,KILLED,109,116,114,108,110
4670,KILLED,109,116,114,108,110
4671,KILLED,109,116,117,115,320,325,323,63,66,301,306,302,317,305,311,329,308,330,314,315,328,327,310,304,322,321,319,307,64,65,326
4672,KILLED,109,116,117,115,320,325,323,63,66,301,306,302,317,305,311,329,308,330,314,315,328,327,310,304,322,321,319,307,64,65,326
4673,KILLED,114,108,110
4674,SURVIVED
4675,KILLED,114,108,110
4676,KILLED,109,116,114,108,117,115,320,325,323,63,66,301,306,302,317,305,311,329,308,330,314,315,328,327,310,304,322,321,319,307,64,65,326,110
4677,KILLED,109,116,114,108,320,325,323,301,306,302,317,305,311,329,308,330,314,315,328,327,310,304,322,321,319,307,326,110
4678,KILLED,109,116,114,108,320,325,323,301,306,302,317,305,311,329,308,330,314,315,328,327,310,304,322,321,319,307,326
4679,KILLED,114,108,110
4680,KILLED,114,108,110
4681,KILLED,114,108,110
4682,KILLED,109,116,114,108,110
4683,KILLED,109,116,114,108,110
4684,KILLED,109,116,114,108,110
4685,SURVIVED
4686,KILLED,109,116,114,108,110
4687,KILLED,109,116,114,108,110
4688,KILLED,109,116,114,108,110
4689,KILLED,109,116,114,108,110
4690,KILLED,109,116,114,108,110
4691,SURVIVED
4692,SURVIVED
4693,NO_COVERAGE
4694,SURVIVED
4695,KILLED,114,108,110
4696,KILLED,114,108,110
4697,KILLED,114,108
4698,KILLED,114,108
4699,KILLED,109,116,114,108,110
4700,KILLED,109,116,114,108,110
4701,KILLED,109,116,117,115,324,313,303,312,309,318,320,325,323,63,66,301,306,302,317,305,311,329,308,330,314,315,328,327,310,304,322,321,319,307,64,65,326
4702,KILLED,109,116,114,108,117,115,324,313,303,312,309,318,320,325,323,63,66,301,306,302,317,305,311,329,308,330,314,315,328,327,310,304,322,321,319,307,64,65,326,110
4703,KILLED,114,108,110
4704,KILLED,109,116,114,108,324,313,303,312,309,318,320,325,323,301,306,302,317,305,311,329,308,330,314,315,328,327,310,304,322,321,319,307,326,110
4705,KILLED,109,116,114,108,320,325,323,301,306,302,317,305,311,329,308,330,314,315,328,327,310,304,322,321,319,307,326,110
4706,KILLED,114,108,110
4707,KILLED,114,108,110
4708,KILLED,109,116,114,108,117,115,324,313,303,312,309,318,320,325,323,63,66,301,306,302,317,305,311,329,308,330,314,315,328,327,310,304,322,321,319,307,64,65,326,110
4709,KILLED,109,116,114,108,324,313,303,312,309,318,110
4710,SURVIVED
4711,KILLED,109,116
4712,KILLED,109,116,114,108,117,115,324,313,303,312,309,318,320,325,323,63,66,301,306,302,317,305,311,329,308,330,314,315,328,327,310,304,322,321,319,307,64,65,326,110
4713,KILLED,109,116,114,108,110
4714,KILLED,109,116,114,108,110
4715,SURVIVED
4716,SURVIVED
4717,KILLED,109,116
4718,SURVIVED
4719,KILLED,109,116,114,108,117,115,324,313,303,312,309,318,320,325,323,63,66,301,306,302,317,305,311,329,308,330,314,315,328,327,310,304,322,321,319,307,64,65,326,110
4720,KILLED,109,116,114,108,117,115,324,313,303,312,309,318,320,325,323,63,66,301,306,302,317,305,311,329,308,330,314,315,328,327,310,304,322,321,319,307,64,65,326,110
4721,KILLED,114,108,110
4722,KILLED,114,108,110
4723,KILLED,114,108,110
4724,KILLED,109,116,114,108,320,325,323,301,306,302,317,305,311,329,308,330,314,315,328,327,310,304,322,321,319,307,326
4725,KILLED,114,108,110
4726,KILLED,109,116,114,108,110
4727,KILLED,109,116,114,108,110
4728,KILLED,109,116,114,108,110
4729,KILLED,109,116,114,108,110
4730,SURVIVED
4731,KILLED,109,116,114,108,110
4732,KILLED,114,108,110
4733,SURVIVED
4734,KILLED,114,108,110
4735,KILLED,114,108,110
4736,SURVIVED
4737,KILLED,109,116
4738,KILLED,109,116,114,108,110
4739,KILLED,109,116,114,108,110
4740,SURVIVED
4741,SURVIVED
4742,SURVIVED
4743,TIMED_OUT
4744,KILLED,109,116,114,108,320,325,323,301,306,302,317,305,311,329,308,330,314,315,328,327,310,304,322,321,319,307,326,110
4745,SURVIVED
4746,KILLED,109,116,117,115,324,313,303,312,309,318,320,325,323,63,66,301,306,302,317,305,311,329,308,330,314,315,328,327,310,304,322,321,319,307,64,65,326
4747,SURVIVED
4748,SURVIVED
4749,KILLED,117,115,324,313,303,312,309,318,320,325,323,63,66,301,306,302,317,305,311,329,308,330,314,315,328,327,310,304,322,321,319,307,64,65,326
4750,SURVIVED
4751,SURVIVED
4752,KILLED,109,116
4753,KILLED,109,116,114,108,117,115,324,313,303,312,309,318,320,325,323,63,66,301,306,302,317,305,311,329,308,330,314,315,328,327,310,304,322,321,319,307,64,65,326,110
4754,KILLED,109,116,117,115,320,325,323,63,66,301,306,302,317,305,311,329,308,330,314,315,328,327,310,304,322,321,319,307,64,65,326
4755,KILLED,114,108,110
4756,KILLED,109,116,114,108,320,325,323,301,306,302,317,305,311,329,308,330,314,315,328,327,310,304,322,321,319,307,326,110
4757,KILLED,114,108,110
4758,KILLED,109,116,114,108,110
4759,KILLED,109,116,114,108,110
4760,SURVIVED
4761,SURVIVED
4762,KILLED,109,116,114,108,117,115,324,313,303,312,309,318,320,325,323,63,66,301,306,302,317,305,311,329,308,330,314,315,328,327,310,304,322,321,319,307,64,65,326,110
4763,KILLED,114,108,110
4764,KILLED,109,116,114,108,117,115,324,313,303,312,309,318,320,325,323,63,66,301,306,302,317,305,311,329,308,330,314,315,328,327,310,304,322,321,319,307,64,65,326,110
4765,KILLED,114,108,110
4766,KILLED,109,116,114,108,117,115,324,313,303,312,309,318,320,325,323,63,66,301,306,302,317,305,311,329,308,330,314,315,328,327,310,304,322,321,319,307,64,65,326,110
4767,TIMED_OUT
4768,KILLED,109,116,114,108,110
4769,KILLED,109,116,114,108,110
4770,NO_COVERAGE
4771,SURVIVED
4772,KILLED,109,116,117,115,320,325,323,63,66,301,306,302,317,305,311,329,308,330,314,315,328,327,310,304,322,321,319,307,64,65,326
4773,KILLED,114,108,110
4774,KILLED,109,116,114,108,117,115,320,325,323,63,66,301,306,302,317,305,311,329,308,330,314,315,328,327,310,304,322,321,319,307,64,65,326,110
4775,KILLED,109,116,114,108,117,115,320,325,323,63,66,301,306,302,317,305,311,329,308,330,314,315,328,327,310,304,322,321,319,307,64,65,326,110
4776,KILLED,109,116,114,108,117,115,320,325,323,63,66,301,306,302,317,305,311,329,308,330,314,315,328,327,310,304,322,321,319,307,64,65,326,110
4777,KILLED,109,116,114,108,117,115,320,325,323,63,66,301,306,302,317,305,311,329,308,330,314,315,328,327,310,304,322,321,319,307,64,65,326,110
4778,TIMED_OUT
4779,KILLED,114,108,110
4780,KILLED,114,108,110
4781,KILLED,114,108,110
4782,KILLED,308,330,314,327,322,319,326
4783,KILLED,109,116,114,108,117,115,320,325,323,63,66,301,306,302,317,305,311,329,308,330,314,315,328,327,310,304,322,321,319,307,64,65,326,110
4784,TIMED_OUT
4785,KILLED,109,116,114,108,110
4786,NO_COVERAGE
4787,KILLED,114,108,110
4788,KILLED,114,108,110
4789,KILLED,109,116,114,108,110
4790,KILLED,109,116,114,108,110
4791,SURVIVED
4792,KILLED,113,114,108,318,326,110
4793,KILLED,111,109,116,113,114,108,117,115,324,313,303,312,309,318,320,325,323,63,66,301,306,302,317,305,311,329,308,330,314,315,328,327,310,304,322,321,319,307,64,65,326,110
4794,KILLED,109,116,113,114,108,115,313,303,318,320,325,323,63,66,301,306,302,317,305,311,329,308,330,314,315,328,327,310,304,322,321,319,307,64,65,326,110
4795,KILLED,111,109,116,113,114,108,117,115,324,313,303,312,309,318,320,325,323,63,66,301,306,302,317,305,311,329,308,330,314,315,328,327,310,304,322,321,319,307,64,65,326,110
4796,SURVIVED
4797,TIMED_OUT
4798,KILLED,111,109,116,113,114,108,117,115,324,313,303,312,309,318,320,325,323,63,66,301,306,302,317,305,311,329,308,330,314,315,328,327,310,304,322,321,319,307,64,65,326,110
4799,KILLED,114,108,318,326,110
4800,KILLED,110
4801,KILLED,113,114,108,313,303,312,309,318,308,330,314,319,326,110
4802,TIMED_OUT
4803,KILLED,111,109,116,113,114,108,117,115,324,313,303,312,309,318,320,325,323,63,66,301,306,302,317,305,311,329,308,330,314,315,328,327,310,304,322,321,319,307,64,65,326,110
4804,KILLED,111,109,116,113,114,108,117,115,324,313,303,312,309,318,320,325,323,63,66,301,306,302,317,305,311,329,308,330,314,315,328,327,310,304,322,321,319,307,64,65,326,110
4805,KILLED,111,109,116,113,114,108,117,115,324,313,303,312,309,318,320,325,323,63,66,301,306,302,317,305,311,329,308,330,314,315,328,327,310,304,322,321,319,307,64,65,326,110
4806,KILLED,114,108,318,326,110
4807,KILLED,111,109,116,113,114,108,117,115,324,313,303,312,309,318,320,325,323,63,66,301,306,302,317,305,311,329,308,330,314,315,328,327,310,304,322,321,319,307,64,65,326,110
4808,KILLED,113,114,108,313,303,312,309,318,308,330,314,319,326,110
4809,KILLED,110
4810,KILLED,114,108,313,303,312,309,318,308,330,314,319,326,110
4811,KILLED,114,108,313,303,312,309,318,308,330,314,319,326,110
4812,KILLED,111,109,116,113,114,108,117,115,324,313,303,312,309,318,320,325,323,63,66,301,306,302,317,305,311,329,308,330,314,315,328,327,310,304,322,321,319,307,64,65,326,110
4813,TIMED_OUT
4814,KILLED,111,109,116,113,114,108,117,115,324,313,303,312,309,318,320,325,323,63,66,301,306,302,317,305,311,329,308,330,314,315,328,327,310,304,322,321,319,307,64,65,326,110
4815,KILLED,113,114,108,313,303,312,309,318,308,330,314,319,326,110
4816,TIMED_OUT
4817,KILLED,113,114,108,313,303,312,309,318,308,330,314,319,326,110
4818,KILLED,111,109,116,113,114,108,117,115,324,313,303,312,309,318,320,325,323,63,66,301,306,302,317,305,311,329,308,330,314,315,328,327,310,304,322,321,319,307,64,65,326,110
4819,SURVIVED
4820,KILLED,111,109,116,113,114,108,117,115,324,313,303,312,309,318,320,325,323,63,66,301,306,302,317,305,311,329,308,330,314,315,328,327,310,304,322,321,319,307,64,65,326,110
4821,NO_COVERAGE
4822,KILLED,114,108,318,326,110
4823,KILLED,114,108,320,325,323,301,306,302,317,305,311,329,308,330,314,315,328,327,310,304,322,321,319,307,326,110
4824,KILLED,109,116,113,114,108,117,115,320,325,323,63,66,301,306,302,317,305,311,329,308,330,314,315,328,327,310,304,322,321,319,307,64,65,326,110
4825,KILLED,109,116,113,114,108,117,115,320,325,323,63,66,301,306,302,317,305,311,329,308,330,314,315,328,327,310,304,322,321,319,307,64,65,326,110
4826,KILLED,109,116,113,114,108,117,115,320,325,323,63,66,301,306,302,317,305,311,329,308,330,314,315,328,327,310,304,322,321,319,307,64,65,326,110
4827,KILLED,113,114,108,117,115,320,325,323,63,66,301,306,302,317,305,311,329,308,330,314,315,328,327,310,304,322,321,319,307,64,65,326,110
4828,NO_COVERAGE
4829,NO_COVERAGE
4830,NO_COVERAGE
4831,NO_COVERAGE
4832,NO_COVERAGE
4833,NO_COVERAGE
4834,KILLED,109,116,113,114,108,117,115,320,325,323,63,66,301,306,302,317,305,311,329,308,330,314,315,328,327,310,304,322,321,319,307,64,65,326,110
4835,KILLED,109,116,113,114,108,117,115,320,325,323,63,66,301,306,302,317,305,311,329,308,330,314,315,328,327,310,304,322,321,319,307,64,65,326,110
4836,KILLED,109,116,113,114,108,117,115,320,325,323,63,66,301,306,302,317,305,311,329,308,330,314,315,328,327,310,304,322,321,319,307,64,65,326,110
4837,KILLED,113,114,108,117,115,320,325,323,63,66,301,306,302,317,305,311,329,308,330,314,315,328,327,310,304,322,321,319,307,64,65,326,110
4838,KILLED,109,116,113,114,108,117,115,320,325,323,63,66,301,306,302,317,305,311,329,308,330,314,315,328,327,310,304,322,321,319,307,64,65,326,110
4839,KILLED,109,116,113,114,108,117,115,320,325,323,63,66,301,306,302,317,305,311,329,308,330,314,315,328,327,310,304,322,321,319,307,64,65,326,110
4840,KILLED,109,116,113,114,108,117,115,320,325,323,63,66,301,306,302,317,305,311,329,308,330,314,315,328,327,310,304,322,321,319,307,64,65,326,110
4841,KILLED,109,116,113,114,108,117,115,320,325,323,63,66,301,306,302,317,305,311,329,308,330,314,315,328,327,310,304,322,321,319,307,64,65,326,110
4842,KILLED,109,116,113,114,108,117,115,320,325,323,63,66,301,306,302,317,305,311,329,308,330,314,315,328,327,310,304,322,321,319,307,64,65,326,110
4843,KILLED,113,114,108,117,115,320,325,323,63,66,301,306,302,317,305,311,329,308,330,314,315,328,327,310,304,322,321,319,307,64,65,326,110
4844,KILLED,113,114,108,117,115,320,325,323,63,66,301,306,302,317,305,311,329,308,330,314,315,328,327,310,304,322,321,319,307,64,65,326,110
4845,SURVIVED
4846,KILLED,114,108,320,325,323,301,306,302,317,305,311,329,308,330,314,315,328,327,310,304,322,321,319,307,326,110
4847,NO_COVERAGE
4848,KILLED,114,108,320,325,323,301,306,302,317,305,311,329,308,330,314,315,328,327,310,304,322,321,319,307,326,110
4849,KILLED,109,116,113,114,108,117,115,320,325,323,63,66,301,306,302,317,305,311,329,308,330,314,315,328,327,310,304,322,321,319,307,64,65,326,110
4850,KILLED,109,116,113,114,108,117,115,320,325,323,63,66,301,306,302,317,305,311,329,308,330,314,315,328,327,310,304,322,321,319,307,64,65,326,110
4851,KILLED,109,116,113,114,108,117,115,320,325,323,63,66,301,306,302,317,305,311,329,308,330,314,315,328,327,310,304,322,321,319,307,64,65,326,110
4852,KILLED,109,116,113,114,108,117,115,320,325,323,63,66,301,306,302,317,305,311,329,308,330,314,315,328,327,310,304,322,321,319,307,64,65,326,110
4853,KILLED,109,116,113,114,108,117,115,320,325,323,63,66,301,306,302,317,305,311,329,308,330,314,315,328,327,310,304,322,321,319,307,64,65,326,110
4854,KILLED,109,116,113,114,108,117,115,320,325,323,63,66,301,306,302,317,305,311,329,308,330,314,315,328,327,310,304,322,321,319,307,64,65,326,110
4855,KILLED,109,116,113,114,108,117,115,320,325,323,63,66,301,306,302,317,305,311,329,308,330,314,315,328,327,310,304,322,321,319,307,64,65,326,110
4856,KILLED,113,114,108,117,115,320,325,323,63,66,301,306,302,317,305,311,329,308,330,314,315,328,327,310,304,322,321,319,307,64,65,326,110
4857,KILLED,113,114,108,117,115,320,325,323,63,66,301,306,302,317,305,311,329,308,330,314,315,328,327,310,304,322,321,319,307,64,65,326,110
4858,KILLED,109,116,113,114,108,117,115,320,325,323,63,66,301,306,302,317,305,311,329,308,330,314,315,328,327,310,304,322,321,319,307,64,65,326,110
4859,KILLED,109,116,113,114,108,117,115,320,325,323,63,66,301,306,302,317,305,311,329,308,330,314,315,328,327,310,304,322,321,319,307,64,65,326,110
4860,NO_COVERAGE
4861,NO_COVERAGE
4862,NO_COVERAGE
4863,KILLED,109,116,113,114,108,117,115,320,325,323,63,66,301,306,302,317,305,311,329,308,330,314,315,328,327,310,304,322,321,319,307,64,65,326,110
4864,KILLED,109,116,113,114,108,117,115,320,325,323,63,66,301,306,302,317,305,311,329,308,330,314,315,328,327,310,304,322,321,319,307,64,65,326,110
4865,KILLED,109,116,113,114,108,117,115,320,325,323,63,66,301,306,302,317,305,311,329,308,330,314,315,328,327,310,304,322,321,319,307,64,65,326,110
4866,KILLED,109,116,113,114,108,117,115,320,325,323,63,66,301,306,302,317,305,311,329,308,330,314,315,328,327,310,304,322,321,319,307,64,65,326,110
4867,NO_COVERAGE
4868,NO_COVERAGE
4869,NO_COVERAGE
4870,KILLED,109,116,113,114,108,117,115,320,325,323,63,66,301,306,302,317,305,311,329,308,330,314,315,328,327,310,304,322,321,319,307,64,65,326,110
4871,KILLED,109,116,113,114,108,117,115,320,325,323,63,66,301,306,302,317,305,311,329,308,330,314,315,328,327,310,304,322,321,319,307,64,65,326,110
4872,KILLED,113,114,108,117,115,320,325,323,63,66,301,306,302,317,305,311,329,308,330,314,315,328,327,310,304,322,321,319,307,64,65,326,110
4873,KILLED,113,114,108,117,115,320,325,323,63,66,301,306,302,317,305,311,329,308,330,314,315,328,327,310,304,322,321,319,307,64,65,326,110
4874,KILLED,113,114,108,117,115,320,325,323,63,66,301,306,302,317,305,311,329,308,330,314,315,328,327,310,304,322,321,319,307,64,65,326,110
4875,KILLED,114,108,320,325,323,301,306,302,317,305,311,329,308,330,314,315,328,327,310,304,322,321,319,307,326,110
4876,KILLED,117,115,320,325,323,63,66,301,306,302,317,305,311,329,308,330,314,315,328,327,310,304,322,321,319,307,64,65,326
4877,SURVIVED
4878,SURVIVED
4879,SURVIVED
4880,KILLED,113,114,108,117,115,320,325,323,63,66,301,306,302,317,305,311,329,308,330,314,315,328,327,310,304,322,321,319,307,64,65,326,110
4881,KILLED,113,114,108,117,115,320,325,323,63,66,301,306,302,317,305,311,329,308,330,314,315,328,327,310,304,322,321,319,307,64,65,326,110
4882,SURVIVED
4883,KILLED,109,116,113,114,108,117,115,320,325,323,63,66,301,306,302,317,305,311,329,308,330,314,315,328,327,310,304,322,321,319,307,64,65,326,110
4884,KILLED,109,116,113,114,108,117,115,320,325,323,63,66,301,306,302,317,305,311,329,308,330,314,315,328,327,310,304,322,321,319,307,64,65,326,110
4885,KILLED,109,116,113,114,108,117,115,320,325,323,63,66,301,306,302,317,305,311,329,308,330,314,315,328,327,310,304,322,321,319,307,64,65,326,110
4886,KILLED,109,116,114,108,110
4887,SURVIVED
4888,KILLED,109,116,113,114,108,117,115,320,325,323,63,66,301,306,302,317,305,311,329,308,330,314,315,328,327,310,304,322,321,319,307,64,65,326,110
4889,KILLED,109,116,113,114,108,117,115,320,325,323,63,66,301,306,302,317,305,311,329,308,330,314,315,328,327,310,304,322,321,319,307,64,65,326,110
4890,KILLED,109,116,113,114,108,117,115,320,325,323,63,66,301,306,302,317,305,311,329,308,330,314,315,328,327,310,304,322,321,319,307,64,65,326,110
4891,KILLED,109,116,113,114,108,117,115,320,325,323,63,66,301,306,302,317,305,311,329,308,330,314,315,328,327,310,304,322,321,319,307,64,65,326,110
4892,KILLED,113,114,108,117,115,320,325,323,63,66,301,306,302,317,305,311,329,308,330,314,315,328,327,310,304,322,321,319,307,64,65,326,110
4893,KILLED,109,116,113,114,108,117,115,320,325,323,63,66,301,306,302,317,305,311,329,308,330,314,315,328,327,310,304,322,321,319,307,64,65,326,110
4894,KILLED,109,116,113,114,108,117,115,320,325,323,63,66,301,306,302,317,305,311,329,308,330,314,315,328,327,310,304,322,321,319,307,64,65,326,110
4895,KILLED,109,116,113,114,108,117,115,320,325,323,63,66,301,306,302,317,305,311,329,308,330,314,315,328,327,310,304,322,321,319,307,64,65,326,110
4896,KILLED,113,114,108,117,115,320,325,323,63,66,301,306,302,317,305,311,329,308,330,314,315,328,327,310,304,322,321,319,307,64,65,326,110
4897,KILLED,109,116,113,114,108,117,115,320,325,323,63,66,301,306,302,317,305,311,329,308,330,314,315,328,327,310,304,322,321,319,307,64,65,326,110
4898,KILLED,109,116,113,114,108,117,115,320,325,323,63,66,301,306,302,317,305,311,329,308,330,314,315,328,327,310,304,322,321,319,307,64,65,326,110
4899,SURVIVED
4900,KILLED,114,108,320,325,323,301,306,302,317,305,311,329,308,330,314,315,328,327,310,304,322,321,319,307,326,110
4901,NO_COVERAGE
4902,KILLED,109,116,113,114,108,117,115,320,325,323,63,66,301,306,302,317,305,311,329,308,330,314,315,328,327,310,304,322,321,319,307,64,65,326,110
4903,KILLED,109,116,113,114,108,117,115,320,325,323,63,66,301,306,302,317,305,311,329,308,330,314,315,328,327,310,304,322,321,319,307,64,65,326,110
4904,KILLED,109,116,113,114,108,117,115,320,325,323,63,66,301,306,302,317,305,311,329,308,330,314,315,328,327,310,304,322,321,319,307,64,65,326,110
4905,KILLED,113,114,108,117,115,320,325,323,63,66,301,306,302,317,305,311,329,308,330,314,315,328,327,310,304,322,321,319,307,64,65,326,110
4906,NO_COVERAGE
4907,NO_COVERAGE
4908,NO_COVERAGE
4909,NO_COVERAGE
4910,NO_COVERAGE
4911,NO_COVERAGE
4912,NO_COVERAGE
4913,NO_COVERAGE
4914,NO_COVERAGE
4915,NO_COVERAGE
4916,NO_COVERAGE
4917,NO_COVERAGE
4918,NO_COVERAGE
4919,NO_COVERAGE
4920,NO_COVERAGE
4921,NO_COVERAGE
4922,NO_COVERAGE
4923,NO_COVERAGE
4924,NO_COVERAGE
4925,NO_COVERAGE
4926,NO_COVERAGE
4927,NO_COVERAGE
4928,NO_COVERAGE
4929,NO_COVERAGE
4930,NO_COVERAGE
4931,NO_COVERAGE
4932,NO_COVERAGE
4933,NO_COVERAGE
4934,NO_COVERAGE
4935,NO_COVERAGE
4936,NO_COVERAGE
4937,NO_COVERAGE
4938,NO_COVERAGE
4939,NO_COVERAGE
4940,NO_COVERAGE
4941,NO_COVERAGE
4942,NO_COVERAGE
4943,SURVIVED
4944,KILLED,412,413,410,414,411,98,315,328,322,390,307,64
4945,KILLED,412,413,410,414,411,98,315,328,322,390,307,64
4946,SURVIVED
4947,SURVIVED
4948,KILLED,412,413,410,414,411,98,315,328,322,390,307,64
4949,KILLED,412,413,414,411,98,315,328,322,307
4950,KILLED,412,413,410,414,411,98,315,328,322,390,307,64
4951,SURVIVED
4952,KILLED,412,413,410,414,411,98,315,328,322,390,307,64
4953,KILLED,413
4954,SURVIVED
4955,KILLED,412,413,410,411,98,315,328,322,390,307,64
4956,NO_COVERAGE
4957,KILLED,412,413,410,414,411,98,315,328,322,390,307,64
4958,KILLED,410,414,411,98,390,307,64
4959,SURVIVED
4960,TIMED_OUT
4961,KILLED,412,413,410,414,411,98,315,328,322,390,307,64
4962,KILLED,412,413,410,414,411,98,315,328,322,390,307,64
4963,KILLED,412,413,410,414,411,98,315,328,322,390,307,64
4964,KILLED,412,413,410,414,411,98,315,328,322,390,307,64
4965,KILLED,410,414,411,98,315,328,322,390,307,64
4966,KILLED,412,413,410,414,411,98,315,328,322,390,307,64
4967,KILLED,412,413,410,414,411,98,315,328,322,390,307,64
4968,KILLED,412,413,410,414,411,98,315,328,322,390,307,64
4969,KILLED,412,413,410,414,411,98,315,328,322,390,307,64
4970,KILLED,412,413,410,414,411,98,315,328,322,390,307,64
4971,KILLED,412,413,410,414,411,98,315,328,322,390,307,64
4972,KILLED,412,413,410,414,411,98,315,328,322,390,307,64
4973,KILLED,412,413,410,414,411,98,315,328,322,390,307,64
4974,KILLED,412,413,410,414,411,98,315,328,322,390,307,64
4975,KILLED,412,413,410,414,411,98,315,328,322,390,307,64
4976,KILLED,412,413,410,414,411,98,315,328,322,390,307,64
4977,KILLED,412,413,410,414,411,98,315,328,322,390,307,64
4978,SURVIVED
4979,KILLED,412,413,410,414,411,98,315,328,322,390,307,64
4980,KILLED,412,413,410,414,411,98,315,328,322,390,307,64
4981,KILLED,412,413,410,414,411,98,315,328,322,390,307,64
4982,KILLED,412,413,410,414,411,98,315,328,322,390,307,64
4983,TIMED_OUT
4984,KILLED,412,413,410,414,411,98,315,328,322,390,307,64
4985,KILLED,412,413,410,414,411,98,315,328,322,390,307,64
4986,KILLED,412,413,410,414,411,98,315,328,322,390,307,64
4987,KILLED,412,413,410,414,411,98,315,328,322,390,307,64
4988,KILLED,412,413,410,414,411,98,315,328,322,390,307,64
4989,KILLED,412,413,410,414,411,98,315,328,322,390,307,64
4990,KILLED,412,413,410,414,411,307
4991,KILLED,412,413,410,414,411,98,315,328,322,390,307,64
4992,KILLED,412,413,410,414,411,307
4993,KILLED,412,413,410,414,411,98,315,328,322,390,307,64
4994,KILLED,412,413,410,414,411,307
4995,KILLED,412,413,410,414,411,98,315,328,322,390,307,64
4996,KILLED,412,413,410,414,411,307
4997,KILLED,412,413,410,414,411,307
4998,KILLED,412,413,410,414,411,307
4999,KILLED,412,413,410,414,411,307
5000,KILLED,412,413,410,414,411,307
5001,KILLED,412,413,410,414,411,307
5002,KILLED,412,413,410,414,411,98,315,328,322,390,307,64
5003,KILLED,412,413,410,414,411,98,315,328,322,390,307,64
5004,KILLED,412,413,410,414,411,98,315,328,322,390,307,64
5005,KILLED,412,413,410,414,411,98,315,328,322,390,307,64
5006,KILLED,412,413,410,414,411,307
5007,KILLED,412,413,410,414,411,98,315,328,322,390,307,64
5008,KILLED,412,413,410,414,411,98,315,328,322,390,307,64
5009,KILLED,412,413,410,414,411,98,315,328,322,390,307,64
5010,KILLED,412,413,410,414,411,98,315,328,322,390,307,64
5011,SURVIVED
5012,KILLED,412,413,410,414,411,98,315,328,322,390,307,64
5013,SURVIVED
5014,KILLED,412,413,410,414,411,98,315,328,322,390,307,64
5015,KILLED,412,413,410,414,411,98,390,307,64
5016,KILLED,412,413,410,414,411,98,315,328,322,390,307,64
5017,KILLED,412,413,410,414,411,98,315,328,322,390,307,64
5018,KILLED,412,413,410,414,411,98,390,307,64
5019,KILLED,412,413,410,414,411,98,315,328,322,390,307,64
5020,KILLED,412,413,410,414,411,98,315,328,322,390,307,64
5021,KILLED,412,413,410,414,411,98,315,328,322,390,307,64
5022,KILLED,412,413,410,414,411,98,315,328,322,390,307,64
5023,KILLED,412,413,410,414,411,98,315,328,322,390,307,64
5024,KILLED,412,413,410,414,411,98,315,328,322,390,307,64
5025,KILLED,412,413,410,414,411,98,315,328,322,390,307,64
5026,KILLED,412,413,410,414,411,98,315,328,322,390,307,64
5027,KILLED,412,413,410,414,411,98,315,328,322,390,307,64
5028,KILLED,412,413,410,414,411,98,315,328,322,390,307,64
5029,KILLED,412,413,410,414,411,98,315,328,322,390,307,64
5030,KILLED,412,413,410,414,411,98,315,328,322,390,307,64
5031,SURVIVED
5032,KILLED,412,413,410,414,411,98,315,328,322,390,307,64
5033,SURVIVED
5034,KILLED,412,413,410,414,411,98,315,328,322,390,307,64
5035,KILLED,412,413,410,414,411,98,315,328,322,390,307,64
5036,KILLED,412,413,410,414,411,98,315,328,322,390,307,64
5037,KILLED,412,413,410,414,411,98,315,328,322,390,307,64
5038,KILLED,412,413,410,414,411,98,315,328,322,390,307,64
5039,KILLED,412,413,410,414,411,98,315,328,322,390,307,64
5040,SURVIVED
5041,SURVIVED
5042,SURVIVED
5043,SURVIVED
5044,SURVIVED
5045,SURVIVED
5046,SURVIVED
5047,SURVIVED
5048,SURVIVED
5049,KILLED,413
5050,NO_COVERAGE
5051,SURVIVED
5052,KILLED,413,414
5053,KILLED,412,413,410,414,411,307
5054,KILLED,413
5055,KILLED,412,413,410,414,411,307
5056,KILLED,412,413
5057,KILLED,413,414
5058,KILLED,412,413,410,414,411,307
5059,KILLED,413
5060,SURVIVED
5061,KILLED,413
5062,KILLED,413,414
5063,KILLED,412,413,410,414,411,307
5064,KILLED,412
5065,KILLED,413
5066,KILLED,412,413,410,414,411,307
5067,KILLED,412,413,410,414,411,307
5068,KILLED,410,411
5069,SURVIVED
5070,SURVIVED
5071,KILLED,414,411,98
5072,SURVIVED
5073,SURVIVED
5074,KILLED,412,413,410,414,411,98,315,328,322,390,307,64
5075,KILLED,412,413,410,414,411,98,315,328,322,390,307,64
5076,KILLED,412,413,410,414,98,390,64
5077,SURVIVED
5078,SURVIVED
5079,KILLED,412,413,410,414,411,98,315,328,322,390,307,64
5080,KILLED,412,413,410,414,411,98,315,328,322,390,307,64
5081,KILLED,412,413,410,414,411,98,315,328,322,390,307,64
5082,KILLED,412,413,410,414,411,98,315,328,322,390,307,64
5083,KILLED,412,413,410,414,411,98,315,328,322,390,307,64
5084,KILLED,412,413,410,414,411,98,315,328,322,390,307,64
5085,KILLED,412,413,410,414,411,98,315,328,322,390,307,64
5086,KILLED,412,413,410,414,411,98,315,328,322,390,307,64
5087,KILLED,412,413,410,414,411,98,315,328,322,390,307,64
5088,KILLED,412,413,410,414,411,98,315,328,322,390,307,64
5089,KILLED,410,414,411,98,390,64
5090,KILLED,412,413,410,315,328,322,390,307,64
5091,KILLED,412,413,410,414,411,98,315,328,322,390,307,64
5092,TIMED_OUT
5093,TIMED_OUT
5094,NO_COVERAGE
5095,NO_COVERAGE
5096,NO_COVERAGE
5097,SURVIVED
5098,SURVIVED
5099,NO_COVERAGE
5100,NO_COVERAGE
5101,NO_COVERAGE
5102,NO_COVERAGE
5103,SURVIVED
5104,SURVIVED
5105,SURVIVED
5106,KILLED,412,413,410,414,411,307
5107,KILLED,412,413,410,414,411,307
5108,KILLED,412,413,410,414,411,307
5109,SURVIVED
5110,KILLED,412,413,410,414,411,307
5111,KILLED,412,413,410,414,411,307
5112,NO_COVERAGE
5113,NO_COVERAGE
5114,SURVIVED
5115,KILLED,412,413,410,414,411,307
5116,KILLED,412,413,410,414,411,98,315,328,322,390,307,64
5117,KILLED,412,413,410,414,411,98,307
5118,SURVIVED
5119,SURVIVED
5120,SURVIVED
5121,KILLED,412,413,410,414,411,98,315,328,322,390,64
5122,SURVIVED
5123,KILLED,412,413,410,414,411,98,315,328,322
5124,SURVIVED
5125,SURVIVED
5126,SURVIVED
5127,KILLED,410,414,411,98,390,307,64
5128,SURVIVED
5129,SURVIVED
5130,KILLED,410,414,411,98,390,307,64
5131,SURVIVED
5132,KILLED,414
5133,NO_COVERAGE
5134,NO_COVERAGE
5135,NO_COVERAGE
5136,NO_COVERAGE
5137,NO_COVERAGE
5138,NO_COVERAGE
5139,KILLED,412,413,410,414,411,98,315,328,322,390,307,64
5140,KILLED,414,98
5141,KILLED,414,98,64
5142,KILLED,410,414,411,98,390,64
5143,KILLED,410,414,411,98,390,64
5144,KILLED,414,411,98,64
5145,KILLED,410,414,411,98
5146,KILLED,412,413,410,414,411,98,315,328,322,390,64
5147,KILLED,412,413,410,414,411,98,315,328,322,64
5148,KILLED,410,414,411,98,390,307,64
5149,KILLED,410,414,411,98,390,307,64
5150,KILLED,414,98,64
5151,KILLED,414,98,64
5152,KILLED,410,414,411,98,390,307,64
5153,KILLED,410,414,411,98,390,307,64
5154,KILLED,410,414,411,98,390,64
5155,KILLED,410,414,411,98,307
5156,KILLED,412,413,410,414,411,98,315,328,322,390,307,64
5157,SURVIVED
5158,KILLED,412,413,410,414,411,98,315,328,322,390,307,64
5159,KILLED,412,413,410,414,411,98,315,328,322,307
5160,KILLED,414,411,98,307
5161,KILLED,414,98
5162,KILLED,412,413,410,414,411,98,315,328,322,307
5163,KILLED,414,411,98
5164,KILLED,412,413,410,414,411,98,307
5165,KILLED,414,411,98,307
5166,KILLED,414,411,98
5167,KILLED,412,413,410,414,411,98
5168,KILLED,412,413,410,414,411,98,315,328,322
5169,TIMED_OUT
5170,KILLED,414,411,98
5171,KILLED,414,98
5172,KILLED,414,98
5173,KILLED,410,414,98,390,64
5174,KILLED,412,413,410,414,411,98,315,328,322,390,64
5175,KILLED,410,414,411,98,390,64
5176,KILLED,414,411,98
5177,SURVIVED
5178,KILLED,410,414,411,98,390,64
5179,KILLED,410,414,411,98,390,64
5180,KILLED,414,411,98
5181,KILLED,412,413,410,414,411,98,315,328,322
5182,KILLED,412,413,410,414,411,98,315,328,322
5183,KILLED,410,414,411,98
5184,KILLED,410,414,411,98,307
5185,KILLED,410,414,411,98,307
5186,KILLED,410,414,411,98,307
5187,SURVIVED
5188,KILLED,410,414,411,98,307
5189,KILLED,414,98
5190,KILLED,414,98
5191,KILLED,414,98
5192,KILLED,410,414,411,98,307
5193,KILLED,414,98
5194,KILLED,414,98,64
5195,KILLED,410,414,98,64
5196,KILLED,410,414,411,98,390,307,64
5197,KILLED,410,414,411,98,390,307,64
5198,KILLED,410,414,411,98
5199,SURVIVED
5200,KILLED,410,414,411,98,390,307,64
5201,KILLED,410,414,411,98,64
5202,KILLED,412,413,410,414,411,98,315,328,322,390,307,64
5203,KILLED,412,413,410,414,411,98,315,328,322,307
5204,KILLED,412,413,410,414,411,98,315,328,322,390,307,64
5205,KILLED,412,413,410,414,411,98,315,328,322
5206,KILLED,414,411,98
5207,KILLED,414,411,98
5208,KILLED,414,98
5209,KILLED,410,414,411,98
5210,KILLED,410,414,411,98,390,64
5211,KILLED,412,413,410,414,411,98,390,64
5212,KILLED,410,414,411,98,390,64
5213,KILLED,412,413,410,414,411,98,315,328,322,390,64
5214,KILLED,410,414,98,390,64
5215,KILLED,412,413,410,414,411,98,315,328,322,390,64
5216,KILLED,412,413,410,414,411,98
5217,KILLED,414,411,98
5218,KILLED,414,411,98,64
5219,KILLED,410,414,411,98,390,64
5220,KILLED,410,414,411,98,390,64
5221,KILLED,410,414,411,98,390,64
5222,KILLED,410,414,411,98,390,64
5223,KILLED,410,414,411,98,390,64
5224,KILLED,414,411,98
5225,KILLED,410,414,411,98
5226,KILLED,410,414,411,98
5227,KILLED,410,414,411,98
5228,KILLED,410,414,411,98,307
5229,KILLED,410,414,411,98,307
5230,KILLED,410,414,411,98,307
5231,KILLED,410,414,411,98,307
5232,KILLED,414,98
5233,KILLED,414,98,64
5234,KILLED,410,414,411,98,307
5235,KILLED,410,414,411,98,390,307,64
5236,KILLED,410,414,411,98,307,64
5237,KILLED,410,414,411,98,390,307
5238,KILLED,410,414,411,98,390,307,64
5239,KILLED,410,414,411,98,390,307,64
5240,KILLED,410,414,411,98,390,307,64
5241,KILLED,410,414,411,98,390,307,64
5242,KILLED,410,414,411,98
5243,KILLED,410,414,411,98
5244,KILLED,410,414,411,98,390,307,64
5245,KILLED,410,414,411,98,64
5246,KILLED,410,414,411,98,390,307,64
5247,KILLED,410,414,411,98,390,307,64
5248,KILLED,410,414,411,98,307
5249,KILLED,410,414,411,98,307
5250,KILLED,412,413,410,414,411,98,315,328,322,307
5251,TIMED_OUT
5252,TIMED_OUT
5253,TIMED_OUT
5254,TIMED_OUT
5255,KILLED,414,411,98
5256,KILLED,412,413,410,414,411,98,315,328,322,390,64
5257,KILLED,410,414,411,98,390,64
5258,KILLED,412,413,410,414,411,98,315,328,322,390,64
5259,KILLED,410,414,411,98,390,64
5260,KILLED,414,411,98,64
5261,KILLED,412,413,410,414,411,98,315,328,322
5262,KILLED,412,413,410,414,411,98,315,328,322,390,64
5263,KILLED,410,414,411,98,390,307,64
5264,SURVIVED
5265,KILLED,410,414,411,98,307
5266,KILLED,414,411,98,307
5267,KILLED,410,414,411,98,390,307,64
5268,KILLED,410,414,411,98,390,307,64
5269,KILLED,410,414,411,98,390,307,64
5270,KILLED,410,414,411,98,390,307,64
5271,KILLED,410,414,411,98,390,64
5272,KILLED,412,413,410,414,411,98,315,328,322,390,307,64
5273,KILLED,412,413,410,414,411,98,307
5274,KILLED,410,414,411,98,390,64
5275,KILLED,414,411,98,64
5276,KILLED,410,414,411,98,390,307
5277,KILLED,410,414,411,98
5278,KILLED,412,413,410,414,411,98,315,328,322,307
5279,TIMED_OUT
5280,KILLED,414,411,98
5281,TIMED_OUT
5282,TIMED_OUT
5283,KILLED,414,98
5284,KILLED,414,98,64
5285,KILLED,412,413,410,414,411,98,315,328,322,390,307,64
5286,KILLED,412,413,410,414,411,98,315,328,322,390,64
5287,TIMED_OUT
5288,KILLED,412,413,410,414,411,98,315,328,322,390,64
5289,KILLED,412,413,410,414,411,98,315,328,322,390,64
5290,KILLED,414,411,98
5291,KILLED,414,411,98,307
5292,KILLED,410,414,411,98,307
5293,KILLED,414,411,98
5294,KILLED,410,414,411,98,390,64
5295,KILLED,410,414,411,98,390,64
5296,KILLED,414,411,98
5297,KILLED,414,411,98,64
5298,KILLED,412,413,410,414,411,98,315,328,322
5299,SURVIVED
5300,SURVIVED
5301,SURVIVED
5302,KILLED,410,414,411,98,307
5303,KILLED,410,414,411,98,307
5304,KILLED,410,414,411,98,390,307,64
5305,KILLED,410,414,411,98,390,307,64
5306,KILLED,410,414,411,98
5307,KILLED,410,414,411,98,390,64
5308,KILLED,412,413,410,414,411,98,315,328,322,390,307,64
5309,KILLED,412,413,410,414,411,98,315,328,322,390,64
5310,SURVIVED
5311,KILLED,412,413,410,414,411,98,315,328,322,390,64
5312,KILLED,410,414,411,98,390,64
5313,SURVIVED
5314,KILLED,412,413,410,414,411,98,315,328,322,390,64
5315,KILLED,412,413,410,414,411,98,315,328,322,390,64
5316,KILLED,410,414,411,98,390,307,64
5317,SURVIVED
5318,KILLED,410,414,411,98,390,307,64
5319,KILLED,410,414,411,98,390,307,64
5320,SURVIVED
5321,KILLED,410,414,411,98,390,307,64
5322,KILLED,410,414,411,98,390,307,64
5323,SURVIVED
5324,KILLED,412,413,410,414,411,98,315,328,322,390,307,64
5325,KILLED,414,98
5326,KILLED,410,414,411,98,307
5327,KILLED,410,414,411,98,307
5328,KILLED,412,413,410,414,411,307
5329,KILLED,410,414,411,307
5330,KILLED,412,413,410,414,411,98,315,328,322,390,307,64
5331,KILLED,414,98
5332,KILLED,414,98
5333,KILLED,410,414,411,98,390,64
5334,KILLED,410,414,411,98,390,64
5335,KILLED,414,411,98,64
5336,KILLED,410,414,411,98
5337,KILLED,412,413,410,414,411,98,315,328,322,390,64
5338,KILLED,412,413,410,414,411,98,315,328,322
5339,KILLED,410,414,411,98,390,307,64
5340,TIMED_OUT
5341,KILLED,414,98,64
5342,KILLED,414,98,64
5343,KILLED,410,414,411,98,390,307,64
5344,KILLED,410,414,411,98,390,307,64
5345,KILLED,410,414,411,98,390,64
5346,KILLED,410,414,411,98,307
5347,KILLED,412,413,410,414,411,98,307
5348,SURVIVED
5349,SURVIVED
5350,SURVIVED
5351,NO_COVERAGE
5352,KILLED,412,413,410,414,411,98,315,328,322,390,307,64
5353,KILLED,410,98,390,64
5354,KILLED,412,413,410,414,411,98,307
5355,KILLED,411,98
5356,KILLED,410,98
5357,SURVIVED
5358,KILLED,412,413,410,414,411,98,315,328,322,307
5359,KILLED,410,414,411,98,307
5360,KILLED,412,413,410,414,411,98,315,328,322,390,307,64
5361,KILLED,98
5362,KILLED,410,98
5363,KILLED,412,413,410,414,411,98,315,328,322,307,64
5364,KILLED,410,414,411,98,307
5365,KILLED,412,413,410,414,411,98,315,328,322,390,307,64
5366,KILLED,412,413,410,414,411,98,315,328,322,390,307,64
5367,KILLED,410,414,411,98,307
5368,KILLED,412,413,410,414,411,98,307
5369,KILLED,412,413,410,414,411,98,315,328,322,390,307,64
5370,KILLED,410,98,390,64
5371,KILLED,412,413,410,414,411,98,315,328,322,307
5372,KILLED,410,98
5373,KILLED,412,413,410,414,411,98,307
5374,KILLED,410,98
5375,KILLED,410,98,390,64
5376,KILLED,412,413,410,414,411,98,315,328,322,390,307,64
5377,KILLED,412,413,410,414,411,98,315,328,322,390,307,64
5378,SURVIVED
5379,KILLED,412,413,410,414,411,98,307
5380,KILLED,412,413,410,414,411,307
5381,KILLED,410,98
5382,KILLED,412,413,410,414,411,98,315,328,322,390,307,64
5383,KILLED,410,98,390,64
5384,KILLED,412,413,410,414,411,98,307
5385,KILLED,410,414,411,98,390,64
5386,SURVIVED
5387,SURVIVED
5388,KILLED,412,413,410,414,411,98,315,328,322,390,307,64
5389,SURVIVED
5390,KILLED,412,413,410,414,411,98,315,328,322,390,64
5391,KILLED,410,414,411,98
5392,KILLED,412,413,410,414,411,98,315,328,322,390,307,64
5393,KILLED,412,413,410,414,411,98,315,328,322,390,307,64
5394,TIMED_OUT
5395,KILLED,412,413,410,414,411,98,315,328,322,390,307,64
5396,KILLED,412,413,410,414,411,98,315,328,322,390,307,64
5397,KILLED,412,413,410,414,411,98,315,328,322,390,307,64
5398,KILLED,412,413,410,414,411,98,315,328,322,390,307,64
5399,KILLED,412,413,410,414,411,98,315,328,322,390,307,64
5400,KILLED,412,413,410,414,411,98,315,328,322,390,307,64
5401,KILLED,412,413,410,414,411,98
5402,SURVIVED
5403,KILLED,412,413,410,414,411,98,315,328,322,390,307,64
5404,SURVIVED
5405,KILLED,410,414,411,98,390,64
5406,KILLED,412,413,410,414,411,98,315,328,322,390,307,64
5407,KILLED,412,413,410,414,411,98,315,328,322,390,307,64
5408,SURVIVED
5409,SURVIVED
5410,SURVIVED
5411,KILLED,412,413,410,414,411,98,390,307,64
5412,KILLED,412,413,410,414,411,98,315,328,322,390,307,64
5413,KILLED,412,413,410,414,411,98,390,307,64
5414,KILLED,410,414,411,98,390,307,64
5415,KILLED,412,413,410,414,411,98,315,328,322,390,307,64
5416,KILLED,412,413,410,414,411,98,315,328,322,390,307,64
5417,KILLED,410,414,411,98,307
5418,KILLED,412,413,410,414,411,98,390,307,64
5419,KILLED,412,413,410,414,411,98,315,328,322,390,307,64
5420,KILLED,412,413,410,414,411,98,315,328,322,390,307,64
5421,KILLED,412,413,410,414,411,98,315,328,322,390,307,64
5422,KILLED,412,413,410,414,411,98,315,328,322,390,307,64
5423,KILLED,410,414,411,98,390,64
5424,KILLED,412,413,410,414,411,98,315,328,322,390,307,64
5425,KILLED,412,413,410,414,411,98,390,307,64
5426,KILLED,412,413,410,414,411,98,315,328,322,390,307,64
5427,KILLED,412,413,410,414,411,98,315,328,322,390,307,64
5428,KILLED,410,414,411,98,390,307,64
5429,KILLED,410,414,411,98,307
5430,KILLED,410,414,411,98,390,307,64
5431,KILLED,412,413,410,414,411,98,315,328,322,390,307,64
5432,KILLED,412,413,410,414,411,98,315,328,322,390,307,64
5433,KILLED,412,413,410,414,411,98,315,328,322,390,307,64
5434,KILLED,412,413,410,414,411,98,307
5435,SURVIVED
5436,KILLED,412,413,410,414,411,98,315,328,322,390,307,64
5437,KILLED,410,414,411,98,390,307,64
5438,KILLED,412,413,410,414,411,98,315,328,322,390,307,64
5439,KILLED,410,414,411,98
5440,KILLED,412,413,410,414,411,98,315,328,322,390,307,64
5441,KILLED,412,413,410,414,98,307,64
5442,KILLED,412,413,410,414,411,98,315,328,322,390,307,64
5443,KILLED,412,413,410,414,411,98,315,328,322,390,307,64
5444,SURVIVED
5445,KILLED,412,413,410,414,411,98,315,328,322,390,307,64
5446,KILLED,410,414,411,98,390,307,64
5447,KILLED,412,413,410,414,411,98,315,328,322,390,307,64
5448,KILLED,410,414,411,98
5449,TIMED_OUT
5450,KILLED,412,413,410,414,411,98,315,328,322,390,307,64
5451,KILLED,412,413,410,414,411,98,315,328,322,390,307,64
5452,KILLED,412,413,410,414,411,98,315,328,322,390,307,64
5453,KILLED,412,413,410,414,411,98,315,328,322,390,307,64
5454,KILLED,412,413,410,414,411,98,315,328,322,390,307,64
5455,KILLED,412,413,410,414,411,98,315,328,322,390,307,64
5456,KILLED,412,413,410,414,411,98,315,328,322,307,64
5457,TIMED_OUT
5458,KILLED,412,413,410,414,411,98,315,328,322,390,307,64
5459,TIMED_OUT
5460,TIMED_OUT
5461,TIMED_OUT
5462,TIMED_OUT
5463,TIMED_OUT
5464,SURVIVED
5465,KILLED,412,413,410,414,411,98,328,322,390,307,64
5466,NO_COVERAGE
5467,KILLED,127
5468,NO_COVERAGE
5469,KILLED,413,414
5470,KILLED,413,414
5471,KILLED,412,413,410,414,411,98,315,328,322,390,307,64
5472,KILLED,412,413,410,414,411,98,315,328,322,390,307,64
5473,KILLED,412,413,410,414,411,98,315,328,322,390,307,64
5474,SURVIVED
5475,SURVIVED
5476,SURVIVED
5477,KILLED,412,413,410,414,411,98,315,328,322,390,307,64
5478,KILLED,412,413,410,414,411,307
5479,KILLED,413
5480,SURVIVED
5481,KILLED,412,413,410,414,411,98,315,328,322,390,307,64
5482,KILLED,413,414
5483,KILLED,413,414
5484,KILLED,412,413,410,414,411,98,315,328,322,390,307,64
5485,KILLED,412,413,410,414,411,98,315,328,322,390,307,64
5486,KILLED,412,413,410,414,411,98,315,328,322,390,307,64
5487,SURVIVED
5488,KILLED,412,413,410,414,411,98,315,328,322,390,307,64
5489,KILLED,412,413,410,414,411,98,315,328,322,390,307,64
5490,KILLED,412,413,410,414,411,98,315,328,322,390,307,64
5491,KILLED,412,413,410,414,411,98,315,328,322,390,307,64
5492,KILLED,412,413,410,414,411,98,315,328,322,390,307,64
5493,KILLED,412,413,410,414,411,98,315,328,322,390,307,64
5494,SURVIVED
5495,KILLED,413,414
5496,KILLED,413,414
5497,KILLED,412,413,410,414,411,98,315,328,322,390,307,64
5498,KILLED,412,413,410,414,411,98,315,328,322,390,307,64
5499,SURVIVED
5500,SURVIVED
5501,KILLED,412,413,410,414,411,98,315,328,322,390,307,64
5502,KILLED,413
5503,SURVIVED
5504,SURVIVED
5505,SURVIVED
5506,KILLED,412,413,410,414,411,98,315,328,322,390,307,64
5507,SURVIVED
5508,KILLED,412,413,410,414,411,98,315,328,322,390,307,64
5509,SURVIVED
5510,SURVIVED
5511,KILLED,412,413,410,414,411,98,315,328,322,390,307,64
5512,KILLED,413,414
5513,KILLED,413
5514,KILLED,412,413,410,414,411,98,315,328,322,390,307,64
5515,KILLED,413
5516,KILLED,413
5517,KILLED,412,413,410,414,411,98,315,328,322,390,307,64
5518,NO_COVERAGE
5519,KILLED,412,413,410,414,411,98,315,328,322,390,307,64
5520,KILLED,412,413,410,414,411,307
5521,KILLED,412,413,410,414,411,307
5522,KILLED,412,413,410,414,411,307
5523,KILLED,412,413,410,414,411,307
5524,KILLED,412,413,410,414,411,307
5525,KILLED,412,413,410,414,411,307
5526,KILLED,412,413,410,414,411,98,315,328,322,390,307,64
5527,KILLED,412,413,410,414,411,98,315,328,322,390,307,64
5528,KILLED,412,413,410,414,411,98,315,328,322,390,307,64
5529,KILLED,412,413,410,414,411,98,315,328,322,390,307,64
5530,KILLED,412,413,410,414,411,98,315,328,322,390,307,64
5531,KILLED,412,413,410,414,411,98,315,328,322,390,307,64
5532,NO_COVERAGE
5533,KILLED,412,413,410,414,411,98,315,328,322,390,307,64
5534,SURVIVED
5535,KILLED,412,413,414,411,98,315,328,322,307
5536,KILLED,412,413,410,414,411,307
5537,KILLED,412,413,410,414,411,307
5538,KILLED,412,413,410,414,411,307
5539,KILLED,412,413,410,414,411,307
5540,KILLED,412,413,410,414,411,307
5541,KILLED,412,413,410,414,411,307
5542,KILLED,412,413,410,414,411,307
5543,KILLED,412,413,410,414,411,98,315,328,322,390,307,64
5544,KILLED,412,413,410,414,411,98,315,328,322,390,307,64
5545,KILLED,412,413,410,414,411,98,315,328,322,390,307,64
5546,KILLED,412,413,410,414,411,98,315,328,322,390,307,64
5547,KILLED,412,413,410,414,411,98,315,328,322,390,307,64
5548,KILLED,412,413,410,414,411,98,315,328,322,390,307,64
5549,KILLED,412,413,410,414,411,98,315,328,322,390,307,64
5550,KILLED,412,413,410,414,411,98,315,328,322,390,307,64
5551,KILLED,412,413,410,414,411,98,315,328,322,390,307,64
5552,KILLED,412,413,410,414,411,98,315,328,322,390,307,64
5553,KILLED,412,413,410,414,411,98,315,328,322,390,307,64
5554,KILLED,412,413,410,414,411,98,315,328,322,390,307,64
5555,KILLED,412,413,410,414,411,98,315,328,322,390,307,64
5556,KILLED,412,413,410,414,411,307
5557,KILLED,412,413,410,414,411,98,315,328,322,390,307,64
5558,KILLED,412,413,410,414,411,98,315,328,322,390,307,64
5559,KILLED,412,413,410,414,411,307
5560,KILLED,412,413,410,414,411,307
5561,KILLED,412,413,410,414,411,307
5562,KILLED,412,413,410,414,411,307
5563,KILLED,412,413,410,414,411,307
5564,SURVIVED
5565,KILLED,412,413,410,414,411,307
5566,KILLED,412,413,410,414,411,98,315,328,322,390,307,64
5567,KILLED,412,413,410,414,411,98,315,328,322,390,307,64
5568,KILLED,412,413,410,414,411,98,315,328,322,390,307,64
5569,KILLED,412,413,410,414,411,98,315,328,322,390,307,64
5570,KILLED,412,413,410,414,411,98,315,328,322,390,307,64
5571,SURVIVED
5572,SURVIVED
5573,KILLED,412,413,410,414,411,98,315,328,322,390,307,64
5574,SURVIVED
5575,SURVIVED
5576,SURVIVED
5577,SURVIVED
5578,SURVIVED
5579,KILLED,412,413,410,414,411,307
5580,KILLED,413
5581,SURVIVED
5582,SURVIVED
5583,SURVIVED
5584,SURVIVED
5585,SURVIVED
5586,KILLED,412,413,410,414,411,98,315,328,322,390,307,64
5587,SURVIVED
5588,KILLED,412,413,410,414,411,98,315,328,322,307
5589,KILLED,413
5590,NO_COVERAGE
5591,KILLED,412,413,410,414,411,307
5592,SURVIVED
5593,KILLED,412,413,410,414,411,98,315,328,322,390,307,64
5594,KILLED,413
5595,KILLED,412,413,410,414,411,98,315,328,322,390,307,64
5596,KILLED,412,413,410,414,411,98,315,328,322,390,307,64
5597,KILLED,412,413,410,414,411,98,315,328,322,390,307,64
5598,KILLED,412,413,410,414,411,98,315,328,322,390,307,64
5599,KILLED,414,98,307,64
5600,KILLED,412,413,410,414,411,98,315,328,322,390,307,64
5601,KILLED,412,413,410,414,411,98,315,328,322,390,307,64
5602,KILLED,412,413,410,414,411,98,315,328,322,390,307,64
5603,KILLED,412,413,410,414,411,98,315,328,322,390,307,64
5604,KILLED,412,413,410,414,411,98,315,328,322,390,307,64
5605,KILLED,412,413,410,414,411,98,315,328,322,390,307,64
5606,KILLED,412,413,410,414,411,98,315,328,322,390,307,64
5607,KILLED,412,413,410,414,411,98,315,328,322,390,307,64
5608,KILLED,412,413,410,414,411,98,315,328,322,390,307,64
5609,TIMED_OUT
5610,SURVIVED
5611,SURVIVED
5612,SURVIVED
5613,KILLED,390
5614,KILLED,390
5615,KILLED,120,170,390
5616,KILLED,390
5617,KILLED,390
5618,NO_COVERAGE
5619,KILLED,390
5620,KILLED,390
5621,NO_COVERAGE
5622,KILLED,390
5623,KILLED,390
5624,KILLED,390
5625,KILLED,390
5626,KILLED,390
5627,SURVIVED
5628,SURVIVED
5629,SURVIVED
5630,KILLED,390
5631,KILLED,390
5632,KILLED,390
5633,SURVIVED
5634,KILLED,390
5635,SURVIVED
5636,KILLED,120,170,390
5637,NO_COVERAGE
5638,NO_COVERAGE
5639,KILLED,390
5640,SURVIVED
5641,NO_COVERAGE
5642,SURVIVED
5643,SURVIVED
5644,KILLED,412,413,414,315,328,322
5645,SURVIVED
5646,TIMED_OUT
5647,KILLED,412,413,414,315,328,322
5648,SURVIVED
5649,SURVIVED
5650,SURVIVED
5651,TIMED_OUT
5652,SURVIVED
5653,KILLED,410,411,98,307
5654,SURVIVED
5655,KILLED,410,411,98,307
5656,KILLED,98
5657,KILLED,98
5658,NO_COVERAGE
5659,NO_COVERAGE
5660,NO_COVERAGE
5661,NO_COVERAGE
5662,NO_COVERAGE
5663,NO_COVERAGE
5664,NO_COVERAGE
5665,KILLED,410,411,98,307
5666,SURVIVED
5667,TIMED_OUT
5668,SURVIVED
5669,KILLED,411,98,307
5670,SURVIVED
5671,KILLED,410,411,98,307
5672,KILLED,410,411,98,307
5673,KILLED,410,411,98,307
5674,KILLED,410,411,98,307
5675,KILLED,411,98,307
5676,KILLED,411,98,307
5677,TIMED_OUT
5678,NO_COVERAGE
5679,NO_COVERAGE
5680,NO_COVERAGE
5681,NO_COVERAGE
5682,NO_COVERAGE
5683,NO_COVERAGE
5684,NO_COVERAGE
5685,NO_COVERAGE
5686,NO_COVERAGE
5687,NO_COVERAGE
5688,NO_COVERAGE
5689,NO_COVERAGE
5690,NO_COVERAGE
5691,NO_COVERAGE
5692,NO_COVERAGE
5693,NO_COVERAGE
5694,TIMED_OUT
5695,SURVIVED
5696,TIMED_OUT
5697,KILLED,410,411,98,307
5698,KILLED,411,98,307
5699,SURVIVED
5700,SURVIVED
5701,SURVIVED
5702,KILLED,411,98,307
5703,KILLED,411,98,307
5704,KILLED,410,411,98,307
5705,KILLED,410,411,98,307
5706,KILLED,410,411,98,307
5707,KILLED,98
5708,TIMED_OUT
5709,TIMED_OUT
5710,SURVIVED
5711,KILLED,411,98,307
5712,NO_COVERAGE
5713,NO_COVERAGE
5714,NO_COVERAGE
5715,TIMED_OUT
5716,TIMED_OUT
5717,NO_COVERAGE
5718,NO_COVERAGE
5719,TIMED_OUT
5720,TIMED_OUT
5721,TIMED_OUT
5722,KILLED,412,413,98,315,328,322,307
5723,NO_COVERAGE
5724,NO_COVERAGE
5725,KILLED,412,413,414,411,98,307
5726,KILLED,98
5727,KILLED,410,411
5728,KILLED,412,413,410,414,411,98,315,328,322,307
5729,SURVIVED
5730,SURVIVED
5731,SURVIVED
5732,SURVIVED
5733,KILLED,412,413,410,414,411,98,307
5734,KILLED,414,411,98
5735,KILLED,412,413,410,414,411,98,315,328,322,307
5736,KILLED,412,413,410,414,411,98,315,328,322,390,307,64
5737,KILLED,414,411,98,307,64
5738,KILLED,412,413,410,414,411,98,315,328,322,390,307,64
5739,KILLED,412,413,410,414,411,98,315,328,322,390,307,64
5740,SURVIVED
5741,SURVIVED
5742,KILLED,412,413,410,414,411,98,315,328,322,390,307,64
5743,KILLED,412,413,410,414,411,98,315,328,322,390,307,64
5744,SURVIVED
5745,SURVIVED
5746,KILLED,412,413,410,414,411,98,315,328,322,390,307,64
5747,KILLED,412,413,410,414,411,98,307,64
5748,KILLED,412,413,410,414,411,98,315,328,322,307,64
5749,KILLED,412,413,410,414,411,98,315,328,322,390,307,64
5750,KILLED,412,413,410,414,411,98,315,328,322,390,307,64
5751,KILLED,412,413,410,414,411,98,315,328,322,390,307,64
5752,KILLED,412,413,410,414,411,98,315,328,322,390,307,64
5753,KILLED,414,411,98,315,328,322,307,64
5754,KILLED,412,413,410,414,411,98,315,328,322,390,307,64
5755,KILLED,412,413,410,414,411,98,315,328,322,390,307,64
5756,KILLED,414,411,98,315,328,322,307,64
5757,KILLED,412,413,410,414,411,98,315,328,322,390,307,64
5758,KILLED,412,413,410,414,411,98,315,328,322,390,307,64
5759,KILLED,412,413,410,414,411,98,315,328,322,390,307,64
5760,KILLED,412,413,315,328,322
5761,KILLED,412,413,410,414,411,98,315,328,322,390,307,64
5762,KILLED,412,413,410,414,411,98,315,328,322,390,307,64
5763,KILLED,412,413,410,414,411,98,315,328,322,390,307,64
5764,KILLED,412,413,410,414,411,98,315,328,322,390,307,64
5765,KILLED,412,413,410,414,411,98,315,328,322,390,307,64
5766,KILLED,410,414,411,98,390,307,64
5767,SURVIVED
5768,KILLED,412,413,410,414,411,98,315,328,322,390,307,64
5769,KILLED,412,413,410,414,411,98,315,328,322,307
5770,KILLED,412,413,410,414,411,98,315,328,322,390,307,64
5771,KILLED,412,413,410,414,411,98,315,328,322,390,307,64
5772,KILLED,412,413,410,414,411,98,315,328,322,390,307,64
5773,KILLED,412,413,410,414,411,98,315,328,322,307,64
5774,KILLED,412,413,410,414,411,98,315,328,322,390,307,64
5775,KILLED,412,413,410,414,411,98,315,328,322,390,307,64
5776,KILLED,412,413,410,414,411,98,315,328,322,390,307,64
5777,KILLED,410,414,411,98,307
5778,KILLED,414,411,98,307
5779,KILLED,414,411,98,307,64
5780,KILLED,414,98
5781,KILLED,414,98,64
5782,KILLED,412,413,410,414,411,98,315,328,322,390,307,64
5783,KILLED,412,413,410,414,411,98,315,328,322,390,307,64
5784,KILLED,412,413,410,414,411,98,315,328,322,390,307,64
5785,KILLED,412,413,410,414,98,315,328,322,390,307,64
5786,KILLED,410,414,411,98,390,307,64
5787,KILLED,412,413,410,414,411,98,315,328,322,390,307,64
5788,KILLED,412,413,410,414,411,98,315,328,322,390,307,64
5789,KILLED,412,413,410,414,411,98,315,328,322,390,307,64
5790,KILLED,412,413,410,414,411,98,315,328,322,390,307,64
5791,KILLED,412,413,410,414,411,98,315,328,322,390,307,64
5792,KILLED,412,413,410,414,411,98,315,328,322,390,307,64
5793,KILLED,412,413,410,414,411,98,315,328,322,390,307,64
5794,KILLED,412,413,410,414,411,98,315,328,322,390,307,64
5795,KILLED,414,98
5796,KILLED,412,413,410,414,411,98,315,328,322,307,64
5797,KILLED,412,413,410,414,411,98,315,328,322,390,307,64
5798,KILLED,412,413,410,414,411,98,315,328,322,390,307,64
5799,SURVIVED
5800,KILLED,412,413,410,414,411,98,315,328,322,390,307,64
5801,KILLED,412,413,410,414,411,98,315,328,322,390,307,64
5802,KILLED,412,413,410,414,411,98,315,328,322,390,307,64
5803,KILLED,412,413,410,414,411,98,315,328,322,390,307,64
5804,KILLED,412,413,410,414,411,98,315,328,322,390,307,64
5805,KILLED,412,413,410,414,411,98,315,328,322,390,307,64
5806,KILLED,414,411,98,307,64
5807,KILLED,414,411,98,307,64
5808,KILLED,412,413,410,414,98,390,64
5809,KILLED,412,413,410,414,411,98,315,328,322,390,307,64
5810,KILLED,412,413,410,414,411,98,315,328,322,390,307,64
5811,KILLED,412,413,410,414,411,98,390,307,64
5812,KILLED,412,413,410,414,411,98,315,328,322,307,64
5813,KILLED,412,413,410,414,411,98,315,328,322,390,307,64
5814,KILLED,412,413,410,414,411,98,315,328,322,390,307,64
5815,KILLED,412,413,410,414,411,98,315,328,322,390,307,64
5816,KILLED,412,413,410,414,411,98,315,328,322,390,307,64
5817,KILLED,412,413,410,414,411,98,315,328,322,390,307,64
5818,KILLED,412,413,410,414,411,98,315,328,322,390,307,64
5819,KILLED,412,413,410,414,411,98,315,328,322,390,307,64
5820,KILLED,412,413,410,414,411,98,315,328,322,390,307,64
5821,KILLED,412,413,410,414,411,98,315,328,322,390,307,64
5822,KILLED,412,413,410,414,411,98,315,328,322,390,307,64
5823,KILLED,412,413,410,414,411,98,315,328,322,390,307,64
5824,KILLED,414,411,98,315,328,322,307,64
5825,KILLED,412,413,410,414,411,98,315,328,322,390,307,64
5826,KILLED,412,413,410,414,98,315,328,322,390,307,64
5827,KILLED,412,413,410,414,411,98,315,328,322,390,307,64
5828,KILLED,412,413,410,414,411,98,315,328,322,390,307,64
5829,KILLED,412,413,410,414,411,98,315,328,322,390,307,64
5830,KILLED,412,413,410,414,411,98,315,328,322,390,307,64
5831,KILLED,412,413,410,414,411,98,315,328,322,390,307,64
5832,KILLED,410,414,411,98,390,307,64
5833,KILLED,412,413,410,414,411,98,315,328,322,390,307,64
5834,SURVIVED
5835,KILLED,412,413,410,414,411,98,315,328,322,390,307,64
5836,KILLED,412,413,410,414,411,98,315,328,322,390,307,64
5837,KILLED,412,413,410,414,411,98,315,328,322,390,307,64
5838,KILLED,414,411,98,307,64
5839,KILLED,414,411,98,307,64
5840,KILLED,414,98
5841,KILLED,412,413,410,414,411,98,315,328,322,390,307,64
5842,KILLED,412,413,410,414,411,98,315,328,322,390,307,64
5843,KILLED,412,413,410,414,411,98,315,328,322,390,307,64
5844,KILLED,412,413,410,414,411,98,315,328,322,390,307,64
5845,KILLED,412,413,410,414,411,98,315,328,322,390,307,64
5846,KILLED,412,413,410,414,411,98,315,328,322,390,307,64
5847,KILLED,412,413,410,414,411,98,315,328,322,390,307,64
5848,KILLED,412,413,410,414,411,98,315,328,322,390,307,64
5849,KILLED,412,413,410,414,411,98,315,328,322,390,307,64
5850,KILLED,412,413,410,414,411,98,315,328,322,390,307,64
5851,KILLED,412,413,410,414,411,98,315,328,322,390,307,64
5852,KILLED,412,413,410,414,411,98,315,328,322,390,307,64
5853,KILLED,412,413,410,414,411,98,315,328,322,390,307,64
5854,KILLED,412,413,410,414,411,98,315,328,322,390,307,64
5855,KILLED,412,413,410,414,411,98,315,328,322,390,307,64
5856,KILLED,412,413,410,414,411,98,315,328,322,390,307,64
5857,KILLED,412,413,410,414,411,98,315,328,322,390,307,64
5858,TIMED_OUT
5859,KILLED,414,411,98,307,64
5860,KILLED,412,413,410,414,411,98,315,328,322,390,307,64
5861,TIMED_OUT
5862,TIMED_OUT
5863,TIMED_OUT
5864,KILLED,412,413,410,414,411,98,315,328,322,390,307,64
5865,KILLED,412,413,410,414,411,98,315,328,322,390,307,64
5866,SURVIVED
5867,KILLED,410,414,411,307
5868,KILLED,412,413,315,328,322
5869,SURVIVED
5870,NO_COVERAGE
5871,KILLED,412,413,410,414,411,98,315,328,322,307
5872,KILLED,412,413,410,414,411,98,315,328,322,307
5873,KILLED,412,413,414,411
5874,KILLED,412,413,410,414,411,98,315,328,322,307
5875,SURVIVED
5876,KILLED,412,413,410,414,411,98,315,328,322,307
5877,KILLED,412,413,410,414,411,98,315,328,322,307
5878,KILLED,412,413,410,414,411,98,315,328,322,307
5879,KILLED,412,413,410,414,411,98,315,328,322,307
5880,SURVIVED
5881,KILLED,414,98,307
5882,KILLED,412,413,410,414,411,98,315,328,322,307
5883,KILLED,414,411,98,307
5884,KILLED,410,414,411,98,307
5885,KILLED,410,414,411,98,307
5886,SURVIVED
5887,KILLED,412,413,410,414,411,315,328,322,307
5888,SURVIVED
5889,NO_COVERAGE
5890,NO_COVERAGE
5891,KILLED,412,413,410,414,411,98,315,328,322,307
5892,KILLED,410,414,411,98,307
5893,KILLED,412,413,410,414,411,98,315,328,322,307
5894,KILLED,410,414,411,98,307
5895,KILLED,412,413,414,411,98,315,328,322,307
5896,KILLED,412,413,414,411,98,315,328,322,307
5897,KILLED,410,414,411,98,307
5898,KILLED,410,414,411,98,307
5899,KILLED,412,413,410,414,411,98,315,328,322,307
5900,KILLED,412,413,410,414,411,98,315,328,322,307
5901,KILLED,412,413,410,414,411,98,315,328,322,307
5902,NO_COVERAGE
5903,TIMED_OUT
5904,KILLED,412,413,414,411,98,315,328,322,307
5905,SURVIVED
5906,SURVIVED
5907,SURVIVED
5908,KILLED,412,413,414,411,98,315,328,322,307
5909,KILLED,410,414,411,98,307
5910,KILLED,410,414,411,98,307
5911,KILLED,412,413,410,414,411,98,315,328,322,307
5912,SURVIVED
5913,KILLED,412,413,410,414,411,98,315,328,322,307
5914,KILLED,412,413,410,414,411,98,315,328,322,307
5915,SURVIVED
5916,KILLED,412,413,410,414,411,98,315,328,322,307
5917,KILLED,412,413,414,411
5918,NO_COVERAGE
5919,KILLED,412,413,98,315,328,322,307
5920,KILLED,410,414,411,98,307
5921,KILLED,410,414,411,98,307
5922,SURVIVED
5923,KILLED,413
5924,SURVIVED
5925,NO_COVERAGE
5926,NO_COVERAGE
5927,TIMED_OUT
5928,KILLED,412,413,410,414,411,98,315,328,322,307
5929,KILLED,412,413,410,414,411,315,328,322,307
5930,KILLED,412,413,410,414,411,98,315,328,322,307
5931,TIMED_OUT
5932,KILLED,410,414,411,98,307
5933,SURVIVED
5934,KILLED,412,413,410,414,411,98,315,328,322,307
5935,TIMED_OUT
5936,KILLED,412,413,410,414,411,98,315,328,322,307
5937,KILLED,412,413,414,411
5938,KILLED,412,413,410,414,411,98,315,328,322,307
5939,TIMED_OUT
5940,KILLED,412,413,98,315,328,322,307
5941,KILLED,412,413,414,411
5942,KILLED,412,413,410,414,411,307
5943,KILLED,412,413,410,414,411,307
5944,KILLED,412,413,410,414,411,307
5945,KILLED,414,411,98
5946,KILLED,410,414,411,98,307
5947,KILLED,410,414,411,98,307
5948,TIMED_OUT
5949,TIMED_OUT
5950,SURVIVED
5951,KILLED,414,411,98
5952,KILLED,414,411,98
5953,KILLED,414,411,98
5954,KILLED,414,411,98
5955,KILLED,414,411,98
5956,KILLED,414,411,98
5957,KILLED,414,411,98
5958,KILLED,414,411,98
5959,KILLED,410,414,411,98,307
5960,KILLED,410,414,411,98,307
5961,TIMED_OUT
5962,TIMED_OUT
5963,KILLED,410,414,411,98,307
5964,KILLED,410,414,411,98,307
5965,KILLED,414,411,98
5966,KILLED,414,411,98
5967,KILLED,410,414,411,98,307
5968,KILLED,412,413,414,98,307
5969,KILLED,98
5970,KILLED,411,98
5971,KILLED,414,411,98
5972,KILLED,414,411,98
5973,KILLED,414,411,98
5974,KILLED,414,411,98
5975,KILLED,414,411,98
5976,KILLED,414,411,98
5977,TIMED_OUT
5978,KILLED,414,411,98
5979,KILLED,414,411
5980,SURVIVED
5981,TIMED_OUT
5982,KILLED,414,411
5983,TIMED_OUT
5984,TIMED_OUT
5985,KILLED,414,411,98
5986,TIMED_OUT
5987,KILLED,98
5988,KILLED,98
5989,KILLED,414,411
5990,TIMED_OUT
5991,TIMED_OUT
5992,KILLED,414,411
5993,SURVIVED
5994,NO_COVERAGE
5995,NO_COVERAGE
5996,NO_COVERAGE
5997,NO_COVERAGE
5998,NO_COVERAGE
5999,NO_COVERAGE
6000,NO_COVERAGE
6001,NO_COVERAGE
6002,NO_COVERAGE
6003,NO_COVERAGE
6004,NO_COVERAGE
6005,NO_COVERAGE
6006,NO_COVERAGE
6007,NO_COVERAGE
6008,NO_COVERAGE
6009,NO_COVERAGE
6010,NO_COVERAGE
6011,NO_COVERAGE
6012,NO_COVERAGE
6013,NO_COVERAGE
6014,NO_COVERAGE
6015,NO_COVERAGE
6016,NO_COVERAGE
6017,NO_COVERAGE
6018,NO_COVERAGE
6019,NO_COVERAGE
6020,NO_COVERAGE
6021,NO_COVERAGE
6022,NO_COVERAGE
6023,NO_COVERAGE
6024,NO_COVERAGE
6025,NO_COVERAGE
6026,NO_COVERAGE
6027,NO_COVERAGE
6028,NO_COVERAGE
6029,NO_COVERAGE
6030,NO_COVERAGE
6031,NO_COVERAGE
6032,NO_COVERAGE
6033,NO_COVERAGE
6034,NO_COVERAGE
6035,NO_COVERAGE
6036,NO_COVERAGE
6037,NO_COVERAGE
6038,NO_COVERAGE
6039,NO_COVERAGE
6040,NO_COVERAGE
6041,NO_COVERAGE
6042,NO_COVERAGE
6043,NO_COVERAGE
6044,NO_COVERAGE
6045,NO_COVERAGE
6046,NO_COVERAGE
6047,NO_COVERAGE
6048,NO_COVERAGE
6049,NO_COVERAGE
6050,NO_COVERAGE
6051,NO_COVERAGE
6052,NO_COVERAGE
6053,NO_COVERAGE
6054,NO_COVERAGE
6055,NO_COVERAGE
6056,NO_COVERAGE
6057,NO_COVERAGE
6058,NO_COVERAGE
6059,NO_COVERAGE
6060,NO_COVERAGE
6061,NO_COVERAGE
6062,NO_COVERAGE
6063,NO_COVERAGE
6064,NO_COVERAGE
6065,NO_COVERAGE
6066,NO_COVERAGE
6067,NO_COVERAGE
6068,NO_COVERAGE
6069,NO_COVERAGE
6070,NO_COVERAGE
6071,NO_COVERAGE
6072,NO_COVERAGE
6073,NO_COVERAGE
6074,NO_COVERAGE
6075,NO_COVERAGE
6076,NO_COVERAGE
6077,NO_COVERAGE
6078,NO_COVERAGE
6079,NO_COVERAGE
6080,NO_COVERAGE
6081,NO_COVERAGE
6082,NO_COVERAGE
6083,NO_COVERAGE
6084,NO_COVERAGE
6085,NO_COVERAGE
6086,NO_COVERAGE
6087,NO_COVERAGE
6088,NO_COVERAGE
6089,NO_COVERAGE
6090,NO_COVERAGE
6091,NO_COVERAGE
6092,NO_COVERAGE
6093,NO_COVERAGE
6094,NO_COVERAGE
6095,NO_COVERAGE
6096,NO_COVERAGE
6097,NO_COVERAGE
6098,NO_COVERAGE
6099,NO_COVERAGE
6100,NO_COVERAGE
6101,NO_COVERAGE
6102,NO_COVERAGE
6103,NO_COVERAGE
6104,NO_COVERAGE
6105,NO_COVERAGE
6106,NO_COVERAGE
6107,NO_COVERAGE
6108,NO_COVERAGE
6109,NO_COVERAGE
6110,NO_COVERAGE
6111,NO_COVERAGE
6112,NO_COVERAGE
6113,NO_COVERAGE
6114,NO_COVERAGE
6115,NO_COVERAGE
6116,NO_COVERAGE
6117,KILLED,360
6118,SURVIVED
6119,KILLED,360,357,358,361,356,359,395,157,394,4,299,9,216,293,213,285,17,219,287,403,401,409,405,212,353,51,52,221,1,365,367,382,384,388,400,386,377,381,364,351,368,402
6120,KILLED,360,357,358,361,356,359,395,157,394,4,299,9,216,293,213,285,242,17,219,287,403,401,409,405,212,353,239,51,52,221,243,1,365,367,382,384,388,400,386,377,381,364,351,368,402
6121,KILLED,359,293,213,285,219,287,403,401,409,405,212,353,51,52,221,365,367,382,384,388,400,386,377,381,364,351,368,402
6122,SURVIVED
6123,KILLED,360,357,358,356,4,299,9,216,293,213,285,242,17,212,353,239,221,243,1,365,367,382,384,388,400,386,377,381,364,351,368,402
6124,KILLED,360,357,358,356,4,299,9,216,293,213,285,242,17,212,353,239,221,243,1,365,367,382,384,388,400,386,377,381,364,351,368,402
6125,SURVIVED
6126,KILLED,360,357,358,356,4,299,9,216,293,213,285,242,17,219,287,403,401,409,405,212,353,239,51,52,221,243,1,365,367,382,384,388,400,386,377,381,364,351,368,402
6127,SURVIVED
6128,KILLED,361,356,359,216,219,287,212,221,365,367,382,384,388,386,377,381,364,368
6129,KILLED,285,221,382,388,400,386,377,381,364,368,402
6130,KILLED,285,219,287,403,401,409,405,51,52,221,382,388,400,386,377,381,364,368,402
6131,KILLED,356,216,219,212,221,365,367,382,384,400,386,402
6132,KILLED,357
6133,KILLED,360,357,358,361,356,359,395,157,394,4,299,9,216,293,213,285,242,17,393,219,287,403,401,409,405,212,353,239,51,52,221,243,1,365,367,382,384,388,400,386,377,381,364,351,368,402
6134,KILLED,360,357,358,361,356,359,4,299,9,216,293,213,285,242,17,219,287,212,239,243,1,382,384,386
6135,KILLED,360,357,358,361,356,359,395,157,394,4,299,9,216,293,213,285,242,17,393,219,287,403,401,409,405,212,353,239,51,52,221,243,1,365,367,382,384,388,400,386,377,381,364,351,368,402
6136,KILLED,357
6137,KILLED,360,357,358,361,356,359,395,157,394,4,299,9,216,293,213,285,17,219,287,403,401,409,405,212,353,51,52,221,1,365,367,382,384,388,400,386,377,381,364,351,368,402
6138,KILLED,360,357,358,361,356,359,395,157,394,4,299,9,216,293,213,285,242,17,393,219,287,403,401,409,405,212,353,239,51,52,221,243,1,365,367,382,384,388,400,386,377,381,364,351,368,402
6139,SURVIVED
6140,SURVIVED
6141,SURVIVED
6142,SURVIVED
6143,SURVIVED
6144,KILLED,360,357,358,361,356,359,4,299,9,216,293,213,285,242,17,219,287,403,401,409,405,212,353,239,51,52,221,243,1,365,367,382,384,388,400,386,377,381,364,351,368,402
6145,KILLED,361,356,359,216,285,219,287,403,401,409,405,212,51,52,221,365,367,382,384,388,400,386,377,381,364,368,402
6146,KILLED,361,356,359,216,219,287,403,401,409,405,212,51,52,221,365,367,382,384,388,400,386,377,381,364,368,402
6147,KILLED,285,219,287,403,401,409,405,51,52,221,365,367,382,384,388,400,386,377,381,364,368,402
6148,KILLED,285,219,287,403,401,409,405,51,52,221,365,367,382,384,388,400,386,377,381,364,368,402
6149,SURVIVED
6150,KILLED,360,357,358,361,356,359,4,299,9,216,293,213,285,242,17,219,287,212,239,243,1,382,384,386
6151,KILLED,360,9,1
6152,KILLED,360,357,358,361,356,359,395,157,394,4,299,9,216,293,213,285,242,17,219,287,403,401,409,405,212,353,239,51,52,221,243,1,365,367,382,384,388,400,386,377,381,364,351,368,402
6153,SURVIVED
6154,NO_COVERAGE
6155,NO_COVERAGE
6156,NO_COVERAGE
6157,NO_COVERAGE
6158,NO_COVERAGE
6159,NO_COVERAGE
6160,NO_COVERAGE
6161,NO_COVERAGE
6162,NO_COVERAGE
6163,NO_COVERAGE
6164,NO_COVERAGE
6165,NO_COVERAGE
6166,NO_COVERAGE
6167,NO_COVERAGE
6168,NO_COVERAGE
6169,NO_COVERAGE
6170,NO_COVERAGE
6171,NO_COVERAGE
6172,NO_COVERAGE
6173,NO_COVERAGE
6174,NO_COVERAGE
6175,NO_COVERAGE
6176,NO_COVERAGE
6177,NO_COVERAGE
6178,NO_COVERAGE
6179,NO_COVERAGE
6180,NO_COVERAGE
6181,NO_COVERAGE
6182,NO_COVERAGE
6183,NO_COVERAGE
6184,NO_COVERAGE
6185,NO_COVERAGE
6186,NO_COVERAGE
6187,NO_COVERAGE
6188,NO_COVERAGE
6189,NO_COVERAGE
6190,NO_COVERAGE
6191,NO_COVERAGE
6192,NO_COVERAGE
6193,NO_COVERAGE
6194,NO_COVERAGE
6195,NO_COVERAGE
6196,NO_COVERAGE
6197,NO_COVERAGE
6198,NO_COVERAGE
6199,NO_COVERAGE
6200,NO_COVERAGE
6201,NO_COVERAGE
6202,NO_COVERAGE
6203,NO_COVERAGE
6204,NO_COVERAGE
6205,NO_COVERAGE
6206,NO_COVERAGE
6207,NO_COVERAGE
6208,NO_COVERAGE
6209,NO_COVERAGE
6210,NO_COVERAGE
6211,NO_COVERAGE
6212,NO_COVERAGE
6213,NO_COVERAGE
6214,NO_COVERAGE
6215,NO_COVERAGE
6216,NO_COVERAGE
6217,NO_COVERAGE
6218,NO_COVERAGE
6219,NO_COVERAGE
6220,NO_COVERAGE
6221,NO_COVERAGE
6222,NO_COVERAGE
6223,NO_COVERAGE
6224,NO_COVERAGE
6225,NO_COVERAGE
6226,NO_COVERAGE
6227,NO_COVERAGE
6228,NO_COVERAGE
6229,NO_COVERAGE
6230,NO_COVERAGE
6231,NO_COVERAGE
6232,NO_COVERAGE
6233,NO_COVERAGE
6234,NO_COVERAGE
6235,NO_COVERAGE
6236,NO_COVERAGE
6237,NO_COVERAGE
6238,NO_COVERAGE
6239,NO_COVERAGE
6240,NO_COVERAGE
6241,NO_COVERAGE
6242,NO_COVERAGE
6243,NO_COVERAGE
6244,NO_COVERAGE
6245,NO_COVERAGE
6246,NO_COVERAGE
6247,NO_COVERAGE
6248,NO_COVERAGE
6249,NO_COVERAGE
6250,NO_COVERAGE
6251,NO_COVERAGE
6252,NO_COVERAGE
6253,NO_COVERAGE
6254,NO_COVERAGE
6255,NO_COVERAGE
6256,NO_COVERAGE
6257,NO_COVERAGE
6258,NO_COVERAGE
6259,NO_COVERAGE
6260,KILLED,358,242,239,243
6261,KILLED,299,216
6262,NO_COVERAGE
6263,KILLED,358,242,239,243
6264,KILLED,358,299,216,242,239,243
6265,KILLED,358,242,239,243
6266,KILLED,358,242,239,243
6267,KILLED,358,242,239,243
6268,KILLED,358,242,239,243
6269,KILLED,358,242,239,243
6270,KILLED,358,242,239,243
6271,SURVIVED
6272,KILLED,299,216
6273,SURVIVED
6274,KILLED,358,299,216,242,239,243
6275,NO_COVERAGE
6276,KILLED,395,157,394,393,365,367,382,384,388,386,377,381,364,368
6277,KILLED,395,157,394,393,365,367,382,384,388,386,377,381,364,368
6278,SURVIVED
6279,KILLED,160,161,483,482,133,372,192,396,370,162,393,363,374,378,362,383,385,159,373,379,380,369,375,128,397
6280,KILLED,395,157,394,393,365,367,382,384,388,386,377,381,364,368
6281,KILLED,160,161,483,482,133,372,192,396,370,162,393,363,374,378,362,383,385,159,373,379,380,369,375,128,397
6282,KILLED,160,161,395,157,394,483,482,133,372,192,396,370,162,393,363,374,378,362,383,385,159,373,379,380,369,375,128,365,367,397,382,384,388,386,377,381,364,368
6283,KILLED,160,161,483,482,133,372,192,396,370,162,393,363,374,378,362,383,385,159,373,379,380,369,375,128,397
6284,KILLED,395,157,394,393,365,367,382,384,388,386,377,381,364,368
6285,KILLED,160,161,483,482,133,372,192,396,370,162,393,363,374,378,362,383,385,159,373,379,380,369,375,128,397
6286,KILLED,395,157,394,393,365,367,382,384,388,386,377,381,364,368
6287,KILLED,160,161,483,482,133,372,192,396,370,162,393,363,374,378,362,383,385,159,373,379,380,369,375,128,397
6288,KILLED,395,157,394,393,365,367,382,384,388,386,377,381,364,368
6289,TIMED_OUT
6290,SURVIVED
6291,SURVIVED
6292,SURVIVED
6293,SURVIVED
6294,SURVIVED
6295,SURVIVED
6296,SURVIVED
6297,KILLED,382,388,386,377,381
6298,KILLED,358
6299,SURVIVED
6300,NO_COVERAGE
6301,KILLED,361,285,219,287,403,401,409,405,212,51,52,221,365,367,382,384,388,400,386,377,381,364,368,402
6302,KILLED,285,219,287,403,401,409,405,212,51,52,221,382,384,388,400,386,377,381,364,368,402
6303,KILLED,361,285,219,287,403,401,409,405,212,51,52,221,365,367,382,384,388,400,386,377,381,364,368,402
6304,KILLED,361,285,219,287,403,401,409,405,212,51,52,221,382,384,388,400,386,377,381,364,368,402
6305,KILLED,360,358,361,356,359,4,9,216,293,285,219,287,403,401,409,405,212,51,52,221,1,365,367,382,384,388,400,386,377,381,364,368,402
6306,KILLED,360,356,4,9,293,285,212,221,1,382,388,400,386,377,381,364,368,402
6307,KILLED,358,356,216,212
6308,KILLED,358,356,216
6309,KILLED,361,285,219,287,403,401,409,405,212,51,52,221,382,384,388,400,386,377,381,364,368,402
6310,KILLED,285,219,212,221,365,367,382,384,388,400,386,377,381,364,368,402
6311,KILLED,285,221,382,388,400,386,377,381,364,368,402
6312,KILLED,360,358,356,4,9,216,293,285,212,221,1,382,388,400,386,377,381,364,368,402
6313,KILLED,212
6314,KILLED,360,358,361,356,359,4,9,216,293,285,219,287,403,401,409,405,212,51,52,221,1,365,367,382,384,388,400,386,377,381,364,368,402
6315,KILLED,358
6316,SURVIVED
6317,KILLED,382,388,386,377,381
6318,KILLED,361,285,219,287,403,401,409,405,212,51,52,221,365,367,382,384,388,400,386,377,381,364,368,402
6319,KILLED,285,219,287,403,401,409,405,212,51,52,221,382,384,388,400,386,377,381,364,368,402
6320,KILLED,285,219,287,403,401,409,405,212,51,52,221,382,384,388,400,386,377,381,364,368,402
6321,KILLED,361
6322,KILLED,285,219,212,221,365,367,382,384,388,400,386,377,381,364,368,402
6323,KILLED,361,285,219,287,403,401,409,405,212,51,52,221,365,367,382,384,388,400,386,377,381,364,368,402
6324,KILLED,361,285,219,287,403,401,409,405,212,51,52,221,365,367,382,384,388,400,386,377,381,364,368,402
6325,KILLED,285,221,382,388,400,386,377,381,364,368,402
6326,KILLED,360,358,361,356,359,4,9,216,293,285,219,287,403,401,409,405,212,51,52,221,1,365,367,382,384,388,400,386,377,381,364,368,402
6327,SURVIVED
6328,SURVIVED
6329,SURVIVED
6330,KILLED,358,356,216
6331,KILLED,285,219,287,403,401,409,405,212,51,52,221,382,384,388,400,386,377,381,364,368,402
6332,KILLED,285,221,382,388,400,386,377,381,364,368,402
6333,KILLED,285,221,382,388,400,386,377,381,364,368,402
6334,KILLED,360,358,361,356,359,4,9,216,293,285,219,287,403,401,409,405,212,51,52,221,1,365,367,382,384,388,400,386,377,381,364,368,402
6335,KILLED,360,356,4,9,293,285,212,221,1,382,388,400,386,377,381,364,368,402
6336,SURVIVED
6337,KILLED,361
6338,SURVIVED
6339,KILLED,360,358,356,4,9,216,293,212,1
6340,KILLED,358,356,216
6341,KILLED,285,219,212,221,365,367,382,384,388,400,386,377,381,364,368,402
6342,KILLED,212
6343,SURVIVED
6344,KILLED,360,356,4,9,293,1
6345,KILLED,285,219,212,221,365,367,382,384,388,400,386,377,381,364,368,402
6346,KILLED,285,221,382,388,400,386,377,381,364,368,402
6347,KILLED,285,219,212,221,382,388,386,377,381,364,368
6348,SURVIVED
6349,SURVIVED
6350,KILLED,361,359,216,293
6351,KILLED,360,356,4,9,293,1
6352,TIMED_OUT
6353,SURVIVED
6354,KILLED,293
6355,KILLED,293
6356,SURVIVED
6357,KILLED,361,359,216,293
6358,SURVIVED
6359,KILLED,358,359
6360,KILLED,360,361,356,359,4,9,216,293,1,384
6361,TIMED_OUT
6362,KILLED,360,361,356,359,4,9,216,293,1,384
6363,KILLED,360,358,361,356,359,4,9,216,293,1,384
6364,KILLED,360,356,4,9,293,1
6365,KILLED,358
6366,KILLED,360,361,356,359,4,9,216,293,1,384
6367,TIMED_OUT
6368,TIMED_OUT
6369,TIMED_OUT
6370,KILLED,293
6371,KILLED,293
6372,SURVIVED
6373,KILLED,293
6374,SURVIVED
6375,KILLED,360,356,4,9,293,1
6376,TIMED_OUT
6377,TIMED_OUT
6378,KILLED,360,361,356,359,4,9,216,293,1,384
6379,SURVIVED
6380,SURVIVED
6381,NO_COVERAGE
6382,KILLED,359,293,213,285,219,287,403,401,409,405,212,353,51,52,221,365,367,382,384,388,400,386,377,381,364,351,368,402
6383,KILLED,359,293,213,285,219,287,403,401,409,405,212,353,51,52,221,365,367,382,384,388,400,386,377,381,364,351,368,402
6384,KILLED,359,293,213,285,219,287,403,401,409,405,212,353,51,52,221,365,367,382,384,388,400,386,377,381,364,351,368,402
6385,KILLED,359,293,213,285,219,287,403,401,409,405,212,353,51,52,221,365,367,382,384,388,400,386,377,381,364,351,368,402
6386,TIMED_OUT
6387,KILLED,359,213,285,219,287,403,401,409,405,212,353,51,52,221,365,367,382,384,388,400,386,377,381,364,351,368,402
6388,SURVIVED
6389,KILLED,359,293,213,285,219,287,403,401,409,405,212,353,51,52,221,365,367,382,384,388,400,386,377,381,364,351,368,402
6390,KILLED,359,213,285,219,287,403,401,409,405,212,353,51,52,221,365,367,382,384,388,400,386,377,381,364,351,368,402
6391,SURVIVED
6392,KILLED,359,293,213,285,219,287,403,401,409,405,212,353,51,52,221,365,367,382,384,388,400,386,377,381,364,351,368,402
6393,KILLED,359,213,285,219,287,403,401,409,405,212,353,51,52,221,365,367,382,384,388,400,386,377,381,364,351,368,402
6394,KILLED,293
6395,KILLED,359,293,285,219,212,353,221,365,367,382,384,388,400,386,377,381,364,351,368,402
6396,SURVIVED
6397,KILLED,359,213,285,219,287,403,401,409,405,212,353,51,52,221,365,367,382,384,388,400,386,377,381,364,351,368,402
6398,SURVIVED
6399,SURVIVED
6400,SURVIVED
6401,KILLED,356
6402,TIMED_OUT
6403,KILLED,361,356,359,216,219,287,403,401,409,405,212,51,52,221,365,367,382,384,388,400,386,377,381,364,368,402
6404,NO_COVERAGE
6405,KILLED,361,356,359,216,219,287,403,401,409,405,212,51,52,221,365,367,382,384,388,400,386,377,381,364,368,402
6406,SURVIVED
6407,SURVIVED
6408,KILLED,361,356,359,216,219,287,403,401,409,405,212,51,52,221,365,367,382,384,388,400,386,377,381,364,368,402
6409,TIMED_OUT
6410,KILLED,356
6411,KILLED,361,356,359,216,219,287,403,401,409,405,212,51,52,221,365,367,382,384,388,400,386,377,381,364,368,402
6412,KILLED,361,356,359,216,219,287,403,401,409,405,212,51,52,221,365,367,382,384,388,400,386,377,381,364,368,402
6413,NO_COVERAGE
6414,KILLED,361,356,359,216,219,287,403,401,409,405,212,51,52,221,365,367,382,384,388,400,386,377,381,364,368,402
6415,SURVIVED
6416,SURVIVED
6417,KILLED,361,356,359,216,219,287,403,401,409,405,212,51,52,221,365,367,382,384,388,400,386,377,381,364,368,402
6418,TIMED_OUT
6419,KILLED,361,356,359,216,219,287,403,401,409,405,212,51,52,221,365,367,382,384,388,400,386,377,381,364,368,402
6420,KILLED,361,356,359,216,219,287,403,401,409,405,212,51,52,221,365,367,382,384,388,400,386,377,381,364,368,402
6421,NO_COVERAGE
6422,KILLED,361,356,359,216,219,287,403,401,409,405,212,51,52,221,365,367,382,384,388,400,386,377,381,364,368,402
6423,SURVIVED
6424,KILLED,361,356,359,216,219,287,403,401,409,405,212,51,52,221,365,367,382,384,388,400,386,377,381,364,368,402
6425,NO_COVERAGE
6426,TIMED_OUT
6427,SURVIVED
6428,SURVIVED
6429,NO_COVERAGE
6430,SURVIVED
6431,SURVIVED
6432,SURVIVED
6433,KILLED,361,356,359,216,219,287,403,401,409,405,212,51,52,221,365,367,382,384,388,400,386,377,381,364,368,402
6434,SURVIVED
6435,KILLED,361,356,359,216,219,287,403,401,409,405,212,51,52,221,365,367,382,384,388,400,386,377,381,364,368,402
6436,KILLED,361,356,359,216,219,287,403,401,409,405,212,51,52,221,365,367,382,384,388,400,386,377,381,364,368,402
6437,NO_COVERAGE
6438,KILLED,361,356,359,216,219,287,403,401,409,405,212,51,52,221,365,367,382,384,388,400,386,377,381,364,368,402
6439,SURVIVED
6440,SURVIVED
6441,SURVIVED
6442,KILLED,356
6443,SURVIVED
6444,SURVIVED
6445,NO_COVERAGE
6446,SURVIVED
6447,NO_COVERAGE
6448,NO_COVERAGE
6449,NO_COVERAGE
6450,NO_COVERAGE
6451,SURVIVED
6452,NO_COVERAGE
6453,KILLED,285,219,287,403,401,409,405,212,51,52,221,382,384,388,400,386,377,381,364,368,402
6454,SURVIVED
6455,NO_COVERAGE
6456,SURVIVED
6457,NO_COVERAGE
6458,SURVIVED
6459,NO_COVERAGE
6460,KILLED,285,212,221,382,388,400,386,377,381,364,368,402
6461,KILLED,4,9,293,213,17,212,353,221,1,365,367,382,384,388,386,377,381,364,368
6462,KILLED,4,9,293,213,17,212,353,221,1,365,367,382,384,388,386,377,381,364,368
6463,SURVIVED
6464,KILLED,285,353,221,365,367,382,384,388,400,386,377,381,364,351,368,402
6465,KILLED,357,358,361,216,242,239,243
6466,SURVIVED
6467,KILLED,360,357,358,356,4,299,9,216,293,213,285,242,17,219,287,403,401,409,405,212,353,239,51,52,221,243,1,365,367,382,384,388,400,386,377,381,364,351,368,402
6468,KILLED,360,358,356,4,9,293,213,285,242,219,287,403,401,409,405,212,353,239,51,52,221,243,1,365,367,382,384,388,400,386,377,381,364,351,368,402
6469,KILLED,358
6470,KILLED,242,239,243
6471,KILLED,360,357,358,361,356,359,4,299,9,216,293,213,285,242,17,219,287,403,401,409,405,212,353,239,51,52,221,243,1,365,367,382,384,388,400,386,377,381,364,351,368,402
6472,KILLED,360,357,358,361,356,359,4,299,9,216,293,213,285,242,17,219,287,403,401,409,405,212,353,239,51,52,221,243,1,365,367,382,384,388,400,386,377,381,364,351,368,402
6473,KILLED,360,357,358,361,356,359,4,299,9,216,293,213,242,17,212,239,243,1,384
6474,KILLED,360,357,358,361,356,359,4,299,9,216,293,213,242,17,212,239,243,1,384
6475,KILLED,358
6476,KILLED,358
6477,KILLED,242,239,243
6478,KILLED,242,239,243
6479,KILLED,360,357,358,356,4,299,9,216,293,213,285,242,17,219,287,403,401,409,405,212,353,239,51,52,221,243,1,365,367,382,384,388,400,386,377,381,364,351,368,402
6480,KILLED,360,357,358,356,4,299,9,216,293,213,285,242,17,219,287,403,401,409,405,212,353,239,51,52,221,243,1,365,367,382,384,388,400,386,377,381,364,351,368,402
6481,KILLED,360,357,358,356,4,299,9,216,293,213,285,242,17,219,287,403,401,409,405,212,353,239,51,52,221,243,1,365,367,382,384,388,400,386,377,381,364,351,368,402
6482,KILLED,360,357,358,361,356,359,4,299,9,216,293,213,285,242,17,219,287,403,401,409,405,212,353,239,51,52,221,243,1,365,367,382,384,388,400,386,377,381,364,351,368,402
6483,KILLED,360,357,358,361,356,359,4,299,9,216,293,213,242,17,212,239,243,1,384
6484,KILLED,360,357,358,356,4,299,9,216,293,213,242,17,212,239,243,1,384
6485,KILLED,360,357,358,356,4,299,9,216,293,213,242,17,212,239,243,1,384
6486,KILLED,285,219,287,403,401,409,405,353,51,52,221,365,367,382,384,388,400,386,377,381,364,351,368,402
6487,KILLED,360,357,356,9,293,213,285,219,287,403,401,409,405,212,51,52,1,382,384,400,386,351,402
6488,SURVIVED
6489,KILLED,212
6490,SURVIVED
6491,SURVIVED
6492,KILLED,360,357,358,361,356,359,4,299,9,216,293,213,285,242,17,219,287,403,401,409,405,212,353,239,51,52,221,243,1,365,367,382,384,388,400,386,377,381,364,351,368,402
6493,SURVIVED
6494,SURVIVED
6495,SURVIVED
6496,KILLED,361,356,359,216,219,287,403,401,409,405,212,51,52,221,365,367,382,384,388,400,386,377,381,364,368,402
6497,SURVIVED
6498,KILLED,360
6499,KILLED,361,356,359,216,219,287,403,401,409,405,212,51,52,221,365,367,382,384,388,400,386,377,381,364,368,402
6500,KILLED,360,357,358,356,4,299,9,216,293,213,285,242,17,212,353,239,221,243,1,365,367,382,384,388,400,386,377,381,364,351,368,402
6501,KILLED,360,357,358,356,4,299,9,216,293,213,285,242,17,212,353,239,221,243,1,365,367,382,384,388,400,386,377,381,364,351,368,402
6502,KILLED,360,356,4,9,293,285,212,221,1,382,388,400,386,377,381,364,368,402
6503,KILLED,212
6504,KILLED,360,357,358,361,356,359,4,299,9,216,293,213,285,242,17,219,287,403,401,409,405,212,353,239,51,52,221,243,1,365,367,382,384,388,400,386,377,381,364,351,368,402
6505,KILLED,360,357,358,361,356,359,4,299,9,216,293,213,285,242,17,219,287,403,401,409,405,212,353,239,51,52,221,243,1,365,367,382,384,388,400,386,377,381,364,351,368,402
6506,KILLED,360,357,358,356,4,299,9,216,293,213,285,242,17,212,353,239,221,243,1,365,367,382,384,388,400,386,377,381,364,351,368,402
6507,KILLED,4
6508,KILLED,360,357,358,361,356,359,4,299,9,216,293,213,242,17,212,239,243,1,384
6509,KILLED,360,9,1
6510,KILLED,360,9,1
6511,KILLED,358,242,239,243
6512,KILLED,358,242,239,243
6513,KILLED,242,239,243
6514,KILLED,356
6515,SURVIVED
6516,KILLED,360,357,358,356,4,299,9,216,293,213,285,242,17,212,353,239,221,243,1,365,367,382,384,388,400,386,377,381,364,351,368,402
6517,SURVIVED
6518,KILLED,360,357,358,361,356,359,4,299,9,216,293,213,285,242,17,219,287,403,401,409,405,212,353,239,51,52,221,243,1,365,367,382,384,388,400,386,377,381,364,351,368,402
6519,KILLED,360,357,358,361,356,359,4,299,9,216,293,213,285,242,17,219,287,403,401,409,405,212,353,239,51,52,221,243,1,365,367,382,384,388,400,386,377,381,364,351,368,402
6520,KILLED,4
6521,KILLED,285,353,221,365,367,382,384,388,400,386,377,381,364,351,368,402
6522,KILLED,285,353,221,365,367,382,384,388,400,386,377,381,364,351,368,402
6523,KILLED,360,357,358,361,356,359,4,299,9,216,293,213,285,242,17,219,287,403,401,409,405,212,353,239,51,52,221,243,1,365,367,382,384,388,400,386,377,381,364,351,368,402
6524,KILLED,360,357,358,361,356,359,4,299,9,216,293,213,285,242,17,219,287,403,401,409,405,212,353,239,51,52,221,243,1,365,367,382,384,388,400,386,377,381,364,351,368,402
6525,KILLED,358,216,293,285,242,219,287,403,401,409,405,212,353,239,51,52,221,243,365,367,382,384,388,400,386,377,381,364,351,368,402
6526,SURVIVED
6527,SURVIVED
6528,KILLED,360,357,358,361,356,359,4,299,9,216,293,213,285,242,17,219,287,403,401,409,405,212,353,239,51,52,221,243,1,365,367,382,384,388,400,386,377,381,364,351,368,402
6529,SURVIVED
6530,KILLED,360,357,358,361,356,359,4,299,9,216,293,213,242,17,212,239,243,1,384
6531,KILLED,242,239,243
6532,KILLED,360,357,358,356,4,299,9,216,293,213,285,242,17,219,287,403,401,409,405,212,353,239,51,52,221,243,1,365,367,382,384,388,400,386,377,381,364,351,368,402
6533,KILLED,360,357,356,9,213,285,219,287,403,401,409,405,212,51,52,1,382,384,400,386,351,402
6534,KILLED,360,357,358,361,356,359,4,299,9,216,293,213,285,242,17,219,287,403,401,409,405,212,353,239,51,52,221,243,1,365,367,382,384,388,400,386,377,381,364,351,368,402
6535,KILLED,4,299,9,216,293,213,285,242,287,403,401,409,405,212,239,51,52,221,243,1,365,367,382,384,388,400,386,377,381,364,368,402
6536,KILLED,360,357,358,361,356,359,4,299,9,216,293,213,285,242,17,219,287,403,401,409,405,212,353,239,51,52,221,243,1,365,367,382,384,388,400,386,377,381,364,351,368,402
6537,KILLED,360,357,358,361,356,359,299,9,216,213,285,242,219,287,212,239,243,1,382,384,386
6538,KILLED,360,357,358,361,356,359,4,299,9,216,293,213,285,242,17,219,287,403,401,409,405,212,353,239,51,52,221,243,1,365,367,382,384,388,400,386,377,381,364,351,368,402
6539,SURVIVED
6540,KILLED,360,357,358,361,356,359,4,299,9,216,293,213,242,17,212,239,243,1,384
6541,KILLED,358
6542,KILLED,358
6543,KILLED,358
6544,KILLED,358
6545,KILLED,358
6546,KILLED,360,357,361,356,359,4,299,9,216,293,213,242,17,212,239,243,1,384
6547,KILLED,242,239,243
6548,KILLED,242,239,243
6549,KILLED,242,239,243
6550,KILLED,242,239,243
6551,KILLED,242,239,243
6552,KILLED,242,239,243
6553,KILLED,242,239,243
6554,KILLED,242,239,243
6555,KILLED,242,239,243
6556,KILLED,242,239,243
6557,KILLED,242,239,243
6558,KILLED,360,357,358,356,4,299,9,216,293,213,285,242,17,212,353,239,221,243,1,365,367,382,384,388,400,386,377,381,364,351,368,402
6559,KILLED,360,357,358,356,4,299,9,216,293,213,285,242,17,212,353,239,221,243,1,365,367,382,384,388,400,386,377,381,364,351,368,402
6560,SURVIVED
6561,KILLED,360,356,4,9,293,285,212,221,1,382,388,400,386,377,381,364,368,402
6562,KILLED,212
6563,KILLED,360,357,358,361,356,359,4,299,9,216,293,213,285,242,17,219,287,403,401,409,405,212,353,239,51,52,221,243,1,365,367,382,384,388,400,386,377,381,364,351,368,402
6564,SURVIVED
6565,KILLED,361,356,359,216,219,287,403,401,409,405,212,51,52,221,365,367,382,384,388,400,386,377,381,364,368,402
6566,KILLED,4
6567,KILLED,360,357,358,361,356,359,4,299,9,216,293,213,242,17,212,239,243,1,384
6568,KILLED,360,9,1
6569,KILLED,360,9,1
6570,KILLED,358,242,239,243
6571,KILLED,358
6572,KILLED,242,239,243
6573,SURVIVED
6574,KILLED,360,357,358,356,4,299,9,216,293,213,285,242,17,212,353,239,221,243,1,365,367,382,384,388,400,386,377,381,364,351,368,402
6575,KILLED,212
6576,SURVIVED
6577,KILLED,356
6578,KILLED,360,357,358,361,356,359,4,299,9,216,293,213,285,242,17,219,287,403,401,409,405,212,353,239,51,52,221,243,1,365,367,382,384,388,400,386,377,381,364,351,368,402
6579,KILLED,360,357,358,356,4,299,9,216,293,213,285,242,17,212,353,239,221,243,1,365,367,382,384,388,400,386,377,381,364,351,368,402
6580,KILLED,4
6581,SURVIVED
6582,SURVIVED
6583,SURVIVED
6584,SURVIVED
6585,KILLED,242,239,243
6586,SURVIVED
6587,NO_COVERAGE
6588,KILLED,365
6589,KILLED,361,356,359,216,219,287,403,401,409,405,212,51,52,221,365,367,382,384,388,400,386,377,381,364,368,402
6590,KILLED,360,357,358,356,4,299,9,216,293,213,285,242,17,212,353,239,221,243,1,365,367,382,384,388,400,386,377,381,364,351,368,402
6591,KILLED,360,356,4,9,293,285,212,221,1,382,388,400,386,377,381,364,368,402
6592,KILLED,360,357,358,356,4,299,9,216,293,213,285,242,17,212,353,239,221,243,1,365,367,382,384,388,400,386,377,381,364,351,368,402
6593,KILLED,360,358,361,356,359,4,9,216,293,285,219,287,403,401,409,405,212,51,52,221,1,365,367,382,384,388,400,386,377,381,364,368,402
6594,KILLED,356
6595,SURVIVED
6596,KILLED,299,242,239,243
6597,KILLED,357,358,361,359,216,293,213,285,242,219,287,403,401,409,405,212,353,239,51,52,221,243,365,367,382,384,388,400,386,377,381,364,351,368,402
6598,SURVIVED
6599,KILLED,242,239,243
6600,KILLED,360,357,358,356,4,299,9,216,293,213,285,242,17,219,287,403,401,409,405,212,353,239,51,52,221,243,1,365,367,382,384,388,400,386,377,381,364,351,368,402
6601,KILLED,4,299,9,216,293,213,285,242,17,287,403,401,409,405,212,239,51,52,221,243,1,365,367,382,384,388,400,386,377,381,364,368,402
6602,KILLED,360,357,356,9,213,285,219,287,403,401,409,405,212,51,52,1,382,384,400,386,351,402
6603,KILLED,360,9,1
6604,KILLED,360,9,1
6605,KILLED,357,358,356,4,9,216,242,239,243
6606,SURVIVED
6607,KILLED,360,357,358,361,356,359,4,299,9,216,293,213,285,242,17,219,287,403,401,409,405,212,353,239,51,52,221,243,1,365,367,382,384,388,400,386,377,381,364,351,368,402
6608,KILLED,361,356,359,216,219,287,403,401,409,405,212,51,52,221,365,367,382,384,388,400,386,377,381,364,368,402
6609,KILLED,360,357,358,361,356,359,4,299,9,216,293,213,285,242,17,219,287,403,401,409,405,212,353,239,51,52,221,243,1,365,367,382,384,388,400,386,377,381,364,351,368,402
6610,KILLED,360,357,358,356,359,4,299,9,216,293,213,285,242,17,219,287,403,401,409,405,212,353,239,51,52,221,243,1,365,367,382,384,388,400,386,377,381,364,351,368,402
6611,KILLED,360,357,358,356,359,4,299,9,216,293,213,285,242,17,219,287,403,401,409,405,212,239,51,52,221,243,1,365,367,382,384,388,400,386,377,381,364,351,368,402
6612,KILLED,360,357,358,356,4,299,9,216,293,213,285,242,17,219,287,403,401,409,405,212,353,239,51,52,221,243,1,365,367,382,384,388,400,386,377,381,364,351,368,402
6613,KILLED,360,357,358,356,4,299,9,216,293,213,242,17,212,239,243,1,384
6614,KILLED,360,357,358,356,4,299,9,216,293,213,242,17,212,239,243,1,384
6615,KILLED,360,357,358,356,4,299,9,216,293,213,242,17,212,239,243,1,384
6616,KILLED,285,219,287,403,401,409,405,353,51,52,221,365,367,382,384,388,400,386,377,381,364,351,368,402
6617,KILLED,360,357,358,356,4,9,293,213,285,242,219,287,403,401,409,405,212,353,239,51,52,221,243,1,365,367,382,384,388,400,386,377,381,364,351,368,402
6618,SURVIVED
6619,KILLED,361,356,359,216,219,287,403,401,409,405,212,51,52,221,365,367,382,384,388,400,386,377,381,364,368,402
6620,KILLED,361,356,359,216,219,287,403,401,409,405,212,51,52,221,365,367,382,384,388,400,386,377,381,364,368,402
6621,SURVIVED
6622,KILLED,361,356,359,216,219,287,403,401,409,405,212,51,52,221,365,367,382,384,388,400,386,377,381,364,368,402
6623,KILLED,361,356,359,216,219,287,403,401,409,405,212,51,52,221,365,367,382,384,388,400,386,377,381,364,368,402
6624,SURVIVED
6625,KILLED,361,356,359,216,219,287,403,401,409,405,212,51,52,221,365,367,382,384,388,400,386,377,381,364,368,402
6626,SURVIVED
6627,NO_COVERAGE
6628,KILLED,395,157,394,393,365,367,382,384,388,386,377,381,364,368
6629,KILLED,160,161,483,482,133,372,192,396,370,162,393,363,374,378,362,383,385,159,373,379,380,369,375,128,397
6630,KILLED,395,157,394,393,365,367,382,384,388,386,377,381,364,368
6631,KILLED,160,161,483,482,133,372,192,396,370,162,393,363,374,378,362,383,385,159,373,379,380,369,375,128,365,367,397,382,384,388,386,377,381,364,368
6632,KILLED,160,161,395,394,483,482,133,372,192,396,370,162,393,363,374,378,362,383,385,159,373,379,380,369,375,128,397
6633,KILLED,160,161,483,482,133,372,192,396,370,162,393,363,374,378,362,383,385,159,373,379,380,369,375,128,397
6634,KILLED,160,161,157,483,482,133,372,192,396,370,162,393,363,374,378,362,383,385,159,373,379,380,369,375,128,397
6635,KILLED,393,365,367,382,384,388,386,377,381,364,368
6636,KILLED,395,394
6637,SURVIVED
6638,KILLED,160,161,157,483,482,133,372,192,396,370,162,393,398,363,374,378,362,383,385,159,373,379,380,369,375,128,397
6639,KILLED,157
6640,KILLED,160,161,483,482,133,372,192,396,370,162,393,363,374,378,362,383,385,159,373,379,380,369,375,128,397
6641,KILLED,160,161,483,482,133,372,192,396,370,162,393,363,374,378,362,383,385,159,373,379,380,369,375,128,397
6642,KILLED,160,161,483,482,133,372,192,396,370,162,393,363,374,378,362,383,385,159,373,379,380,369,375,128,397
6643,KILLED,157
6644,KILLED,393,365,367,382,384,388,386,377,381,364,368
6645,KILLED,395,394
6646,SURVIVED
6647,KILLED,160,161,483,482,133,372,192,396,370,162,393,363,374,378,362,383,385,159,373,379,380,369,375,128,397
6648,SURVIVED
6649,KILLED,395,157,394,393,365,367,382,384,388,386,377,381,364,368
6650,NO_COVERAGE
6651,KILLED,160,161,395,157,394,483,482,133,372,192,396,370,162,393,363,374,378,362,383,385,159,373,379,380,369,375,128,365,367,397,382,384,388,386,377,381,364,368
6652,SURVIVED
6653,SURVIVED
6654,SURVIVED
6655,SURVIVED
6656,KILLED,357,358,356,4,9,216,285,242,219,287,403,401,409,405,353,239,51,52,221,243,365,367,382,384,388,400,386,377,381,364,351,368,402
6657,SURVIVED
6658,SURVIVED
6659,SURVIVED
6660,KILLED,360,357,358,361,356,359,4,299,9,216,293,213,285,242,17,219,287,403,401,409,405,212,353,239,51,52,221,243,1,365,367,382,384,388,400,386,377,381,364,351,368,402
6661,SURVIVED
6662,SURVIVED
6663,KILLED,285,219,287,403,401,409,405,353,51,52,221,365,367,382,384,388,400,386,377,381,364,351,368,402
6664,SURVIVED
6665,SURVIVED
6666,NO_COVERAGE
6667,NO_COVERAGE
6668,NO_COVERAGE
6669,NO_COVERAGE
6670,NO_COVERAGE
6671,NO_COVERAGE
6672,KILLED,360,357,358,361,356,359,4,299,9,216,293,213,242,17,212,239,243,1,384
6673,KILLED,360,358,356,4,9,293,242,239,243,1
6674,KILLED,360,357,358,361,356,359,4,299,9,216,293,213,242,17,212,239,243,1,384
6675,KILLED,357,242,212,239,243
6676,SURVIVED
6677,KILLED,357,358,356,4,9,216,242,239,243
6678,SURVIVED
6679,SURVIVED
6680,SURVIVED
6681,SURVIVED
6682,KILLED,285,219,287,403,401,409,405,353,51,52,221,365,367,382,384,388,400,386,377,381,364,351,368,402
6683,SURVIVED
6684,SURVIVED
6685,SURVIVED
6686,NO_COVERAGE
6687,NO_COVERAGE
6688,KILLED,358,356,216,242,239,243
6689,KILLED,357,242,239,243
6690,KILLED,285,219,212,221,365,367,382,384,388,400,386,377,381,364,368,402
6691,SURVIVED
6692,TIMED_OUT
6693,TIMED_OUT
6694,TIMED_OUT
6695,SURVIVED
6696,SURVIVED
6697,KILLED,357,358,361,359,299,293,213,285,242,219,287,403,401,409,405,212,353,239,51,52,221,243,365,367,382,384,388,400,386,377,381,364,351,368,402
6698,KILLED,357,358,361,359,299,293,213,285,219,287,403,401,409,405,212,353,239,51,52,221,243,365,367,382,384,388,400,386,377,381,364,351,368,402
6699,SURVIVED
6700,NO_COVERAGE
6701,NO_COVERAGE
6702,NO_COVERAGE
6703,NO_COVERAGE
6704,NO_COVERAGE
6705,KILLED,359,293,213,285,219,287,403,401,409,405,212,353,51,52,221,365,367,382,384,388,400,386,377,381,364,351,368,402
6706,SURVIVED
6707,KILLED,357,358,361,359,299,293,213,285,242,219,287,403,401,409,405,212,353,239,51,52,221,243,365,367,382,384,388,400,386,377,381,364,351,368,402
6708,KILLED,357,358,359,299,293,285,242,219,287,403,401,409,405,212,239,51,52,221,243,382,388,400,386,377,381,364,368,402
6709,KILLED,357,358,361,359,299,293,213,285,242,219,287,403,401,409,405,212,353,239,51,52,221,243,365,367,382,384,388,400,386,377,381,364,351,368,402
6710,KILLED,357,358,361,359,299,293,213,285,242,219,287,403,401,409,405,212,353,239,51,52,221,243,365,367,382,384,388,400,386,377,381,364,351,368,402
6711,KILLED,357,358,361,359,299,293,213,285,242,219,287,403,401,409,405,212,353,239,51,52,221,243,365,367,382,384,388,400,386,377,381,364,351,368,402
6712,KILLED,357,358,361,359,299,293,213,285,242,219,287,403,401,409,405,212,353,239,51,52,221,243,365,367,382,384,388,400,386,377,381,364,351,368,402
6713,KILLED,357,358,361,359,293,213,285,242,219,287,403,401,409,405,212,353,239,51,52,221,243,365,367,382,384,388,400,386,377,381,364,351,368,402
6714,KILLED,357,358,361,293,242,212,239,221,243,365,367,382,384,388,386,377,381,364,368
6715,KILLED,358,359,293,213,285,242,219,287,403,401,409,405,212,353,239,51,52,221,243,365,367,382,384,388,400,386,377,381,364,351,368,402
6716,KILLED,358
6717,KILLED,242,239,243
6718,KILLED,357,358,361,213,285,219,287,403,401,409,405,212,353,51,52,221,365,367,382,384,388,400,386,377,381,364,351,368,402
6719,KILLED,357,358,361,359,299,293,213,285,242,219,287,403,401,409,405,212,353,239,51,52,221,243,365,367,382,384,388,400,386,377,381,364,351,368,402
6720,KILLED,357,358,361,359,293,213,285,242,219,287,403,401,409,405,212,353,239,51,52,221,243,365,367,382,384,388,400,386,377,381,364,351,368,402
6721,KILLED,357,358,361,359,293,213,285,242,219,287,403,401,409,405,212,353,239,51,52,221,243,365,367,382,384,388,400,386,377,381,364,351,368,402
6722,NO_COVERAGE
6723,KILLED,357,358,361,359,293,213,285,242,219,287,403,401,409,405,212,353,239,51,52,221,243,365,367,382,384,388,400,386,377,381,364,351,368,402
6724,KILLED,358,293,242,212,239,221,243,365,367,382,384,388,386,377,381,364,368
6725,TIMED_OUT
6726,KILLED,358,359,293,213,285,242,219,287,403,401,409,405,212,353,239,51,52,221,243,365,367,382,384,388,400,386,377,381,364,351,368,402
6727,KILLED,359,293,213,285,219,287,403,401,409,405,212,353,51,52,221,365,367,382,384,388,400,386,377,381,364,351,368,402
6728,TIMED_OUT
6729,KILLED,358,242,239,243
6730,KILLED,358
6731,KILLED,358
6732,KILLED,242,239,243
6733,KILLED,242,239,243
6734,KILLED,242,239,243
6735,KILLED,358,242,239,243
6736,TIMED_OUT
6737,NO_COVERAGE
6738,NO_COVERAGE
6739,NO_COVERAGE
6740,NO_COVERAGE
6741,KILLED,357,358,361,359,293,213,285,242,219,287,403,401,409,405,212,353,239,51,52,221,243,365,367,382,384,388,400,386,377,381,364,351,368,402
6742,SURVIVED
6743,SURVIVED
6744,SURVIVED
6745,KILLED,357,361
6746,KILLED,359,293,213,285,219,287,403,401,409,405,212,353,51,52,221,365,367,382,384,388,400,386,377,381,364,351,368,402
6747,SURVIVED
6748,KILLED,242,239,243
6749,KILLED,357,358,361,359,299,293,213,285,242,219,287,403,401,409,405,212,353,239,51,52,221,243,365,367,382,384,388,400,386,377,381,364,351,368,402
6750,KILLED,357,358,359,299,293,285,242,219,287,403,401,409,405,212,239,51,52,221,243,382,388,400,386,377,381,364,368,402
6751,KILLED,357,358,361,359,293,213,285,242,219,287,403,401,409,405,212,353,239,51,52,221,243,365,367,382,384,388,400,386,377,381,364,351,368,402
6752,KILLED,358,293,242,212,239,221,243,365,367,382,384,388,386,377,381,364,368
6753,KILLED,358,242,239,243
6754,KILLED,358
6755,SURVIVED
6756,KILLED,357,358,361,359,299,293,213,285,242,219,287,403,401,409,405,212,353,239,51,52,221,243,365,367,382,384,388,400,386,377,381,364,351,368,402
6757,KILLED,357,358,361,359,299,293,213,285,242,219,287,403,401,409,405,212,353,239,51,52,221,243,365,367,382,384,388,400,386,377,381,364,351,368,402
6758,KILLED,357,358,361,359,299,293,213,285,242,219,287,403,401,409,405,212,353,239,51,52,221,243,365,367,382,384,388,400,386,377,381,364,351,368,402
6759,SURVIVED
6760,SURVIVED
6761,SURVIVED
6762,SURVIVED
6763,SURVIVED
6764,KILLED,357,358,361,359,299,293,213,285,242,219,287,403,401,409,405,212,353,239,51,52,221,243,365,367,382,384,388,400,386,377,381,364,351,368,402
6765,KILLED,357,358,361,213,285,219,287,403,401,409,405,212,353,51,52,221,365,367,382,384,388,400,386,377,381,364,351,368,402
6766,NO_COVERAGE
6767,TIMED_OUT
6768,KILLED,299
6769,SURVIVED
6770,KILLED,285,219,287,403,401,409,405,51,52,221,365,367,382,384,388,400,386,377,381,364,368,402
6771,KILLED,285,219,287,403,401,409,405,51,52,221,365,367,382,384,388,400,386,377,381,364,368,402
6772,KILLED,285,219,287,403,401,409,405,51,52,221,365,367,382,384,388,400,386,377,381,364,368,402
6773,KILLED,285,221,382,388,400,386,377,381,364,368,402
6774,KILLED,285,219,287,403,401,409,405,51,52,221,365,367,382,384,388,400,386,377,381,364,368,402
6775,KILLED,285,219,287,403,401,409,405,51,52,221,365,367,382,384,388,400,386,377,381,364,368,402
6776,SURVIVED
6777,NO_COVERAGE
6778,KILLED,285,221,382,388,400,386,377,381,364,368,402
6779,SURVIVED
6780,KILLED,285,221,382,388,400,386,377,381,364,368,402
6781,KILLED,285,221,382,388,400,386,377,381,364,368,402
6782,KILLED,285,219,287,403,401,409,405,51,52,221,365,367,382,384,388,400,386,377,381,364,368,402
6783,SURVIVED
6784,SURVIVED
6785,KILLED,285,221,382,388,400,386,377,381,364,368,402
6786,KILLED,285,219,287,403,401,409,405,51,52,221,365,367,382,384,388,400,386,377,381,364,368,402
6787,SURVIVED
6788,KILLED,285,219,287,403,401,409,405,51,52,221,365,367,382,384,388,400,386,377,381,364,368,402
6789,SURVIVED
6790,NO_COVERAGE
6791,NO_COVERAGE
6792,NO_COVERAGE
6793,NO_COVERAGE
6794,KILLED,285,221,382,388,400,386,377,381,364,368,402
6795,SURVIVED
6796,KILLED,285,221,382,388,400,386,377,381,364,368,402
6797,SURVIVED
6798,SURVIVED
6799,SURVIVED
6800,SURVIVED
6801,KILLED,285,221,382,388,400,386,377,381,364,368,402
6802,SURVIVED
6803,KILLED,285,221,382,388,400,386,377,381,364,368,402
6804,KILLED,285,221,382,388,400,386,377,381,364,368,402
6805,SURVIVED
6806,SURVIVED
6807,NO_COVERAGE
6808,NO_COVERAGE
6809,TIMED_OUT
6810,TIMED_OUT
6811,NO_COVERAGE
6812,KILLED,293
6813,TIMED_OUT
6814,KILLED,293
6815,TIMED_OUT
6816,TIMED_OUT
6817,KILLED,293
6818,KILLED,293
6819,TIMED_OUT
6820,TIMED_OUT
6821,SURVIVED
6822,TIMED_OUT
6823,SURVIVED
6824,KILLED,293
6825,KILLED,293
6826,KILLED,293
6827,SURVIVED
6828,TIMED_OUT
6829,KILLED,219,212,353,221,377,351
6830,TIMED_OUT
6831,KILLED,293,212,353,221,377,351
6832,KILLED,360,357,358,361,356,359,4,299,9,216,293,213,285,242,17,219,287,403,401,409,405,212,353,239,51,52,221,243,1,365,367,382,384,388,400,386,377,381,364,351,368,402
6833,NO_COVERAGE
6834,KILLED,212
6835,KILLED,212
6836,KILLED,212
6837,KILLED,212
6838,KILLED,212
6839,KILLED,212
6840,KILLED,212
6841,KILLED,360,357,358,361,356,359,4,299,9,216,293,213,285,242,17,219,287,403,401,409,405,212,353,239,51,52,221,243,1,365,367,382,384,388,400,386,377,381,364,351,368,402
6842,KILLED,360,357,358,356,4,299,9,216,293,213,285,242,17,212,353,239,221,243,1,365,367,382,384,388,400,386,377,381,364,351,368,402
6843,SURVIVED
6844,KILLED,212
6845,SURVIVED
6846,KILLED,212
6847,KILLED,360,357,358,361,356,359,4,299,9,216,293,213,285,242,17,219,287,403,401,409,405,212,353,239,51,52,221,243,1,365,367,382,384,388,400,386,377,381,364,351,368,402
6848,KILLED,360,357,358,356,4,299,9,216,293,213,285,242,17,353,239,221,243,1,365,367,382,384,388,400,386,377,381,364,351,368,402
6849,KILLED,360,357,358,356,4,299,9,216,293,213,285,242,17,212,353,239,221,243,1,365,367,382,384,388,400,386,377,381,364,351,368,402
6850,KILLED,212
6851,KILLED,212
6852,KILLED,212
6853,KILLED,285,219,212,221,365,367,382,384,388,400,386,377,381,364,368,402
6854,TIMED_OUT
6855,NO_COVERAGE
6856,SURVIVED
6857,NO_COVERAGE
6858,SURVIVED
6859,KILLED,293
6860,KILLED,293
6861,KILLED,359,285,219,212,221,365,367,382,384,388,400,386,377,381,364,368,402
6862,TIMED_OUT
6863,KILLED,359,293,285,219,212,353,221,365,367,382,384,388,400,386,377,381,364,351,368,402
6864,KILLED,293
6865,KILLED,359
6866,TIMED_OUT
6867,TIMED_OUT
6868,TIMED_OUT
6869,SURVIVED
6870,KILLED,285,219,212,221,365,367,382,384,388,400,386,377,381,364,368,402
6871,KILLED,285,219,212,221,365,367,382,384,388,400,386,377,381,364,368,402
6872,TIMED_OUT
6873,NO_COVERAGE
6874,NO_COVERAGE
6875,KILLED,359
6876,TIMED_OUT
6877,KILLED,293
6878,KILLED,359
6879,TIMED_OUT
6880,KILLED,285,219,287,403,401,409,405,212,353,51,52,382,384,388,386,377,381,364,351,368
6881,SURVIVED
6882,SURVIVED
6883,KILLED,359
6884,KILLED,359,293,285,219,212,353,221,365,367,382,384,388,400,386,377,381,364,351,368,402
6885,TIMED_OUT
6886,KILLED,293
6887,TIMED_OUT
6888,KILLED,360,357,358,356,4,299,9,216,293,213,285,242,17,212,353,239,221,243,1,365,367,382,384,388,400,386,377,381,364,351,368,402
6889,KILLED,365
6890,KILLED,360,357,358,356,4,299,9,216,293,213,285,242,17,212,353,239,221,243,1,365,367,382,384,388,400,386,377,381,364,351,368,402
6891,KILLED,360,357,358,356,4,299,9,216,293,213,285,242,17,212,353,239,221,243,1,365,367,382,384,388,400,386,377,381,364,351,368,402
6892,SURVIVED
6893,KILLED,360,357,358,356,4,299,9,216,293,213,285,242,17,212,353,239,221,243,1,365,367,382,384,388,400,386,377,381,364,351,368,402
6894,SURVIVED
6895,SURVIVED
6896,SURVIVED
6897,SURVIVED
6898,TIMED_OUT
6899,SURVIVED
6900,SURVIVED
6901,TIMED_OUT
6902,SURVIVED
6903,NO_COVERAGE
6904,KILLED,361
6905,KILLED,361
6906,KILLED,357,361
6907,TIMED_OUT
6908,TIMED_OUT
6909,SURVIVED
6910,TIMED_OUT
6911,KILLED,357,361
6912,SURVIVED
6913,NO_COVERAGE
6914,KILLED,361
6915,SURVIVED
6916,SURVIVED
6917,KILLED,357,361
6918,KILLED,357,361
6919,NO_COVERAGE
6920,KILLED,357
6921,TIMED_OUT
6922,KILLED,357
6923,KILLED,357,361
6924,SURVIVED
6925,NO_COVERAGE
6926,KILLED,357,361
6927,KILLED,357
6928,TIMED_OUT
6929,TIMED_OUT
6930,KILLED,361
6931,KILLED,361
6932,KILLED,357,361
6933,TIMED_OUT
6934,KILLED,357,361
6935,KILLED,361
6936,KILLED,361
6937,TIMED_OUT
6938,TIMED_OUT
6939,SURVIVED
6940,SURVIVED
6941,KILLED,357
6942,KILLED,361
6943,KILLED,357,361
6944,SURVIVED
6945,NO_COVERAGE
6946,SURVIVED
6947,KILLED,357,361
6948,NO_COVERAGE
6949,KILLED,357
6950,TIMED_OUT
6951,TIMED_OUT
6952,KILLED,357
6953,KILLED,357
6954,KILLED,361
6955,KILLED,361
6956,NO_COVERAGE
6957,TIMED_OUT
6958,NO_COVERAGE
6959,KILLED,357
6960,NO_COVERAGE
6961,SURVIVED
6962,NO_COVERAGE
6963,NO_COVERAGE
6964,NO_COVERAGE
6965,NO_COVERAGE
6966,NO_COVERAGE
6967,NO_COVERAGE
6968,NO_COVERAGE
6969,NO_COVERAGE
6970,NO_COVERAGE
6971,NO_COVERAGE
6972,NO_COVERAGE
6973,NO_COVERAGE
6974,NO_COVERAGE
6975,NO_COVERAGE
6976,NO_COVERAGE
6977,NO_COVERAGE
6978,NO_COVERAGE
6979,NO_COVERAGE
6980,NO_COVERAGE
6981,NO_COVERAGE
6982,NO_COVERAGE
6983,NO_COVERAGE
6984,NO_COVERAGE
6985,NO_COVERAGE
6986,NO_COVERAGE
6987,NO_COVERAGE
6988,NO_COVERAGE
6989,NO_COVERAGE
6990,NO_COVERAGE
6991,NO_COVERAGE
6992,NO_COVERAGE
6993,NO_COVERAGE
6994,NO_COVERAGE
6995,NO_COVERAGE
6996,NO_COVERAGE
6997,NO_COVERAGE
6998,NO_COVERAGE
6999,NO_COVERAGE
7000,KILLED,356
7001,KILLED,361,356,359,216,219,287,212,221,365,367,382,384,388,386,377,381,364,368
7002,TIMED_OUT
7003,SURVIVED
7004,NO_COVERAGE
7005,KILLED,361,356,359,216,219,287,212,221,365,367,382,384,388,386,377,381,364,368
7006,KILLED,356
7007,SURVIVED
7008,SURVIVED
7009,SURVIVED
7010,KILLED,361,356,359,216,219,287,403,401,409,405,212,51,52,221,365,367,382,384,388,400,386,377,381,364,368,402
7011,KILLED,361,356,359,216,219,287,403,401,409,405,212,51,52,221,365,367,382,384,388,400,386,377,381,364,368,402
7012,TIMED_OUT
7013,KILLED,361,356,359,216,219,287,403,401,409,405,212,51,52,221,365,367,382,384,388,400,386,377,381,364,368,402
7014,SURVIVED
7015,TIMED_OUT
7016,SURVIVED
7017,SURVIVED
7018,KILLED,361,356,359,216,219,287,403,401,409,405,212,51,52,221,365,367,382,384,388,400,386,377,381,364,368,402
7019,KILLED,356
7020,KILLED,361,356,359,216,219,287,403,401,409,405,212,51,52,221,365,367,382,384,388,400,386,377,381,364,368,402
7021,SURVIVED
7022,TIMED_OUT
7023,SURVIVED
7024,SURVIVED
7025,TIMED_OUT
7026,SURVIVED
7027,SURVIVED
7028,SURVIVED
7029,NO_COVERAGE
7030,SURVIVED
7031,SURVIVED
7032,KILLED,361,285,219,287,403,401,409,405,212,51,52,221,365,367,382,384,388,400,386,377,381,364,368,402
7033,KILLED,361,285,219,287,403,401,409,405,212,51,52,221,365,367,382,384,388,400,386,377,381,364,368,402
7034,SURVIVED
7035,SURVIVED
7036,KILLED,361,285,219,287,403,401,409,405,212,51,52,221,365,367,382,384,388,400,386,377,381,364,368,402
7037,KILLED,382,388,386,377,381
7038,KILLED,361,285,219,287,403,401,409,405,212,51,52,221,365,367,382,384,388,400,386,377,381,364,368,402
7039,KILLED,361,285,219,287,403,401,409,405,212,51,52,221,365,367,382,384,388,400,386,377,381,364,368,402
7040,TIMED_OUT
7041,KILLED,361,285,219,287,403,401,409,405,212,51,52,221,365,367,382,384,388,400,386,377,381,364,368,402
7042,SURVIVED
7043,KILLED,361,285,219,287,403,401,409,405,212,51,52,221,365,367,382,384,388,400,386,377,381,364,368,402
7044,KILLED,382,388,386,377,381
7045,SURVIVED
7046,SURVIVED
7047,SURVIVED
7048,KILLED,361,285,219,287,403,401,409,405,212,51,52,221,365,367,382,384,388,400,386,377,381,364,368,402
7049,SURVIVED
7050,NO_COVERAGE
7051,SURVIVED
7052,SURVIVED
7053,KILLED,361,356,359,216,219,287,212,221,365,367,382,384,388,386,377,381,364,368
7054,KILLED,361,356,359,216,219,287,403,401,409,405,212,51,52,221,365,367,382,384,388,400,386,377,381,364,368,402
7055,KILLED,356,216,219,212,221,365,367,382,384,400,386,402
7056,SURVIVED
7057,SURVIVED
7058,KILLED,356
7059,KILLED,356
7060,KILLED,356
7061,SURVIVED
7062,KILLED,285,219,287,403,401,409,405,353,51,52,221,365,367,382,384,388,400,386,377,381,364,351,368,402
7063,KILLED,357,358,361,359,293,213,285,242,219,287,403,401,409,405,212,353,239,51,52,221,243,365,367,382,384,388,400,386,377,381,364,351,368,402
7064,SURVIVED
7065,KILLED,357,358,361,242,239,243
7066,SURVIVED
7067,SURVIVED
7068,KILLED,285,219,287,403,401,409,405,353,51,52,221,365,367,382,384,388,400,386,377,381,364,351,368,402
7069,KILLED,357,358,361,359,293,213,285,242,219,287,403,401,409,405,212,353,239,51,52,221,243,365,367,382,384,388,400,386,377,381,364,351,368,402
7070,SURVIVED
7071,SURVIVED
7072,KILLED,285,219,287,403,401,409,405,353,51,52,221,365,367,382,384,388,400,386,377,381,364,351,368,402
7073,SURVIVED
7074,SURVIVED
7075,SURVIVED
7076,KILLED,285,219,287,403,401,409,405,353,51,52,221,365,367,382,384,388,400,386,377,381,364,351,368,402
7077,KILLED,357,358,361,242,239,243
7078,SURVIVED
7079,SURVIVED
7080,SURVIVED
7081,KILLED,357,358,361,359,293,213,285,242,219,287,403,401,409,405,212,353,239,51,52,221,243,365,367,382,384,388,400,386,377,381,364,351,368,402
7082,KILLED,316,324,313,303,312,309,318,320,325,323,301,306,302,317,305,311,329,308,330,314,315,328,327,310,304,322,321,319,307,326,63,66,117,115,64,65
7083,KILLED,324,313,303,312,309,318,320,325,323,301,306,302,317,305,311,329,308,330,314,315,328,327,310,304,322,321,319,307,326,63,66,117,115,64,65
7084,KILLED,324,313,303,312,309,318,320,325,323,301,306,302,317,305,311,329,308,330,314,315,328,327,310,304,322,321,319,307,326,63,66,117,115,64,65
7085,KILLED,308,330,314,327,322,319,326
7086,KILLED,320,325,323,301,306,302,317,305,311,329,308,330,314,315,328,327,310,304,322,321,319,307,326,63,66,117,115,64,65
7087,KILLED,316,324,313,303,312,309,318,320,325,323,301,306,302,317,305,311,329,308,330,314,315,328,327,310,304,322,321,319,307,326,63,66,117,115,64,65
7088,KILLED,324,313,303,312,309,318,320,325,323,301,306,302,317,305,311,329,308,330,314,315,328,327,310,304,322,321,319,307,326,63,66,117,115,64,65
7089,KILLED,324,313,303,312,309,318,308,330,314,327,322,319,326,64
7090,KILLED,324,313,303,312,309,318,320,325,323,301,306,302,317,305,311,329,308,330,314,315,328,327,310,304,322,321,319,307,326,63,66,117,115,64,65
7091,KILLED,320,325,323,301,306,302,317,305,311,329,308,330,314,315,328,327,310,304,322,321,319,307,326,64
7092,KILLED,308,330,314,327,322,319,326
7093,KILLED,324,313,303,312,309,318,320,325,323,301,306,302,317,305,311,329,308,330,314,315,328,327,310,304,322,321,319,307,326,117,115,64
7094,KILLED,316,324,313,303,312,309,318,320,325,323,301,306,302,317,305,311,329,308,330,314,315,328,327,310,304,322,321,319,307,326,63,66,117,115,64,65
7095,SURVIVED
7096,KILLED,324,313,303,312,309,318,320,325,323,301,306,302,317,305,311,329,308,330,314,315,328,327,310,304,322,321,319,307,326,63,66,117,115,64,65
7097,KILLED,324,313,303,312,309,318,320,325,323,301,306,302,317,305,311,329,308,330,314,315,328,327,310,304,322,321,319,307,326,63,66,117,115,64,65
7098,SURVIVED
7099,SURVIVED
7100,KILLED,308,330,314,327,322,319,326
7101,KILLED,320,325,323,301,306,302,317,305,311,329,308,330,314,315,328,327,310,304,322,321,319,307,326,63,66,117,115,64,65
7102,KILLED,316,324,313,303,312,309,318,320,325,323,301,306,302,317,305,311,329,308,330,314,315,328,327,310,304,322,321,319,307,326,63,66,117,115,64,65
7103,KILLED,316,324,313,303,312,309,318,320,325,323,301,306,302,317,305,311,329,308,330,314,315,328,327,310,304,322,321,319,307,326,63,66,117,115,64,65
7104,KILLED,324,313,303,312,309,318,320,325,323,301,306,302,317,305,311,329,308,330,314,315,328,310,304,322,321,319,307,326,63,66,117,115,64,65
7105,KILLED,316,327
7106,KILLED,324,313,303,312,309,318,320,325,323,301,306,302,317,305,311,329,308,330,314,315,328,310,304,322,321,319,307,326,63,66,117,115,64,65
7107,SURVIVED
7108,KILLED,317,305,311,329,310,304,321,307,115
7109,KILLED,324,313,303,312,309,318,308,330,314,327,319,326
7110,KILLED,317,305,311,329,310,304,321,307,115
7111,KILLED,317,305,311,329,310,304,321,307,115
7112,KILLED,324,313,303,312,309,318,320,325,323,301,306,302,317,305,311,329,308,330,314,315,328,327,310,304,322,321,319,307,326,63,66,117,115,64,65
7113,KILLED,320
7114,KILLED,320,325,323,301,306,302,317,305,311,329,308,330,314,315,328,327,310,304,322,321,319,307,326,63,66,117,115,64,65
7115,KILLED,320,325,323,301,306,302,317,305,311,329,308,330,314,315,328,327,310,304,322,321,319,307,326,63,66,117,115,64,65
7116,SURVIVED
7117,SURVIVED
7118,KILLED,324,313,303,312,309,318,308,330,314,327,319,326
7119,SURVIVED
7120,SURVIVED
7121,SURVIVED
7122,KILLED,313,303,312,309,318,308,330,314,327,319,326
7123,KILLED,324,313,303,312,309,318,320,325,323,301,306,302,317,305,311,329,308,330,314,315,328,327,310,304,322,321,319,307,326,63,66,117,115,64,65
7124,KILLED,320,325,323,301,306,302,317,305,311,329,308,330,314,315,328,327,310,304,322,321,319,307,326,63,66,117,115,64,65
7125,KILLED,324,313,303,312,309,318,325,323,301,306,302,317,305,311,329,308,330,314,315,328,327,310,304,322,321,319,307,326,117,115,64
7126,KILLED,324,313,303,312,309,318,320,325,323,301,306,302,317,305,311,329,308,330,314,315,328,327,310,304,322,321,319,307,326,117,115
7127,KILLED,320,325,323,301,306,302,317,305,311,329,308,330,314,315,328,327,310,304,322,321,319,307,326,63,66,117,115,64,65
7128,SURVIVED
7129,KILLED,324,313,303,312,309,318,320,325,323,301,306,302,317,305,311,329,308,330,314,315,328,327,310,304,322,321,319,307,326,63,66,117,115,64,65
7130,KILLED,324,313,303,312,309,318,320,325,323,301,306,302,317,305,311,329,308,330,314,315,328,327,310,304,322,321,319,307,326,63,66,117,115,64,65
7131,KILLED,320,325,323,301,306,302,317,305,311,329,308,330,314,315,328,327,310,304,322,321,319,307,326
7132,KILLED,320,325,323,301,306,302,317,305,311,329,308,330,314,315,328,327,310,304,322,321,319,307,326
7133,SURVIVED
7134,SURVIVED
7135,KILLED,317,305,311,329,310,304,321,307,115
7136,KILLED,325,323,301,306,302,317,305,311,329,308,330,314,315,328,327,310,304,322,321,319,307,326,117,115,64
7137,KILLED,317,305,311,329,310,304,321,307,115
7138,KILLED,324,313,303,312,309,318,308,330,314,327,319,326
7139,KILLED,320,325,323,301,306,302,308,330,314,315,328,327,322,319,326,63,66,117,64,65
7140,KILLED,320,325,323,301,306,302,317,305,311,329,308,330,314,315,328,327,310,304,322,321,319,307,326,117,115
7141,SURVIVED
7142,KILLED,324,313,303,312,309,318,308,330,314,327,319,326
7143,KILLED,317,305,311,329,310,304,321,307,115
7144,SURVIVED
7145,KILLED,325,323,317,305,329,315,328,310,304,322,321,307,64
7146,KILLED,320,325,323,301,306,302,317,305,311,329,308,330,314,315,328,327,310,304,322,321,319,307,326,63,66,117,115,64,65
7147,KILLED,320,325,323,301,306,302,317,305,311,329,308,330,314,315,328,327,310,304,322,321,319,307,326
7148,KILLED,320,325,323,301,306,302,317,305,311,329,308,330,314,315,328,327,310,304,322,321,319,307,326,64
7149,KILLED,320,325,323,301,306,302,317,305,311,329,308,330,314,315,328,327,310,304,322,321,319,307,326
7150,SURVIVED
7151,SURVIVED
7152,SURVIVED
7153,SURVIVED
7154,SURVIVED
7155,SURVIVED
7156,KILLED,308,330,314,327,322,319,326
7157,SURVIVED
7158,KILLED,320,325,323,301,306,302,317,305,311,329,308,330,314,315,328,327,310,304,322,321,319,307,326,63,66,117,115,64,65
7159,KILLED,308,330,314,327,322,319,326,66,64,65
7160,SURVIVED
7161,KILLED,308,330,314,327,319,326
7162,TIMED_OUT
7163,KILLED,313,303,312,309,318,308,330,314,327,319,326,63,66,64,65
7164,SURVIVED
7165,KILLED,313,303,312,309,318,308,330,314,327,319,326
7166,SURVIVED
7167,KILLED,313,303,312,309,318,308,330,314,327,319,326,63,66,64,65
7168,KILLED,313,303,312,309,318,308,330,314,327,319,326
7169,KILLED,313,303,312,309,318,308,330,314,327,319,326,63,66,64,65
7170,SURVIVED
7171,KILLED,320,325,323,301,306,302,317,305,311,329,308,330,314,315,328,327,310,304,322,321,319,307,326,63,66,117,115,64,65
7172,KILLED,324,313,303,312,309,318,320,325,323,301,306,302,317,305,311,329,308,330,314,315,328,327,310,304,322,321,319,307,326,63,66,117,115,64,65
7173,KILLED,324,313,303,312,309,318,320,325,323,301,306,302,317,305,311,329,308,330,314,315,328,327,310,304,322,321,319,307,326,63,66,117,115,64,65
7174,KILLED,324,313,303,312,309,318,320,325,323,301,306,302,317,305,311,329,308,330,314,315,328,327,310,304,322,321,319,307,326,63,66,117,115,64,65
7175,KILLED,316
7176,KILLED,316,324,313,303,312,309,318,320,325,323,301,306,302,317,305,311,329,308,330,314,315,328,327,310,304,322,321,319,307,326,63,66,117,115,64,65
7177,KILLED,316,324,313,303,312,309,318,320,325,323,301,306,302,317,305,311,329,308,330,314,315,328,327,310,304,322,321,319,307,326,63,66,117,115,64,65
7178,KILLED,316,324,313,303,312,309,318,320,325,323,301,306,302,317,305,311,329,308,330,314,315,328,327,310,304,322,321,319,307,326,63,66,117,115,64,65
7179,KILLED,316,324,313,303,312,309,318,320,325,323,301,306,302,317,305,311,329,308,330,314,315,328,327,310,304,322,321,319,307,326,63,66,117,115,64,65
7180,KILLED,316,324,313,303,312,309,318,320,325,323,301,306,302,317,305,311,329,308,330,314,315,328,327,310,304,322,321,319,307,326,63,66,117,115,64,65
7181,KILLED,316,327
7182,KILLED,324,313,303,312,309,318,320,325,323,301,306,302,317,305,311,329,308,330,314,315,328,327,310,304,322,321,319,307,326,63,66,117,115,64,65
7183,KILLED,324,313,303,312,309,318,320,325,323,301,306,302,317,305,311,329,308,330,314,315,328,327,310,304,322,321,319,307,326,63,66,117,115,64,65
7184,SURVIVED
7185,KILLED,324,313,303,312,309,318,320,325,323,301,306,302,317,305,311,329,308,330,314,315,328,327,310,304,322,321,319,307,326,63,66,117,115,64,65
7186,KILLED,324,313,303,312,309,318,320,325,323,301,306,302,317,305,311,329,308,330,314,315,328,327,310,304,322,321,319,307,326,63,66,117,115,64,65
7187,KILLED,324,313,303,312,309,318,320,325,323,301,306,302,317,305,311,329,308,330,314,315,328,327,310,304,322,321,319,307,326,63,66,117,115,64,65
7188,KILLED,324,313,303,312,309,318,320,325,323,301,306,302,317,305,311,329,308,330,314,315,328,327,310,304,322,321,319,307,326,63,66,117,115,64,65
7189,KILLED,316,324,313,303,312,309,318,320,325,323,301,306,302,317,305,311,329,308,330,314,315,328,327,310,304,322,321,319,307,326,63,66,117,115,64,65
7190,KILLED,324,313,303,312,309,318,320,325,323,301,306,302,317,305,311,329,308,330,314,315,328,327,310,304,322,321,319,307,326,63,66,117,115,64,65
7191,KILLED,316,324,313,303,312,309,318,320,325,323,301,306,302,317,305,311,329,308,330,314,315,328,327,310,304,322,321,319,307,326,63,66,117,115,64,65
7192,KILLED,320,325,323,301,306,302,317,305,311,329,308,330,314,315,328,327,310,304,322,321,319,307,326,63,66,117,115,64,65
7193,KILLED,324,313,303,312,309,318,320,325,323,301,306,302,317,305,311,329,308,330,314,315,328,327,310,304,322,321,319,307,326,63,66,117,115,64,65
7194,KILLED,324,313,303,312,309,318,320,325,323,301,306,302,317,305,311,329,308,330,314,315,328,327,310,304,322,321,319,307,326,63,66,117,115,64,65
7195,KILLED,324,313,303,312,309,318,320,325,323,301,306,302,317,305,311,329,308,330,314,315,328,327,310,304,322,321,319,307,326,63,66,117,115,64,65
7196,KILLED,316,324,313,303,312,309,318,320,325,323,301,306,302,317,305,311,329,308,330,314,315,328,327,310,304,322,321,319,307,326,63,66,117,115,64,65
7197,KILLED,324,313,303,312,309,318,320,325,323,301,306,302,317,305,311,329,308,330,314,315,328,327,310,304,322,321,319,307,326,63,66,117,115,64,65
7198,KILLED,324,313,303,312,309,318,320,325,323,301,306,302,317,305,311,329,308,330,314,315,328,327,310,304,322,321,319,307,326,63,66,117,115,64,65
7199,KILLED,316
7200,KILLED,316,324,313,303,312,309,318,320,325,323,301,306,302,317,305,311,329,308,330,314,315,328,327,310,304,322,321,319,307,326,63,66,117,115,64,65
7201,KILLED,324,313,303,312,309,318,320,325,323,301,306,302,317,305,311,329,308,330,314,315,328,327,310,304,322,321,319,307,326,63,66,117,115,64,65
7202,SURVIVED
7203,KILLED,324,313,303,312,309,318,320,325,323,301,306,302,317,305,311,329,308,330,314,315,328,327,310,304,322,321,319,307,326,63,66,117,115,64,65
7204,KILLED,324,313,303,312,309,318,320,325,323,301,306,302,317,305,311,329,308,330,314,315,328,327,310,304,322,321,319,307,326,63,66,117,115,64,65
7205,KILLED,324,313,303,312,309,318,320,325,323,301,306,302,317,305,311,329,308,330,314,315,328,327,310,304,322,321,319,307,326,63,66,117,115,64,65
7206,KILLED,324,313,303,312,309,318,320,325,323,301,306,302,317,305,311,329,308,330,314,315,328,327,310,304,322,321,319,307,326,63,66,117,115,64,65
7207,KILLED,324,313,303,312,309,318,320,325,323,301,306,302,317,305,311,329,308,330,314,315,328,327,310,304,322,321,319,307,326,63,66,117,115,64,65
7208,KILLED,324,313,303,312,309,318,320,325,323,301,306,302,317,305,311,329,308,330,314,315,328,327,310,304,322,321,319,307,326,63,66,117,115,64,65
7209,KILLED,324,313,303,312,309,318,320,325,323,301,306,302,317,305,311,329,308,330,314,315,328,327,310,304,322,321,319,307,326,63,66,117,115,64,65
7210,SURVIVED
7211,KILLED,324,313,303,312,309,318,320,325,323,301,306,302,317,305,311,329,308,330,314,315,328,327,310,304,322,321,319,307,326,63,66,117,115,64,65
7212,KILLED,324,313,303,312,309,318,320,325,323,301,306,302,317,305,311,329,308,330,314,315,328,327,310,304,322,321,319,307,326,63,66,117,115,64,65
7213,SURVIVED
7214,KILLED,324,313,303,312,309,318,320,325,323,301,306,302,317,305,311,329,308,330,314,315,328,327,310,304,322,321,319,307,326,63,66,117,115,64,65
7215,KILLED,324,313,303,312,309,318,320,325,323,301,306,302,317,305,311,329,308,330,314,315,328,327,310,304,322,321,319,307,326,63,66,117,115,64,65
7216,KILLED,324,313,303,312,309,318,320,325,323,301,306,302,317,305,311,329,308,330,314,315,328,327,310,304,322,321,319,307,326,63,66,117,115,64,65
7217,KILLED,324,313,303,312,309,318,320,325,323,301,306,302,317,305,311,329,308,330,314,315,328,327,310,304,322,321,319,307,326,63,66,117,115,64,65
7218,KILLED,316,327
7219,KILLED,320,325,323,301,306,302,317,305,311,329,308,330,314,315,328,327,310,304,322,321,319,307,326,63,66,117,115,64,65
7220,KILLED,322
7221,KILLED,320,325,323,301,306,302,317,305,311,329,308,330,314,315,328,327,310,304,322,321,319,307,326,63,66,117,115,64,65
7222,KILLED,322
7223,KILLED,320,325,323,301,306,302,317,305,311,329,308,330,314,315,328,327,310,304,322,321,319,307,326,63,66,117,115,64,65
7224,KILLED,320,325,323,301,306,302,317,305,311,329,308,330,314,315,328,327,310,304,322,321,319,307,326,63,66,117,115,64,65
7225,KILLED,320,325,323,301,306,302,317,305,311,329,308,330,314,315,328,327,310,304,322,321,319,307,326,63,66,117,115,64,65
7226,KILLED,320,325,323,301,306,302,317,305,311,329,308,330,314,315,328,327,310,304,322,321,319,307,326,63,66,117,115,64,65
7227,KILLED,327
7228,KILLED,320,325,323,301,306,302,317,305,311,329,308,330,314,315,328,327,310,304,322,321,319,307,326,63,66,117,115,64,65
7229,KILLED,320,325,323,301,306,302,317,305,311,329,308,330,314,315,328,327,310,304,322,321,319,307,326,63,66,117,115,64,65
7230,KILLED,324,313,303,312,309,318,320,325,323,301,306,302,317,305,311,329,308,330,314,315,328,327,310,304,322,321,319,307,326,63,66,117,115,64,65
7231,KILLED,320,325,323,301,306,302,317,305,311,329,315,328,310,304,321,307,63,66,117,115,64,65
7232,KILLED,320,325,323,301,306,302,317,305,311,329,315,328,310,304,321,307,63,66,117,115,64,65
7233,KILLED,320,325,323,301,306,302,317,305,311,329,315,328,310,304,321,307,63,66,117,115,64,65
7234,KILLED,320,325,323,301,306,302,317,305,311,329,315,328,310,304,321,307,63,66,117,115,64,65
7235,TIMED_OUT
7236,KILLED,320,325,323,301,306,302,317,305,311,329,315,328,310,304,321,307,63,66,117,115,64,65
7237,KILLED,320,325,323,301,306,302,317,305,311,329,315,328,310,304,321,307,63,66,117,115,64,65
7238,KILLED,320,325,323,301,306,302,317,305,311,329,315,328,310,304,321,307,63,66,117,115,64,65
7239,KILLED,320,325,323,301,306,302,317,305,311,329,315,328,310,304,321,307,63,66,117,115,64,65
7240,KILLED,63,66,64,65
7241,KILLED,63,66,64,65
7242,SURVIVED
7243,KILLED,317,305,311,329,310,304,321,307,115
7244,KILLED,320,325,323,301,306,302,317,305,311,329,315,328,310,304,321,307,63,66,117,115,64,65
7245,KILLED,320,325,323,317,305,311,329,315,328,310,304,321,307,117,115
7246,KILLED,325,323,301,306,302,317,305,311,329,308,330,314,315,328,327,310,304,322,321,319,307,326,64
7247,KILLED,317,305,311,329,310,304,321,307,115
7248,NO_COVERAGE
7249,KILLED,320,325,323,301,306,302,317,305,311,329,308,330,314,315,328,327,310,304,322,321,319,307,326,63,66,117,115,64,65
7250,KILLED,320,325,323,301,306,302,317,305,311,329,308,330,314,315,328,327,310,304,322,321,319,307,326,63,66,117,115,64,65
7251,KILLED,317,305,311,329,310,304,321,307,115
7252,KILLED,320,325,323,301,306,302,317,305,311,329,308,330,314,315,328,327,310,304,322,321,319,307,326,63,66,117,115,64,65
7253,KILLED,320,325,323,301,306,302,317,305,311,329,308,330,314,315,328,327,310,304,322,321,319,307,326,63,66,117,115,64,65
7254,KILLED,320,325,323,301,306,302,317,305,311,329,308,330,314,315,328,327,310,304,322,321,319,307,326,63,66,117,115,64,65
7255,KILLED,317,305,311,329,310,304,321,307,115
7256,KILLED,320,325,323,301,306,302,317,305,311,329,308,330,314,315,328,327,310,304,322,321,319,307,326,63,66,117,115,64,65
7257,KILLED,320,325,323,301,306,302,317,305,311,329,308,330,314,315,328,327,310,304,322,321,319,307,326,63,66,117,115,64,65
7258,KILLED,325,323,301,306,302,317,305,311,329,308,330,314,315,328,327,310,304,322,321,319,307,326,115,64
7259,KILLED,320,325,323,301,306,302,308,330,314,315,328,327,322,319,307,326,63,66,117,64,65
7260,KILLED,317,305,311,329,310,304,321,307,115
7261,SURVIVED
7262,KILLED,320,325,323,301,306,302,317,305,311,329,308,330,314,315,328,327,310,304,322,321,319,307,326,63,66,117,115,64,65
7263,KILLED,320,325,323,301,306,302,317,305,311,329,308,330,314,315,328,327,310,304,322,321,319,307,326,63,66,117,115,64,65
7264,KILLED,320,325,323,301,306,302,317,305,311,329,308,330,314,315,328,327,310,304,322,321,319,307,326,63,66,117,115,64,65
7265,KILLED,320,325,323,301,306,302,317,305,311,329,308,330,314,315,328,327,310,304,322,321,319,307,326,63,66,117,115,64,65
7266,KILLED,325,323,301,306,302,317,305,311,329,308,330,314,315,328,327,310,304,322,321,319,307,326,115,64
7267,KILLED,320,325,323,301,306,302,317,305,311,329,308,330,314,315,328,327,310,304,322,321,319,307,326,63,66,117,115,64,65
7268,KILLED,317,305,311,329,310,304,321,307,115
7269,KILLED,320,325,323,301,306,302,317,305,311,329,308,330,314,315,328,327,310,304,322,321,319,307,326,63,66,117,115,64,65
7270,SURVIVED
7271,KILLED,320,325,323,301,306,302,317,305,311,329,308,330,314,315,328,327,310,304,322,321,319,307,326,63,66,117,115,64,65
7272,SURVIVED
7273,SURVIVED
7274,KILLED,317,305,311,329,310,304,321,307,115
7275,SURVIVED
7276,KILLED,325,323,301,306,302,317,305,311,329,308,330,314,315,328,327,310,304,322,321,319,307,326,115,64
7277,KILLED,317,305,311,329,310,304,321,307,115
7278,KILLED,317,305,311,329,310,304,321,307,115
7279,KILLED,320,325,323,301,306,302,317,305,311,329,308,330,314,315,328,327,310,304,322,321,319,307,326,63,66,117,115,64,65
7280,KILLED,320,325,323,301,306,302,317,305,311,329,308,330,314,315,328,327,310,304,322,321,319,307,326,63,66,117,115,64,65
7281,KILLED,320,325,323,301,306,302,317,305,311,329,308,330,314,315,328,327,310,304,322,321,319,307,326,63,66,117,115,64,65
7282,SURVIVED
7283,KILLED,320,325,323,301,306,302,317,305,311,329,308,330,314,315,328,327,310,304,322,321,319,307,326,63,66,117,115,64,65
7284,KILLED,317,305,311,329,310,304,321,307,115
7285,KILLED,327
7286,KILLED,327
7287,KILLED,320,325,323,301,306,302,317,305,311,329,308,330,314,315,328,310,304,322,321,319,307,326,117,115
7288,KILLED,320,325,323,301,306,302,317,305,311,329,308,330,314,315,328,310,304,322,321,319,307,326,117,115
7289,SURVIVED
7290,KILLED,320,325,323,301,306,302,317,305,311,329,308,330,314,315,328,310,304,322,321,319,307,326,117,115
7291,KILLED,320,325,323,301,306,302,317,305,311,329,308,330,314,315,328,310,304,322,321,319,307,326,63,66,117,115,64,65
7292,KILLED,320,325,323,301,306,302,317,305,311,329,308,330,314,315,328,310,304,322,321,319,307,326,117,115
7293,SURVIVED
7294,KILLED,320,325,323,301,306,302,317,305,311,329,308,330,314,315,328,310,304,322,321,319,307,326
7295,KILLED,303,330,319
7296,KILLED,313,303,312,318,330,319,326
7297,KILLED,313,303,312,309,318,308,330,314,327,319,326
7298,KILLED,324,313,303,312,309,318,308,330,314,327,319,326
7299,KILLED,313,303,312,318,308,330,319,326
7300,KILLED,324,313,303,312,309,318,308,330,314,327,319,326
7301,KILLED,324,313,303,312,309,318,308,330,314,327,319,326
7302,KILLED,324,313,303,312,309,318,308,330,314,327,319,326
7303,KILLED,313,303,312,309,318,308,330,314,327,319,326
7304,KILLED,313,303,312,318,308,330,319,326
7305,KILLED,318,326
7306,KILLED,303,330,319
7307,KILLED,324,313,303,312,309,318,308,330,314,327,319,326
7308,KILLED,324,313,303,312,309,318,308,330,314,327,319,326
7309,KILLED,324,313,303,312,309,318,308,330,314,327,319,326
7310,KILLED,324,313,303,312,309,318,308,330,314,327,319,326
7311,KILLED,313,303,312,309,318,308,330,314,327,319,326
7312,KILLED,324,313,303,312,309,318,308,330,314,327,319,326
7313,KILLED,324,313,303,312,309,318,308,330,314,327,319,326
7314,KILLED,324,313,303,312,309,318,308,330,314,327,319,326
7315,KILLED,324,313,312,309,318,308,330,314,327,319,326
7316,KILLED,313,303,312,309,318,308,330,314,327,319,326
7317,KILLED,303,330,319
7318,KILLED,324,313,303,312,309,318,308,330,314,327,319,326
7319,KILLED,313,312,318,308,319,326
7320,TIMED_OUT
7321,KILLED,313,303,312,309,318,308,330,314,327,319,326
7322,KILLED,313,303,312,318,308,330,319,326
7323,KILLED,324,313,312,309,318,308,330,314,327,319,326
7324,KILLED,324,313,303,312,309,318,308,330,314,327,319,326
7325,TIMED_OUT
7326,KILLED,327
7327,SURVIVED
7328,KILLED,327
7329,KILLED,327
7330,KILLED,327
7331,KILLED,327
7332,KILLED,327
7333,KILLED,327
7334,KILLED,324,320,325,323,301,306,302,317,305,311,329,315,328,310,304,321,307,117,115
7335,KILLED,327
7336,KILLED,327
7337,SURVIVED
7338,NO_COVERAGE
7339,KILLED,327
7340,KILLED,316,327
7341,KILLED,324,313,303,312,309,318,320,325,323,301,306,302,317,305,311,329,308,330,314,315,328,310,304,322,321,319,307,326,63,66,117,115,64,65
7342,KILLED,327
7343,KILLED,327
7344,KILLED,327
7345,KILLED,327
7346,KILLED,327
7347,KILLED,316,324,313,303,312,309,318,320,325,323,301,306,302,317,305,311,329,308,330,314,315,328,327,310,304,322,321,319,307,326,63,66,117,115,64,65
7348,KILLED,327
7349,KILLED,324,313,303,312,309,318,320,325,323,301,306,302,317,305,311,329,308,330,314,315,328,327,310,304,322,321,319,307,326,63,66,117,115,64,65
7350,KILLED,327
7351,SURVIVED
7352,SURVIVED
7353,KILLED,327
7354,KILLED,327
7355,KILLED,327
7356,KILLED,327
7357,KILLED,327
7358,KILLED,327
7359,KILLED,327
7360,KILLED,327
7361,KILLED,327
7362,KILLED,327
7363,KILLED,327
7364,KILLED,327
7365,KILLED,327
7366,KILLED,327
7367,KILLED,327
7368,KILLED,327
7369,KILLED,327
7370,KILLED,316,324,313,303,312,309,318,320,325,323,301,306,302,317,305,311,329,308,330,314,315,328,327,310,304,322,321,319,307,326,63,66,117,115,64,65
7371,KILLED,324,313,303,312,309,318,320,325,323,301,306,302,317,305,311,329,308,330,314,315,328,327,310,304,322,321,319,307,326,63,66,117,115,64,65
7372,SURVIVED
7373,KILLED,327
7374,KILLED,327
7375,KILLED,327
7376,KILLED,327
7377,SURVIVED
7378,KILLED,327
7379,KILLED,327
7380,KILLED,327
7381,KILLED,327
7382,KILLED,327
7383,NO_COVERAGE
7384,KILLED,327
7385,KILLED,327
7386,SURVIVED
7387,KILLED,327
7388,KILLED,327
7389,KILLED,327
7390,TIMED_OUT
7391,KILLED,316,324,313,303,312,309,318,320,325,323,301,306,302,317,305,311,329,308,330,314,315,328,327,310,304,322,321,319,307,326,63,66,117,115,64,65
7392,KILLED,324,313,303,312,309,318,308,330,314,327,319,326
7393,KILLED,327
7394,KILLED,327
7395,KILLED,313,303,312,309,318,308,330,314,327,319,326
7396,KILLED,324,313,303,312,309,318,320,325,323,301,306,302,317,305,311,329,308,330,314,315,328,327,310,304,322,321,319,307,326,63,66,117,115,64,65
7397,KILLED,320,325,323,301,306,302,317,305,311,329,315,328,310,304,322,321,307,63,66,117,115,64,65
7398,SURVIVED
7399,KILLED,327
7400,KILLED,327
7401,KILLED,327
7402,KILLED,327
7403,KILLED,316,327
7404,KILLED,327
7405,KILLED,320,325,323,301,306,302,317,305,311,329,315,328,327,310,304,322,321,307,63,66,117,115,64,65
7406,KILLED,327
7407,KILLED,324,313,303,312,309,318,320,325,323,301,306,302,317,305,311,329,308,330,314,315,328,327,310,304,322,321,319,307,326,63,66,117,115,64,65
7408,KILLED,327
7409,KILLED,324,313,303,312,309,318,308,330,314,327,319,326
7410,KILLED,327
7411,KILLED,327
7412,KILLED,327
7413,KILLED,327
7414,KILLED,327
7415,KILLED,320,325,323,301,306,302,317,305,311,329,315,328,310,304,322,321,307,63,66,117,115,64,65
7416,KILLED,327
7417,KILLED,316,324,313,303,312,309,318,320,325,323,301,306,302,317,305,311,329,308,330,314,315,328,327,310,304,322,321,319,307,326,63,66,117,115,64,65
7418,KILLED,327
7419,KILLED,327
7420,KILLED,327
7421,SURVIVED
7422,KILLED,327
7423,KILLED,327
7424,KILLED,327
7425,TIMED_OUT
7426,KILLED,327
7427,SURVIVED
7428,KILLED,327
7429,KILLED,327
7430,KILLED,327
7431,KILLED,327
7432,KILLED,327
7433,KILLED,327
7434,KILLED,324,320,325,323,301,306,302,317,305,311,329,315,328,310,304,321,307,117,115
7435,KILLED,327
7436,KILLED,327
7437,SURVIVED
7438,NO_COVERAGE
7439,KILLED,327
7440,KILLED,316,327
7441,KILLED,324,313,303,312,309,318,320,325,323,301,306,302,317,305,311,329,308,330,314,315,328,310,304,322,321,319,307,326,63,66,117,115,64,65
7442,KILLED,327
7443,KILLED,327
7444,KILLED,327
7445,KILLED,327
7446,KILLED,327
7447,KILLED,316,324,313,303,312,309,318,320,325,323,301,306,302,317,305,311,329,308,330,314,315,328,327,310,304,322,321,319,307,326,63,66,117,115,64,65
7448,KILLED,327
7449,KILLED,324,313,303,312,309,318,320,325,323,301,306,302,317,305,311,329,308,330,314,315,328,327,310,304,322,321,319,307,326,63,66,117,115,64,65
7450,KILLED,327
7451,SURVIVED
7452,SURVIVED
7453,KILLED,327
7454,KILLED,327
7455,KILLED,327
7456,KILLED,327
7457,KILLED,327
7458,KILLED,327
7459,KILLED,327
7460,KILLED,327
7461,KILLED,327
7462,KILLED,327
7463,KILLED,327
7464,KILLED,327
7465,KILLED,327
7466,KILLED,327
7467,KILLED,327
7468,KILLED,327
7469,KILLED,327
7470,KILLED,316,324,313,303,312,309,318,320,325,323,301,306,302,317,305,311,329,308,330,314,315,328,327,310,304,322,321,319,307,326,63,66,117,115,64,65
7471,KILLED,324,313,303,312,309,318,320,325,323,301,306,302,317,305,311,329,308,330,314,315,328,327,310,304,322,321,319,307,326,63,66,117,115,64,65
7472,SURVIVED
7473,KILLED,327
7474,KILLED,327
7475,KILLED,327
7476,KILLED,327
7477,SURVIVED
7478,KILLED,327
7479,KILLED,327
7480,KILLED,327
7481,KILLED,327
7482,KILLED,327
7483,NO_COVERAGE
7484,KILLED,327
7485,KILLED,327
7486,SURVIVED
7487,KILLED,327
7488,KILLED,327
7489,KILLED,327
7490,TIMED_OUT
7491,KILLED,316,324,313,303,312,309,318,320,325,323,301,306,302,317,305,311,329,308,330,314,315,328,327,310,304,322,321,319,307,326,63,66,117,115,64,65
7492,KILLED,324,313,303,312,309,318,308,330,314,327,319,326
7493,KILLED,313,303,312,309,318,308,330,314,327,319,326
7494,KILLED,313,303,312,309,318,308,330,314,327,319,326
7495,KILLED,313,303,312,309,318,308,330,314,327,319,326
7496,KILLED,324,313,303,312,309,318,320,325,323,301,306,302,317,305,311,329,308,330,314,315,328,327,310,304,322,321,319,307,326,63,66,117,115,64,65
7497,KILLED,320,325,323,301,306,302,317,305,311,329,315,328,310,304,322,321,307,63,66,117,115,64,65
7498,KILLED,313,303,312,309,318,308,330,314,327,319,326
7499,SURVIVED
7500,KILLED,313,303,312,309,318,308,330,314,327,319,326
7501,KILLED,313,303,312,309,318,308,330,314,327,319,326
7502,KILLED,313,303,312,309,318,308,330,314,327,319,326
7503,KILLED,313,303,312,309,318,308,330,314,327,319,326
7504,SURVIVED
7505,KILLED,313,303,312,309,318,308,330,314,327,319,326
7506,KILLED,313,303,312,309,318,308,330,314,327,319,326
7507,KILLED,316,313,303,312,309,318,308,330,314,327,319,326
7508,KILLED,313,303,312,309,318,320,325,323,301,306,302,317,305,311,329,308,330,314,315,328,327,310,304,322,321,319,307,326,63,66,117,115,64,65
7509,KILLED,313,303,312,309,318,308,330,314,327,319,326
7510,SURVIVED
7511,KILLED,313,303,312,309,318,320,325,323,301,306,302,317,305,311,329,308,330,314,315,328,327,310,304,322,321,319,307,326,63,66,117,115,64,65
7512,KILLED,313,303,312,309,318,308,330,314,327,319,326
7513,KILLED,324,313,303,312,309,318,320,325,323,301,306,302,317,305,311,329,308,330,314,315,328,327,310,304,322,321,319,307,326,63,66,117,115,64,65
7514,KILLED,320,325,323,301,306,302,317,305,311,329,308,315,328,327,310,304,322,321,319,307,326,63,66,117,115,64,65
7515,KILLED,324,313,303,312,309,318,308,330,314,327,319,326
7516,KILLED,324,313,303,312,309,318,308,330,314,327,319,326
7517,KILLED,313,303,312,309,318,308,330,314,327,319,326
7518,KILLED,313,303,312,309,318,308,330,314,327,319,326
7519,KILLED,313,303,312,309,318,308,330,314,327,319,326
7520,KILLED,313,303,312,309,318,308,330,314,327,319,326
7521,KILLED,313,303,312,309,318,308,330,314,327,319,326
7522,KILLED,320,325,323,301,306,302,317,305,311,329,308,315,328,327,310,304,322,321,319,307,326,63,66,117,115,64,65
7523,KILLED,313,303,312,309,318,308,330,314,327,319,326
7524,SURVIVED
7525,KILLED,320,325,323,301,306,302,317,305,311,329,315,328,310,304,322,321,307,63,66,117,115,64,65
7526,KILLED,313,303,312,309,318,308,330,314,327,319,326
7527,KILLED,316,324,313,303,312,309,318,320,325,323,301,306,302,317,305,311,329,308,330,314,315,328,327,310,304,322,321,319,307,326,63,66,117,115,64,65
7528,KILLED,313,303,312,309,318,308,330,314,327,319,326
7529,KILLED,313,303,312,309,318,308,330,314,327,319,326
7530,KILLED,313,303,312,309,318,308,330,314,327,319,326
7531,SURVIVED
7532,KILLED,313,303,312,309,318,308,330,314,327,319,326
7533,KILLED,313,303,312,309,318,308,330,314,327,319,326
7534,KILLED,313,303,312,309,318,308,330,314,327,319,326
7535,TIMED_OUT
7536,KILLED,324,313,303,312,309,318,308,330,314,327,319,326
7537,KILLED,324,313,303,312,309,318,308,330,314,327,319,326
7538,KILLED,324,313,303,312,309,318,308,330,314,327,319,326
7539,KILLED,324,313,303,312,309,318,308,330,314,327,319,326
7540,KILLED,324,313,303,312,309,318,308,330,314,327,319,326
7541,SURVIVED
7542,KILLED,324,313,303,312,309,318,308,330,314,327,319,326
7543,KILLED,324,313,303,312,309,318,308,330,314,327,319,326
7544,KILLED,324,313,303,312,309,318,308,330,314,327,319,326
7545,KILLED,324,313,303,312,309,318,308,330,314,327,319,326
7546,KILLED,308,330,314,327,319,326
7547,KILLED,316,324,313,303,312,309,318,308,330,314,327,319,326
7548,KILLED,324,313,303,312,309,318
7549,KILLED,324,313,303,312,309,318,308,330,314,327,319,326
7550,KILLED,324,313,303,312,309,318,308,330,314,327,319,326
7551,KILLED,324,313,303,312,309,318,308,330,314,327,319,326
7552,KILLED,316,324,313,303,312,309,318,320,325,323,301,306,302,317,305,311,329,308,330,314,315,328,327,310,304,322,321,319,307,326,63,66,117,115,64,65
7553,KILLED,324,313,303,312,309,318,308,330,314,327,319,326
7554,KILLED,324,313,303,312,309,318,320,325,323,301,306,302,317,305,311,329,308,330,314,315,328,327,310,304,322,321,319,307,326,63,66,117,115,64,65
7555,SURVIVED
7556,SURVIVED
7557,KILLED,324,313,303,312,309,318,308,330,314,327,319,326
7558,KILLED,324,313,303,312,309,318,308,330,314,327,319,326
7559,KILLED,308,330,314,327,319,326
7560,KILLED,324,313,303,312,309,318,308,330,314,327,319,326
7561,KILLED,324,313,303,312,309,318,308,330,314,327,319,326
7562,KILLED,324,313,303,312,309,318,308,330,314,327,319,326
7563,KILLED,324,313,303,312,309,318,308,330,314,327,319,326
7564,KILLED,324,313,303,312,309,318,308,330,314,327,319,326
7565,KILLED,324,313,303,312,309,318,308,330,314,327,319,326
7566,KILLED,316,320,325,323,301,306,302,317,305,311,329,315,328,310,304,322,321,307,63,66,117,115,64,65
7567,SURVIVED
7568,SURVIVED
7569,KILLED,308,330,314,327,319,326
7570,KILLED,324,313,303,312,309,318,308,330,314,327,319,326
7571,KILLED,324,313,303,312,309,318,308,330,314,327,319,326
7572,KILLED,324,313,303,312,309,318,308,330,314,327,319,326
7573,KILLED,324,313,303,312,309,318,308,330,314,327,319,326
7574,KILLED,324,313,303,312,309,318,308,330,314,327,319,326
7575,SURVIVED
7576,KILLED,324,313,303,312,309,318,308,330,314,327,319,326
7577,KILLED,324,313,303,312,309,318,308,330,314,327,319,326
7578,TIMED_OUT
7579,SURVIVED
7580,SURVIVED
7581,KILLED,313,303,312,309,318,308,330,314,327,319,326
7582,KILLED,313,303,312,309,318,308,330,314,327,319,326,63,66,64,65
7583,KILLED,313,303,312,309,318,308,330,314,327,319,326,63,66,64,65
7584,KILLED,313,303,312,309,318,308,330,314,327,319,326
7585,SURVIVED
7586,KILLED,313,303,312,309,318,308,330,314,327,319,326
7587,KILLED,324,320,325,323,301,306,302,317,305,311,329,315,328,310,304,321,307,117,115
7588,KILLED,327,63,66,64,65
7589,KILLED,313,303,312,309,318,308,330,314,327,319,326
7590,KILLED,313,303,312,309,318,308,330,314,327,319,326
7591,KILLED,63,66,64,65
7592,KILLED,313,303,312,309,318,308,330,314,327,319,326,63,66,64,65
7593,KILLED,316
7594,KILLED,324,320,325,323,301,306,302,317,305,311,329,315,328,310,304,322,321,307,117,115
7595,SURVIVED
7596,KILLED,313,303,312,309,318,308,330,314,327,319,326
7597,KILLED,313,303,312,309,318,308,330,314,327,319,326
7598,KILLED,313,303,312,309,318,308,330,314,327,319,326,63,66,64,65
7599,KILLED,313,303,312,309,318,308,330,314,327,319,326,63,66,64,65
7600,KILLED,316,324,313,303,312,309,318,320,325,323,301,306,302,317,305,311,329,308,330,314,315,328,327,310,304,322,321,319,307,326,63,66,117,115,64,65
7601,SURVIVED
7602,KILLED,324,313,303,312,309,318,320,325,323,301,306,302,317,305,311,329,308,330,314,315,328,327,310,304,322,321,319,307,326,63,66,117,115,64,65
7603,SURVIVED
7604,SURVIVED
7605,SURVIVED
7606,KILLED,313,303,312,309,318,308,330,314,327,319,326
7607,KILLED,313,303,312,309,318,308,330,314,327,319,326
7608,KILLED,313,303,312,309,318,308,330,314,327,319,326
7609,KILLED,313,303,312,309,318,308,330,314,327,319,326
7610,KILLED,313,303,312,309,318,308,330,314,327,319,326,63,66,64,65
7611,KILLED,313,303,312,309,318,308,330,314,327,319,326,63,66,64,65
7612,KILLED,313,303,312,309,318,308,330,314,327,319,326,63,66,64,65
7613,KILLED,313,303,312,309,318,308,330,314,327,319,326,63,66,64,65
7614,KILLED,313,303,312,309,318,308,330,314,327,319,326,63,66,64,65
7615,SURVIVED
7616,SURVIVED
7617,KILLED,313,303,312,309,318,308,330,314,327,319,326,63,66,64,65
7618,SURVIVED
7619,SURVIVED
7620,KILLED,313,303,312,309,318,308,330,314,327,319,326
7621,KILLED,313,303,312,309,318,308,330,314,327,319,326,63,66,64,65
7622,KILLED,313,303,312,309,318,308,330,314,327,319,326,63,66,64,65
7623,KILLED,316,324,313,303,312,309,318,320,325,323,301,306,302,317,305,311,329,308,330,314,315,328,327,310,304,322,321,319,307,326,63,66,117,115,64,65
7624,KILLED,324,313,303,312,309,318,320,325,323,301,306,302,317,305,311,329,308,330,314,315,328,327,310,304,322,321,319,307,326,117,115
7625,SURVIVED
7626,KILLED,313,303,312,309,318,308,330,314,327,319,326,63,66,64,65
7627,KILLED,313,303,312,309,318,308,330,314,327,319,326
7628,SURVIVED
7629,KILLED,313,303,312,309,318,308,330,314,327,319,326
7630,SURVIVED
7631,KILLED,313,303,312,309,318,308,330,314,327,319,326
7632,KILLED,313,303,312,309,318,308,330,314,327,319,326,63,66,64,65
7633,KILLED,313,303,312,309,318,308,330,314,327,319,326
7634,KILLED,313,303,312,309,318,308,330,314,327,319,326
7635,KILLED,313,303,312,309,318,308,330,314,327,319,326
7636,KILLED,63,66,64,65
7637,KILLED,313,303,312,309,318,308,330,314,327,319,326,63,66,64,65
7638,KILLED,313,303,312,309,318,308,330,314,327,319,326,63,66,64,65
7639,SURVIVED
7640,KILLED,313,303,312,309,318,308,330,314,327,319,326,63,66,64,65
7641,KILLED,313,303,312,309,318,308,330,314,327,319,326,63,66,64,65
7642,SURVIVED
7643,TIMED_OUT
7644,KILLED,316,324,313,303,312,309,318,320,325,323,301,306,302,317,305,311,329,308,330,314,315,328,327,310,304,322,321,319,307,326,63,66,117,115,64,65
7645,KILLED,316,324,313,303,312,309,318,320,325,323,301,306,302,317,305,311,329,308,330,314,315,328,327,310,304,322,321,319,307,326,63,66,117,115,64,65
7646,KILLED,324,313,303,312,309,318,320,325,323,301,306,302,317,305,311,329,308,330,314,315,328,327,310,304,322,321,319,307,326,63,66,64,65
7647,KILLED,324,313,303,312,309,318,320,325,323,301,306,302,317,305,311,329,308,330,314,315,328,327,310,304,322,321,319,307,326,63,66,117,115,64,65
7648,KILLED,324,313,303,312,309,318,320,325,323,301,306,302,317,305,311,329,308,330,314,315,328,327,310,304,322,321,319,307,326,63,66,117,115,64,65
7649,KILLED,316,324,313,303,312,309,318,320,325,323,301,306,302,317,305,311,329,308,330,314,315,328,327,310,304,322,321,319,307,326,63,66,117,115,64,65
7650,KILLED,316,324,313,303,312,309,318,320,325,323,301,306,302,317,305,311,329,308,330,314,315,328,327,310,304,322,321,319,307,326,63,66,117,115,64,65
7651,KILLED,324,313,303,312,309,318,320,325,323,301,306,302,317,305,311,329,308,330,314,315,328,327,310,304,322,321,319,307,326,63,66,117,115,64,65
7652,KILLED,324,313,303,312,309,318,320,325,323,301,306,302,317,305,311,329,308,330,314,315,328,327,310,304,322,321,319,307,326,63,66,117,115,64,65
7653,KILLED,324,313,303,312,309,318,320,325,323,301,306,302,317,305,311,329,308,330,314,315,328,327,310,304,322,321,319,307,326,63,66,117,115,64,65
7654,KILLED,324,313,303,312,309,318,320,325,323,301,306,302,317,305,311,329,308,330,314,315,328,327,310,304,322,321,319,307,326,63,66,117,115,64,65
7655,KILLED,316,324,313,303,312,309,318,320,325,323,301,306,302,317,305,311,329,308,330,314,315,328,327,310,304,322,321,319,307,326,63,66,117,115,64,65
7656,KILLED,324,313,303,312,309,318,320,325,323,301,306,302,317,305,311,329,308,330,314,315,328,327,310,304,322,321,319,307,326,63,66,117,115,64,65
7657,KILLED,316,324,313,303,312,309,318,320,325,323,301,306,302,317,305,311,329,308,330,314,315,328,327,310,304,322,321,319,307,326,63,66,117,115,64,65
7658,KILLED,324,313,303,312,309,318,320,325,323,301,306,302,317,305,311,329,308,330,314,315,328,327,310,304,322,321,319,307,326,63,66,117,115,64,65
7659,KILLED,324,313,303,312,309,318,320,325,323,301,306,302,317,305,311,329,308,330,314,315,328,327,310,304,322,321,319,307,326,63,66,117,115,64,65
7660,KILLED,324,313,303,312,309,318,320,325,323,301,306,302,317,305,311,329,308,330,314,315,328,327,310,304,322,321,319,307,326,63,66,64,65
7661,KILLED,324,313,303,312,309,318,320,325,323,301,306,302,317,305,311,329,308,330,314,315,328,327,310,304,322,321,319,307,326,63,66,117,115,64,65
7662,SURVIVED
7663,KILLED,324,313,303,312,309,318,320,325,323,301,306,302,317,305,311,329,308,330,314,315,328,327,310,304,322,321,319,307,326,63,66,117,115,64,65
7664,KILLED,324,313,303,312,309,318,320,325,323,301,306,302,317,305,311,329,308,330,314,315,328,327,310,304,322,321,319,307,326,63,66,117,115,64,65
7665,KILLED,327
7666,SURVIVED
7667,KILLED,327
7668,KILLED,327
7669,KILLED,327
7670,KILLED,327
7671,KILLED,327
7672,KILLED,327
7673,KILLED,324,320,325,323,301,306,302,317,305,311,329,315,328,310,304,321,307,117,115
7674,KILLED,327
7675,KILLED,327
7676,SURVIVED
7677,NO_COVERAGE
7678,KILLED,327
7679,KILLED,316,327
7680,KILLED,324,313,303,312,309,318,320,325,323,301,306,302,317,305,311,329,308,330,314,315,328,310,304,322,321,319,307,326,63,66,117,115,64,65
7681,KILLED,327
7682,KILLED,327
7683,KILLED,327
7684,KILLED,327
7685,KILLED,327
7686,KILLED,316,324,313,303,312,309,318,320,325,323,301,306,302,317,305,311,329,308,330,314,315,328,327,310,304,322,321,319,307,326,63,66,117,115,64,65
7687,KILLED,327
7688,KILLED,324,313,303,312,309,318,320,325,323,301,306,302,317,305,311,329,308,330,314,315,328,327,310,304,322,321,319,307,326,63,66,117,115,64,65
7689,KILLED,327
7690,SURVIVED
7691,SURVIVED
7692,KILLED,327
7693,KILLED,327
7694,KILLED,327
7695,KILLED,327
7696,KILLED,327
7697,KILLED,327
7698,KILLED,327
7699,KILLED,327
7700,KILLED,327
7701,KILLED,327
7702,KILLED,327
7703,KILLED,327
7704,KILLED,327
7705,KILLED,327
7706,KILLED,327
7707,KILLED,327
7708,KILLED,316,324,313,303,312,309,318,320,325,323,301,306,302,317,305,311,329,308,330,314,315,328,327,310,304,322,321,319,307,326,63,66,117,115,64,65
7709,KILLED,324,313,303,312,309,318,320,325,323,301,306,302,317,305,311,329,308,330,314,315,328,327,310,304,322,321,319,307,326,63,66,117,115,64,65
7710,SURVIVED
7711,KILLED,327
7712,KILLED,327
7713,KILLED,327
7714,KILLED,327
7715,SURVIVED
7716,KILLED,327
7717,KILLED,327
7718,KILLED,327
7719,KILLED,327
7720,KILLED,327
7721,NO_COVERAGE
7722,KILLED,327
7723,KILLED,327
7724,SURVIVED
7725,KILLED,327
7726,KILLED,327
7727,KILLED,327
7728,TIMED_OUT
7729,KILLED,324,313,303,312,309,318,320,325,323,301,306,302,317,305,311,329,308,330,314,315,328,327,310,304,322,321,319,307,326,63,66,117,115,64,65
7730,KILLED,324,313,303,312,309,318,320,325,323,301,306,302,317,305,311,329,308,330,314,315,328,327,310,304,322,321,319,307,326,63,66,117,115,64,65
7731,KILLED,324,313,303,312,309,318,320,325,323,301,306,302,317,305,311,329,308,330,314,315,328,327,310,304,322,321,319,307,326,63,66,117,115,64,65
7732,KILLED,324,313,303,312,309,318,320,325,323,301,306,302,317,305,311,329,308,330,314,315,328,327,310,304,322,321,319,307,326,63,66,117,115,64,65
7733,KILLED,324,313,303,312,309,318,320,325,323,301,306,302,317,305,311,329,308,330,314,315,328,327,310,304,322,321,319,307,326,63,66,117,115,64,65
7734,KILLED,324,313,303,312,309,318,308,330,314,327,319,326
7735,KILLED,313,303,312,309,318,308,330,314,327,319,326
7736,KILLED,327
7737,KILLED,324,313,303,312,309,318,320,325,323,301,306,302,317,305,311,329,308,330,314,315,328,327,310,304,322,321,319,307,326,63,66,64,65
7738,KILLED,327
7739,KILLED,327
7740,SURVIVED
7741,KILLED,327
7742,KILLED,324,313,303,312,309,318,320,325,323,301,306,302,317,305,311,329,308,330,314,315,328,327,310,304,322,321,319,307,326,63,66,117,115,64,65
7743,KILLED,320,325,323,301,306,302,317,305,311,329,308,330,314,315,328,327,310,304,322,321,319,307,326,63,66,117,115,64,65
7744,KILLED,320,325,323,301,306,302,317,305,311,329,308,330,314,315,328,327,310,304,322,321,319,307,326,63,66,117,115,64,65
7745,KILLED,320,325,323,301,306,302,317,305,311,329,308,330,314,315,328,327,310,304,322,321,319,307,326,63,66,117,115,64,65
7746,TIMED_OUT
7747,KILLED,320,325,323,301,306,302,317,305,311,329,308,330,314,315,328,327,310,304,322,321,319,307,326,63,66,117,115,64,65
7748,KILLED,317,305,311,329,310,304,321,307,115
7749,KILLED,320,325,323,301,306,302,317,305,311,329,308,330,314,315,328,327,310,304,322,321,319,307,326,63,66,117,115,64,65
7750,KILLED,317,305,311,329,310,304,321,307
7751,KILLED,320,325,323,301,306,302,317,305,311,329,308,330,314,315,328,327,310,304,322,321,319,307,326,63,66,117,115,64,65
7752,KILLED,317,305,311,329,310,304,321,307,115
7753,KILLED,320,325,323,301,306,302,317,305,311,329,308,330,314,315,328,327,310,304,322,321,319,307,326,63,66,117,115,64,65
7754,TIMED_OUT
7755,KILLED,320,325,323,301,306,302,317,305,311,329,308,330,314,315,328,327,310,304,322,321,319,307,326,63,66,117,115,64,65
7756,KILLED,320,325,323,301,306,302,317,305,311,329,308,330,314,315,328,327,310,304,322,321,319,307,326,63,66,117,115,64,65
7757,KILLED,320,325,323,301,306,302,317,305,311,329,308,330,314,315,328,327,310,304,322,321,319,307,326,63,66,117,115,64,65
7758,KILLED,320,325,323,301,306,302,317,305,311,329,308,330,314,315,328,327,310,304,322,321,319,307,326,63,66,117,115,64,65
7759,KILLED,320,325,323,301,306,302,317,305,311,329,308,330,314,315,328,327,310,304,322,321,319,307,326,63,66,117,115,64,65
7760,KILLED,320,325,323,301,306,302,317,305,311,329,308,330,314,315,328,327,310,304,322,321,319,307,326,63,66,117,115,64,65
7761,KILLED,320,325,323,301,306,302,317,305,311,329,308,330,314,315,328,327,310,304,322,321,319,307,326,63,66,117,115,64,65
7762,KILLED,317,305,311,329,310,304,321,307,115
7763,TIMED_OUT
7764,KILLED,320,325,323,301,306,302,317,305,311,329,308,330,314,315,328,327,310,304,322,321,319,307,326,63,66,117,115,64,65
7765,KILLED,320,325,323,301,306,302,317,305,311,329,308,330,314,315,328,327,310,304,322,321,319,307,326,63,66,117,115,64,65
7766,KILLED,320,325,323,301,306,302,317,305,311,329,308,330,314,315,328,327,310,304,322,321,319,307,326,63,66,117,115,64,65
7767,KILLED,317,305,311,329,310,304,321,307,115
7768,KILLED,317,305,311,329,310,304,321,307,115
7769,KILLED,320,325,323,301,306,302,317,305,311,329,308,330,314,315,328,327,310,304,322,321,319,307,326,63,66,117,115,64,65
7770,TIMED_OUT
7771,KILLED,324,313,303,312,309,318,320,325,323,301,306,302,317,305,311,329,308,330,314,315,328,327,310,304,322,321,319,307,326,63,66,117,115,64,65
7772,KILLED,324,313,303,312,309,318,320,325,323,301,306,302,317,305,311,329,308,330,314,315,328,327,310,304,322,321,319,307,326,63,66,117,115,64,65
7773,KILLED,324,313,303,312,309,318,320,325,323,301,306,302,317,305,311,329,308,330,314,315,328,327,310,304,322,321,319,307,326,63,66,117,115,64,65
7774,KILLED,324,313,303,312,309,318,320,325,323,301,306,302,317,305,311,329,308,330,314,315,328,327,310,304,322,321,319,307,326,63,66,117,115,64,65
7775,KILLED,324,313,303,312,309,318,320,325,323,301,306,302,317,305,311,329,308,330,314,315,328,327,310,304,322,321,319,307,326,63,66,117,115,64,65
7776,KILLED,324,313,303,312,309,318,320,325,323,301,306,302,317,305,311,329,308,330,314,315,328,327,310,304,322,321,319,307,326,63,66,117,115,64,65
7777,KILLED,324,313,303,312,309,318,320,325,323,301,306,302,317,305,311,329,308,330,314,315,328,327,310,304,322,321,319,307,326,63,66,117,115,64,65
7778,KILLED,324,313,303,312,309,318,320,325,323,301,306,302,317,305,311,329,308,330,314,315,328,327,310,304,322,321,319,307,326,63,66,117,115,64,65
7779,SURVIVED
7780,KILLED,320,325,323,301,306,302,317,305,311,329,308,330,314,315,328,327,310,304,322,321,319,307,326,63,66,117,115,64,65
7781,KILLED,320,325,323,301,306,302,317,305,311,329,308,330,314,315,328,327,310,304,322,321,319,307,326,64
7782,KILLED,320,325,323,301,306,302,317,305,311,329,308,330,314,315,328,327,310,304,322,321,319,307,326,63,66,117,115,64,65
7783,KILLED,320,325,323,301,306,302,317,305,311,329,308,330,314,315,328,327,310,304,322,321,319,307,326,63,66,117,115,64,65
7784,KILLED,320,325,323,301,306,302,317,305,311,329,308,330,314,315,328,327,310,304,322,321,319,307,326,63,66,117,115,64,65
7785,KILLED,320,325,323,301,306,302,317,305,311,329,308,330,314,315,328,327,310,304,322,321,319,307,326,63,66,117,115,64,65
7786,KILLED,320,325,323,301,306,302,317,305,311,329,308,330,314,315,328,327,310,304,322,321,319,307,326,63,66,117,115,64,65
7787,KILLED,320,325,323,301,306,302,317,305,311,329,308,330,314,315,328,327,310,304,322,321,319,307,326,63,66,117,115,64,65
7788,KILLED,320,325,323,301,306,302,317,305,311,329,308,330,314,315,328,327,310,304,322,321,319,307,326,63,66,117,115,64,65
7789,KILLED,320,325,323,301,306,302,317,305,311,329,308,330,314,315,328,327,310,304,322,321,319,307,326,63,66,117,115,64,65
7790,KILLED,320,325,323,301,306,302,317,305,311,329,308,330,314,315,328,327,310,304,322,321,319,307,326,63,66,117,115,64,65
7791,KILLED,320,325,323,301,306,302,317,305,311,329,308,330,314,315,328,327,310,304,322,321,319,307,326,63,66,117,115,64,65
7792,KILLED,320,325,323,301,306,302,317,305,311,329,308,330,314,315,328,327,310,304,322,321,319,307,326,63,66,117,115,64,65
7793,KILLED,320,325,323,301,306,302,317,305,311,329,308,330,314,315,328,327,310,304,322,321,319,307,326,63,66,117,115,64,65
7794,KILLED,320,325,323,301,306,302,317,305,311,329,308,330,314,315,328,327,310,304,322,321,319,307,326,63,66,117,115,64,65
7795,KILLED,320,325,323,301,306,302,317,305,311,329,308,330,314,315,328,327,310,304,322,321,319,307,326,63,66,117,115,64,65
7796,KILLED,320,325,323,301,306,302,317,305,311,329,308,330,314,315,328,327,310,304,322,321,319,307,326,64
7797,KILLED,320,325,323,301,306,302,317,305,311,329,308,330,314,315,328,327,310,304,322,321,319,307,326,63,66,117,115,64,65
7798,KILLED,320,325,323,301,306,302,317,305,311,329,308,330,314,315,328,327,310,304,322,321,319,307,326,63,66,117,115,64,65
7799,KILLED,320,325,323,301,306,302,317,305,311,329,308,330,314,315,328,327,310,304,322,321,319,307,326,63,66,117,115,64,65
7800,KILLED,320,325,323,301,306,302,317,305,311,329,308,330,314,315,328,327,310,304,322,321,319,307,326,63,66,117,115,64,65
7801,SURVIVED
7802,SURVIVED
7803,KILLED,320,325,323,301,306,302,317,305,311,329,308,330,314,315,328,327,310,304,322,321,319,307,326,63,66,117,115,64,65
7804,KILLED,320,325,323,301,306,302,317,305,311,329,308,330,314,315,328,327,310,304,322,321,319,307,326,63,66,117,115,64,65
7805,KILLED,320,325,323,301,306,302,317,305,311,329,308,330,314,315,328,327,310,304,322,321,319,307,326,63,66,117,115,64,65
7806,KILLED,320,325,323,301,306,302,317,305,311,329,308,330,314,315,328,327,310,304,322,321,319,307,326,63,66,117,115,64,65
7807,KILLED,320,325,323,301,306,302,317,305,311,329,308,330,314,315,328,327,310,304,322,321,319,307,326,63,66,117,115,64,65
7808,KILLED,308,330,314,327,319,326
7809,KILLED,320,325,323,301,306,302,317,305,311,329,308,330,314,315,328,327,310,304,322,321,319,307,326,63,66,117,115,64,65
7810,KILLED,308,330,314,327,319,326
7811,KILLED,320,325,323,301,306,302,317,305,311,329,308,330,314,315,328,327,310,304,322,321,319,307,326,63,66,117,115,64,65
7812,KILLED,320,325,323,301,306,302,317,305,311,329,308,330,314,315,328,327,310,304,322,321,319,307,326,63,66,117,115,64,65
7813,KILLED,320,325,323,301,306,302,317,305,311,329,308,330,314,315,328,327,310,304,322,321,319,307,326,63,66,117,115,64,65
7814,KILLED,320,325,323,301,306,302,317,305,311,329,308,330,314,315,328,327,310,304,322,321,319,307,326,63,66,117,115,64,65
7815,KILLED,320,325,323,301,306,302,317,305,311,329,308,330,314,315,328,327,310,304,322,321,319,307,326,63,66,117,115,64,65
7816,KILLED,320,325,323,301,306,302,317,305,311,329,308,330,314,315,328,327,310,304,322,321,319,307,326,63,66,117,115,64,65
7817,KILLED,320,325,323,301,306,302,317,305,311,329,308,330,314,315,328,327,310,304,322,321,319,307,326,63,66,117,115,64,65
7818,KILLED,320,325,323,301,306,302,317,305,311,329,308,330,314,315,328,327,310,304,322,321,319,307,326,63,66,117,115,64,65
7819,KILLED,320,325,323,301,306,302,317,305,311,329,308,330,314,315,328,327,310,304,322,321,319,307,326,63,66,117,115,64,65
7820,KILLED,320,325,323,317,305,329,315,328,310,304,322,321,307,63,66,64
7821,KILLED,320,325,323,317,305,329,315,328,310,304,322,321,307,63,66,64
7822,SURVIVED
7823,KILLED,301,306,302,317,305,311,329,308,330,314,327,310,304,322,321,319,307,326,117,115,65
7824,KILLED,320,325,323,301,306,302,317,305,311,329,308,330,314,315,328,327,310,304,322,321,319,307,326,63,66,117,115,64,65
7825,KILLED,320,325,323,301,306,302,317,305,311,329,308,330,314,315,328,327,310,304,322,321,319,307,326,63,66,117,115,64,65
7826,KILLED,320,325,323,301,306,302,317,305,311,329,308,330,314,315,328,327,310,304,322,321,319,307,326,63,66,117,115,64,65
7827,KILLED,320,325,323,301,306,302,317,305,311,329,308,330,314,315,328,327,310,304,322,321,319,307,326,63,66,117,115,64,65
7828,KILLED,320,325,323,301,306,302,317,305,311,329,308,330,314,315,328,327,310,304,322,321,319,307,326,63,66,117,115,64,65
7829,KILLED,320,325,323,301,306,302,317,305,311,329,308,330,314,315,328,327,310,304,322,321,319,307,326,63,66,117,115,64,65
7830,KILLED,117,115
7831,KILLED,320,325,323,301,306,302,317,305,311,329,308,330,314,315,328,327,310,304,322,321,319,307,326,63,66,117,115,64,65
7832,KILLED,301,306,302,317,305,311,329,308,330,314,327,310,304,322,321,319,307,326,117,115,65
7833,KILLED,301,306,302,317,305,311,329,308,330,314,327,310,304,322,321,319,307,326,117,115,65
7834,KILLED,320,325,323,317,305,329,315,328,310,304,322,321,307,63,66,64
7835,KILLED,320,325,323,317,305,329,315,328,310,304,322,321,307,63,66,64
7836,KILLED,320,325,323,301,306,302,317,305,311,329,308,330,314,315,328,327,310,304,322,321,319,307,326,63,66,117,115,64,65
7837,KILLED,320,325,323,301,306,302,317,305,311,329,308,330,314,315,328,327,310,304,322,321,319,307,326,63,66,117,115,64,65
7838,KILLED,301,306,302,317,305,311,329,308,330,314,327,310,304,322,321,319,307,326,117,115,65
7839,KILLED,301,306,302,317,305,311,329,308,330,314,327,310,304,322,321,319,307,326,117,115,65
7840,SURVIVED
7841,KILLED,324,313,303,312,309,318,320,325,323,301,306,302,317,305,311,329,308,330,314,315,328,327,310,304,322,321,319,307,326,63,66,117,115,64,65
7842,KILLED,320,325,323,301,306,302,317,305,311,329,308,330,314,315,328,327,310,304,322,321,319,307,326,63,66,117,115,64,65
7843,KILLED,320,325,323,301,306,302,317,305,311,329,308,330,314,315,328,327,310,304,322,321,319,307,326,63,66,117,115,64,65
7844,SURVIVED
7845,KILLED,320,325,323,301,306,302,317,305,311,329,308,330,314,315,328,327,310,304,322,321,319,307,326,63,66,117,115,64,65
7846,KILLED,320,325,323,301,306,302,317,305,311,329,308,330,314,315,328,327,310,304,322,321,319,307,326,63,66,117,115,64,65
7847,KILLED,320,325,323,301,306,302,317,305,311,329,308,330,314,315,328,327,310,304,322,321,319,307,326,63,66,117,115,64,65
7848,KILLED,324,313,303,312,309,318,320,325,323,301,306,302,317,305,311,329,308,330,314,315,328,327,310,304,322,321,319,307,326,63,66,117,115,64,65
7849,KILLED,324,313,303,312,309,318,320,325,323,301,306,302,317,305,311,329,308,330,314,315,328,327,310,304,322,321,319,307,326,63,66,117,115,64,65
7850,KILLED,324,313,303,312,309,318,320,325,323,301,306,302,317,305,311,329,308,330,314,315,328,327,310,304,322,321,319,307,326,63,66,117,115,64,65
7851,KILLED,324,313,303,312,309,318,320,325,323,301,306,302,317,305,311,329,308,330,314,315,328,327,310,304,322,321,319,307,326,63,66,117,115,64,65
7852,KILLED,324,313,303,312,309,318,320,325,323,301,306,302,317,305,311,329,308,330,314,315,328,327,310,304,322,321,319,307,326,63,66,117,115,64,65
7853,SURVIVED
7854,SURVIVED
7855,KILLED,324,313,303,312,309,318,320,325,323,301,306,302,317,305,311,329,308,330,314,315,328,327,310,304,322,321,319,307,326,63,66,117,115,64,65
7856,KILLED,313,303,312,309,318,308,330,314,319,326
7857,TIMED_OUT
7858,KILLED,313,303,312,309,318,320,325,323,301,306,302,317,305,311,329,308,330,314,315,328,327,310,304,322,321,319,307,326,63,66,115,64,65
7859,KILLED,313,303,312,309,318,308,330,314,319,326
7860,KILLED,324,313,303,312,309,318,320,325,323,301,306,302,317,305,311,329,308,330,314,315,328,327,310,304,322,321,319,307,326,63,66,117,115,64,65
7861,SURVIVED
7862,KILLED,313,303,312,309,308,330,314,319
7863,KILLED,313,303,312,309,308,330,314,319
7864,SURVIVED
7865,KILLED,318,326
7866,SURVIVED
7867,KILLED,313,303,312,309,318,308,330,314,319,326
7868,SURVIVED
7869,KILLED,313,303,312,309,318,308,330,314,319,326
7870,SURVIVED
7871,SURVIVED
7872,KILLED,316,324,313,303,312,309,318,320,325,323,301,306,302,317,305,311,329,308,330,314,315,328,327,310,304,322,321,319,307,326,63,66,117,115,64,65
7873,KILLED,318,326
7874,KILLED,324,313,303,312,309,318,320,325,323,301,306,302,317,305,311,329,308,330,314,315,328,327,310,304,322,321,319,307,326,63,66,117,115,64,65
7875,KILLED,313,303,312,309,318,308,330,314,319,326
7876,SURVIVED
7877,KILLED,313,303,312,309,318,308,330,314,319,326
7878,SURVIVED
7879,KILLED,324,313,303,312,309,318,320,325,323,301,306,302,317,305,311,329,308,330,314,315,328,327,310,304,322,321,319,307,326,63,66,117,115,64,65
7880,KILLED,313,303,312,309,318,308,330,314,319,326
7881,TIMED_OUT
7882,KILLED,324,313,303,312,309,318,320,325,323,301,306,302,317,305,311,329,308,330,314,315,328,327,310,304,322,321,319,307,326,63,66,117,115,64,65
7883,SURVIVED
7884,KILLED,313,303,312,309,318,308,330,314,319,326
7885,SURVIVED
7886,KILLED,313,303,312,309,318,308,330,314,319,326
7887,TIMED_OUT
7888,KILLED,324,313,303,312,309,318,320,325,323,301,306,302,317,305,311,329,308,330,314,315,328,327,310,304,322,321,319,307,326,63,66,117,115,64,65
7889,KILLED,313,303,312,309,318,308,330,314,319,326
7890,TIMED_OUT
7891,TIMED_OUT
7892,KILLED,320,325,323,301,306,302,317,305,311,329,308,330,314,315,328,327,310,304,322,321,319,307,326,63,66,117,115,64,65
7893,KILLED,320,325,323,301,306,302,317,305,311,329,308,330,314,315,328,327,310,304,322,321,319,307,326
7894,KILLED,317,305,311,329,310,304,321,307,115
7895,KILLED,317,305,311,329,310,304,321,307,115
7896,KILLED,320,325,323,301,306,302,317,305,311,329,308,330,314,315,328,327,310,304,322,321,319,307,326,63,66,117,115,64,65
7897,KILLED,320,325,323,301,306,302,317,305,311,329,308,330,314,315,328,327,310,304,322,321,319,307,326,63,66,117,115,64,65
7898,KILLED,320,325,323,301,306,302,317,305,311,329,308,330,314,315,328,327,310,304,322,321,319,307,326,63,66,117,115,64,65
7899,KILLED,320,325,323,301,306,302,317,305,311,329,308,330,314,315,328,327,310,304,322,321,319,307,326,63,66,117,115,64,65
7900,KILLED,317,305,311,329,310,304,321,307,115
7901,KILLED,320,325,323,301,306,302,317,305,311,329,308,330,314,315,328,327,310,304,322,321,319,307,326,63,66,117,115,64,65
7902,KILLED,320,325,323,301,306,302,317,305,311,329,308,330,314,315,328,327,310,304,322,321,319,307,326,63,66,117,115,64,65
7903,KILLED,320,325,323,301,306,302,317,305,311,329,308,330,314,315,328,327,310,304,322,321,319,307,326,63,66,117,115,64,65
7904,KILLED,320,325,323,301,306,302,317,305,311,329,308,330,314,315,328,327,310,304,322,321,319,307,326,63,66,117,115,64,65
7905,KILLED,320,325,323,301,306,302,317,305,311,329,308,330,314,315,328,327,310,304,322,321,319,307,326,63,66,117,115,64,65
7906,KILLED,320,325,323,301,306,302,317,305,311,329,308,330,314,315,328,327,310,304,322,321,319,307,326,63,66,117,115,64,65
7907,KILLED,320,325,323,301,306,302,317,305,311,329,308,330,314,315,328,327,310,304,322,321,319,307,326,63,66,117,115,64,65
7908,KILLED,320,325,323,301,306,302,317,305,311,329,308,330,314,315,328,327,310,304,322,321,319,307,326,63,66,117,115,64,65
7909,KILLED,317,305,311,329,310,304,321,307,115
7910,KILLED,320,325,323,301,306,302,317,305,311,329,308,330,314,315,328,327,310,304,322,321,319,307,326,63,66,117,115,64,65
7911,KILLED,320,325,323,301,306,302,317,305,311,329,308,330,314,315,328,327,310,304,322,321,319,307,326,63,66,117,115,64,65
7912,KILLED,320,325,323,301,306,302,317,305,311,329,308,330,314,315,328,327,310,304,322,321,319,307,326,63,66,117,115,64,65
7913,KILLED,320,325,323,301,306,302,317,305,311,329,308,330,314,315,328,327,310,304,322,321,319,307,326,63,66,117,115,64,65
7914,KILLED,320,325,323,301,306,302,317,305,311,329,308,330,314,315,328,327,310,304,322,321,319,307,326,63,66,117,115,64,65
7915,KILLED,320,325,323,301,306,302,317,305,311,329,308,330,314,315,328,327,310,304,322,321,319,307,326,63,66,117,115,64,65
7916,KILLED,320,325,323,301,306,302,317,305,311,329,308,330,314,315,328,327,310,304,322,321,319,307,326,63,66,117,115,64,65
7917,KILLED,320,325,323,301,306,302,317,305,311,329,308,330,314,315,328,327,310,304,322,321,319,307,326,63,66,117,115,64,65
7918,KILLED,320,325,323,301,306,302,317,305,311,329,308,330,314,315,328,327,310,304,322,321,319,307,326,63,66,117,115,64,65
7919,KILLED,320,325,323,301,306,302,317,305,311,329,308,330,314,315,328,327,310,304,322,321,319,307,326,63,66,117,115,64,65
7920,KILLED,317,305,311,329,310,304,321,307,115
7921,KILLED,320,325,323,301,306,302,317,305,311,329,308,330,314,315,328,327,310,304,322,321,319,307,326
7922,KILLED,320,325,323,301,306,302,317,305,311,329,308,330,314,315,328,327,310,304,322,321,319,307,326,63,66,117,115,64,65
7923,KILLED,320,325,323,301,306,302,317,305,311,329,308,330,314,315,328,327,310,304,322,321,319,307,326,63,66,117,115,64,65
7924,KILLED,320,325,323,301,306,302,317,305,311,329,308,330,314,315,328,327,310,304,322,321,319,307,326,63,66,117,115,64,65
7925,KILLED,320,325,323,301,306,302,317,305,311,329,308,330,314,315,328,327,310,304,322,321,319,307,326,63,66,117,115,64,65
7926,KILLED,320,325,323,301,306,302,317,305,311,329,308,330,314,315,328,327,310,304,322,321,319,307,326
7927,KILLED,320,325,323,301,306,302,317,305,311,329,308,330,314,315,328,327,310,304,322,321,319,307,326
7928,KILLED,320,325,323,301,306,302,317,305,311,329,308,330,314,315,328,327,310,304,322,321,319,307,326,63,66,117,115,64,65
7929,KILLED,320,325,323,301,306,302,317,305,311,329,308,330,314,315,328,327,310,304,322,321,319,307,326,63,66,117,115,64,65
7930,KILLED,320,325,323,301,306,302,317,305,311,329,308,330,314,315,328,327,310,304,322,321,319,307,326,63,66,117,115,64,65
7931,KILLED,320,325,323,301,306,302,317,305,311,329,308,330,314,315,328,327,310,304,322,321,319,307,326,63,66,117,115,64,65
7932,KILLED,317,305,311,329,310,304,321,307,115
7933,KILLED,320,325,323,301,306,302,317,305,311,329,308,330,314,315,328,327,310,304,322,321,319,307,326,63,66,117,115,64,65
7934,KILLED,320,325,323,301,306,302,317,305,311,329,308,330,314,315,328,327,310,304,322,321,319,307,326,63,66,117,115,64,65
7935,KILLED,320,325,323,301,306,302,317,305,311,329,308,330,314,315,328,327,310,304,322,321,319,307,326,63,66,117,115,64,65
7936,KILLED,308,330,314,327,319,326
7937,KILLED,320,325,323,301,306,302,317,305,311,329,308,330,314,315,328,327,310,304,322,321,319,307,326,63,66,117,115,64,65
7938,KILLED,308,330,314,327,319,326
7939,KILLED,320,325,323,301,306,302,308,330,314,315,328,327,322,319,326,63,66,117,64,65
7940,KILLED,320,325,323,301,306,302,317,305,311,329,308,330,314,315,328,327,310,304,322,321,319,307,326,63,66,117,115,64,65
7941,KILLED,308,330,314,327,319,326
7942,KILLED,317,305,311,329,310,304,321,307,115
7943,KILLED,317,305,311,329,310,304,321,307,115
7944,KILLED,320,325,323,301,306,302,317,305,311,329,308,330,314,315,328,327,310,304,322,321,319,307,326,63,66,117,115,64,65
7945,KILLED,320,325,323,301,306,302,317,305,311,329,308,330,314,315,328,327,310,304,322,321,319,307,326,63,66,117,115,64,65
7946,KILLED,320,325,323,301,306,302,317,305,311,329,308,330,314,315,328,327,310,304,322,321,319,307,326,63,66,117,115,64,65
7947,KILLED,320,325,323,301,306,302,317,305,311,329,308,330,314,315,328,327,310,304,322,321,319,307,326,63,66,117,115,64,65
7948,KILLED,320,325,323,301,306,302,317,305,311,329,308,330,314,315,328,327,310,304,322,321,319,307,326,63,66,117,115,64,65
7949,KILLED,320,325,323,301,306,302,317,305,311,329,308,330,314,315,328,327,310,304,322,321,319,307,326,63,66,117,115,64,65
7950,KILLED,317,305,311,329,310,304,321,307,115
7951,KILLED,320,325,323,301,306,302,317,305,311,329,308,330,314,315,328,327,310,304,322,321,319,307,326,63,66,117,115,64,65
7952,KILLED,320,325,323,301,306,302,317,305,311,329,308,330,314,315,328,327,310,304,322,321,319,307,326,63,66,117,115,64,65
7953,KILLED,320,325,323,301,306,302,317,305,311,329,308,330,314,315,328,327,310,304,322,321,319,307,326,63,66,117,115,64,65
7954,KILLED,320,325,323,301,306,302,317,305,311,329,308,330,314,315,328,327,310,304,322,321,319,307,326,63,66,117,115,64,65
7955,KILLED,320,325,323,301,306,302,317,305,311,329,308,330,314,315,328,327,310,304,322,321,319,307,326,63,66,117,115,64,65
7956,TIMED_OUT
7957,SURVIVED
7958,SURVIVED
7959,SURVIVED
7960,SURVIVED
7961,KILLED,451,460,459,463,462,470
7962,SURVIVED
7963,SURVIVED
7964,SURVIVED
7965,NO_COVERAGE
7966,NO_COVERAGE
7967,KILLED,189,186,188,190,185,478,475,453,468,446,450,22,27,456,457,481,449,30,29,97,347,23,467,469,26,461,451,471,477,460,447,448,454,474,452,455,459,480,479,473,472,463,24,465,462,352,258,28,458,387,383,397,89,98,470
7968,KILLED,189,186,188,190,185,478,475,453,468,446,450,22,27,456,457,481,449,30,29,97,347,23,467,469,26,461,451,471,477,460,447,448,454,474,452,455,459,480,479,473,472,463,24,465,462,352,258,28,458,387,383,397,89,98,470
7969,SURVIVED
7970,NO_COVERAGE
7971,SURVIVED
7972,KILLED,189,186,188,190,185,478,475,453,468,446,450,22,27,456,457,481,449,30,29,97,347,23,467,469,26,461,451,471,477,460,447,448,454,474,452,455,459,480,479,473,472,463,24,465,462,352,258,28,458,387,383,397,89,98,470
7973,SURVIVED
7974,SURVIVED
7975,SURVIVED
7976,SURVIVED
7977,KILLED,186,188,190,185,468,450,456,457,481,449,347,467,469,461,451,471,477,454,474,455,459,480,479,473,472,463,465,462,258,28,458,387,470
7978,KILLED,188,185,468,450,456,457,481,449,347,467,469,461,451,471,477,460,454,474,455,459,480,479,473,472,463,465,462,258,28,458,387,470
7979,KILLED,188,185,468,450,456,457,481,449,347,467,469,461,451,471,477,460,454,474,455,459,480,479,473,472,463,465,462,258,28,458,387,470
7980,KILLED,186,188,190,185,468,456,457,481,347,467,469,461,451,471,477,460,454,474,455,459,480,479,473,472,463,465,462,258,28,458,470
7981,SURVIVED
7982,SURVIVED
7983,SURVIVED
7984,SURVIVED
7985,KILLED,185
7986,KILLED,185
7987,KILLED,187,185
7988,KILLED,187,185
7989,KILLED,187,185,448
7990,SURVIVED
7991,SURVIVED
7992,KILLED,185,448
7993,SURVIVED
7994,SURVIVED
7995,SURVIVED
7996,SURVIVED
7997,KILLED,448
7998,SURVIVED
7999,SURVIVED
8000,SURVIVED
8001,KILLED,447,448
8002,KILLED,448
8003,KILLED,185,466,464,261,447,448,352
8004,KILLED,187,185,466,464,261,447,448,352
8005,KILLED,187,185
8006,SURVIVED
8007,KILLED,187,185,448
8008,SURVIVED
8009,SURVIVED
8010,KILLED,187,185,448
8011,KILLED,187,185,448
8012,KILLED,187,185,448
8013,KILLED,466,464,261,447,352
8014,KILLED,447,448
8015,KILLED,187,185,448
8016,SURVIVED
8017,SURVIVED
8018,KILLED,185,466,464,261,447,352
8019,KILLED,187,185
8020,SURVIVED
8021,SURVIVED
8022,SURVIVED
8023,SURVIVED
8024,SURVIVED
8025,KILLED,185,466,464,261,447,448,352
8026,KILLED,185,466,464,261,447,448,352
8027,KILLED,185,466,464,261,447,448,352
8028,KILLED,185,466,464,261,447,448,352
8029,SURVIVED
8030,SURVIVED
8031,SURVIVED
8032,SURVIVED
8033,SURVIVED
8034,KILLED,187,448
8035,NO_COVERAGE
8036,SURVIVED
8037,SURVIVED
8038,KILLED,466,464,261,447,352
8039,KILLED,185,447
8040,KILLED,447,448
8041,KILLED,185,466,464,261,447,448,352
8042,KILLED,185
8043,KILLED,188,190
8044,KILLED,186,190
8045,KILLED,186,188,190
8046,KILLED,186,190
8047,KILLED,188
8048,KILLED,474,455,459,480,479,473,472,463,465,462,28,458,470
8049,KILLED,186,190
8050,KILLED,186,190
8051,KILLED,188,190,185
8052,KILLED,189,186,188,190,185,478,475,468,450,456,457,481,449,347,467,469,461,451,471,477,460,454,474,455,459,480,479,473,472,463,465,462,258,28,458,387,470
8053,SURVIVED
8054,SURVIVED
8055,KILLED,461
8056,SURVIVED
8057,SURVIVED
8058,KILLED,185,468,456,457,481,347,461,471,477,460,455,459,480,479,472,463,465,462,258,28,458
8059,SURVIVED
8060,KILLED,185,450,456,457,481,449,347,467,469,461,471,477,454,474,479,473,463,465,28,387
8061,KILLED,189,186,188,190,185,478,475,468,450,456,457,481,449,347,467,469,461,451,471,477,460,454,474,455,459,480,479,473,472,463,465,462,258,28,458,387,470
8062,KILLED,461
8063,SURVIVED
8064,SURVIVED
8065,KILLED,461
8066,SURVIVED
8067,KILLED,185,450,456,457,481,449,347,467,469,471,477,454,474,479,473,463,465,28,387
8068,KILLED,186,188,190,185,476,461,451,471,477,454,455,459,479,472,463,465,462,28,458,387,470
8069,SURVIVED
8070,KILLED,461
8071,SURVIVED
8072,SURVIVED
8073,NO_COVERAGE
8074,KILLED,185,453,446,22,27,30,97,467,469,26,461,451,471,477,460,447,448,454,474,452,455,459,480,479,473,472,463,24,465,462,352,28,458,387,383,397,89,98,470
8075,NO_COVERAGE
8076,NO_COVERAGE
8077,NO_COVERAGE
8078,NO_COVERAGE
8079,NO_COVERAGE
8080,NO_COVERAGE
8081,NO_COVERAGE
8082,NO_COVERAGE
8083,NO_COVERAGE
8084,NO_COVERAGE
8085,NO_COVERAGE
8086,NO_COVERAGE
8087,NO_COVERAGE
8088,NO_COVERAGE
8089,NO_COVERAGE
8090,NO_COVERAGE
8091,KILLED,89
8092,KILLED,89
8093,KILLED,89
8094,SURVIVED
8095,SURVIVED
8096,SURVIVED
8097,SURVIVED
8098,KILLED,461,89
8099,SURVIVED
8100,KILLED,89
8101,SURVIVED
8102,KILLED,89
8103,SURVIVED
8104,KILLED,461
8105,SURVIVED
8106,KILLED,89
8107,SURVIVED
8108,SURVIVED
8109,SURVIVED
8110,SURVIVED
8111,NO_COVERAGE
8112,NO_COVERAGE
8113,NO_COVERAGE
8114,NO_COVERAGE
8115,NO_COVERAGE
8116,NO_COVERAGE
8117,NO_COVERAGE
8118,NO_COVERAGE
8119,NO_COVERAGE
8120,NO_COVERAGE
8121,NO_COVERAGE
8122,NO_COVERAGE
8123,NO_COVERAGE
8124,NO_COVERAGE
8125,NO_COVERAGE
8126,NO_COVERAGE
8127,NO_COVERAGE
8128,NO_COVERAGE
8129,NO_COVERAGE
8130,NO_COVERAGE
8131,NO_COVERAGE
8132,SURVIVED
8133,NO_COVERAGE
8134,NO_COVERAGE
8135,KILLED,22,30,469,26,451,447,448,454,474,470
8136,KILLED,22,30,469,26,451,447,448,454,474,470
8137,KILLED,478,460,459,480,462
8138,KILLED,478,460,459,480,462
8139,KILLED,185,468,466,464,450,261,22,456,457,481,449,30,347,469,26,461,451,471,477,460,447,448,454,474,455,459,480,479,473,472,463,465,462,352,258,28,458,387,383,470
8140,KILLED,30,469,26,451,447,448,454,474,470
8141,KILLED,475,30,469,26,451,447,448,454,474,470
8142,KILLED,185,468,466,464,450,261,22,456,457,481,449,30,347,469,26,461,451,471,477,460,447,448,454,474,455,459,480,479,473,472,463,465,462,352,258,28,458,387,383,470
8143,SURVIVED
8144,KILLED,187,186,188,190,185,468,466,464,446,450,261,22,456,457,481,449,30,29,97,347,467,469,26,461,451,471,477,460,447,448,454,474,452,455,459,480,479,473,472,463,465,462,352,258,28,458,387,383,397,89,98,470
8145,KILLED,187,186,188,190,185,468,466,464,446,450,261,22,456,457,481,449,30,29,97,347,467,469,26,461,451,471,477,460,447,448,454,474,452,455,459,480,479,473,472,463,465,462,352,258,28,458,387,383,397,89,98,470
8146,NO_COVERAGE
8147,KILLED,185,468,466,464,450,261,22,456,457,481,449,347,467,451,471,477,460,447,448,454,474,455,459,480,479,473,472,463,24,465,462,352,28,458,387,470
8148,SURVIVED
8149,NO_COVERAGE
8150,NO_COVERAGE
8151,NO_COVERAGE
8152,NO_COVERAGE
8153,NO_COVERAGE
8154,NO_COVERAGE
8155,NO_COVERAGE
8156,NO_COVERAGE
8157,NO_COVERAGE
8158,NO_COVERAGE
8159,NO_COVERAGE
8160,NO_COVERAGE
8161,NO_COVERAGE
8162,NO_COVERAGE
8163,NO_COVERAGE
8164,NO_COVERAGE
8165,NO_COVERAGE
8166,NO_COVERAGE
8167,NO_COVERAGE
8168,KILLED,185,22,30,26,162,159,397
8169,NO_COVERAGE
8170,NO_COVERAGE
8171,NO_COVERAGE
8172,NO_COVERAGE
8173,KILLED,461
8174,KILLED,461,451,448,455,472,458
8175,NO_COVERAGE
8176,KILLED,185,450,22,456,457,481,449,30,347,467,469,471,477,447,454,474,455,459,480,479,473,472,463,465,462,28,458,387,383,470
8177,KILLED,185,468,450,22,456,457,481,449,30,29,347,467,469,461,451,471,477,460,447,448,454,474,455,459,480,479,473,472,463,465,462,352,258,28,458,387,383,397,470
8178,KILLED,185,450,22,456,457,481,449,30,347,467,469,461,471,477,447,454,474,455,459,480,479,473,472,463,465,462,28,458,387,383,470
8179,KILLED,185,450,22,456,457,481,449,30,347,467,469,471,477,447,454,474,455,459,480,479,473,472,463,465,462,28,458,387,383,470
8180,SURVIVED
8181,KILLED,185,468,450,22,456,457,481,449,30,29,347,467,469,471,477,460,447,454,474,455,459,480,479,473,472,463,465,462,352,258,28,458,387,383,397,470
8182,SURVIVED
8183,SURVIVED
8184,KILLED,461
8185,SURVIVED
8186,KILLED,185,468,450,22,456,457,481,449,30,29,347,467,469,461,451,471,477,460,447,448,454,474,455,459,480,479,473,472,463,465,462,352,258,28,458,387,383,397,470
8187,KILLED,185,450,22,456,457,481,449,30,347,467,469,471,477,447,454,474,455,459,480,479,473,472,463,465,462,28,458,387,383,470
8188,KILLED,185,450,22,456,457,481,449,30,347,467,469,471,477,447,454,474,455,459,480,479,473,472,463,465,462,28,458,387,383,470
8189,KILLED,185,466,464,261,447,352
8190,KILLED,461,451,448,455,472,458
8191,NO_COVERAGE
8192,KILLED,185,450,22,456,457,481,449,30,347,467,469,471,477,447,454,474,455,459,480,479,473,472,463,465,462,28,458,387,383,470
8193,SURVIVED
8194,NO_COVERAGE
8195,NO_COVERAGE
8196,NO_COVERAGE
8197,NO_COVERAGE
8198,NO_COVERAGE
8199,NO_COVERAGE
8200,NO_COVERAGE
8201,NO_COVERAGE
8202,NO_COVERAGE
8203,NO_COVERAGE
8204,NO_COVERAGE
8205,NO_COVERAGE
8206,NO_COVERAGE
8207,NO_COVERAGE
8208,NO_COVERAGE
8209,NO_COVERAGE
8210,NO_COVERAGE
8211,NO_COVERAGE
8212,NO_COVERAGE
8213,NO_COVERAGE
8214,NO_COVERAGE
8215,NO_COVERAGE
8216,NO_COVERAGE
8217,NO_COVERAGE
8218,NO_COVERAGE
8219,NO_COVERAGE
8220,NO_COVERAGE
8221,NO_COVERAGE
8222,NO_COVERAGE
8223,KILLED,455,459,28,470
8224,KILLED,459
8225,KILLED,185,446,22,30,97,467,469,26,461,451,471,477,460,447,448,454,474,452,455,459,480,479,473,472,463,24,465,462,352,28,458,387,383,397,89,98,470
8226,KILLED,455,459,28,470
8227,KILLED,459
8228,KILLED,459
8229,KILLED,459
8230,KILLED,459
8231,KILLED,455,28,470
8232,SURVIVED
8233,KILLED,185,446,22,30,97,467,469,26,461,451,471,477,460,447,448,454,474,452,455,459,480,479,473,472,463,24,465,462,352,28,458,387,383,397,89,98,470
8234,KILLED,455,24,28,470
8235,KILLED,455,24,28,470
8236,KILLED,185,446,22,30,97,467,469,26,461,451,471,477,460,447,448,454,474,452,455,459,480,479,473,472,463,24,465,462,352,28,458,387,383,397,89,98,470
8237,KILLED,455,24,28,470
8238,KILLED,455,24,28,470
8239,KILLED,455,24,28,470
8240,KILLED,455,24,28,470
8241,KILLED,455,24,28,470
8242,SURVIVED
8243,SURVIVED
8244,KILLED,185,446,22,30,97,467,469,26,461,451,471,477,460,447,448,454,474,452,455,459,480,479,473,472,463,24,465,462,352,28,458,387,383,397,89,98,470
8245,KILLED,89
8246,KILLED,89
8247,SURVIVED
8248,KILLED,89
8249,KILLED,89
8250,SURVIVED
8251,KILLED,89
8252,NO_COVERAGE
8253,NO_COVERAGE
8254,NO_COVERAGE
8255,NO_COVERAGE
8256,NO_COVERAGE
8257,NO_COVERAGE
8258,NO_COVERAGE
8259,KILLED,480
8260,KILLED,480
8261,SURVIVED
8262,KILLED,480
8263,KILLED,480
8264,SURVIVED
8265,KILLED,480
8266,KILLED,30,474,480,479,473,472,463,465,462,458
8267,SURVIVED
8268,KILLED,30,474,480,479,473,472,463,465,462,458
8269,TIMED_OUT
8270,TIMED_OUT
8271,TIMED_OUT
8272,TIMED_OUT
8273,SURVIVED
8274,KILLED,30,474,480,479,473,472,463,465,462,458
8275,TIMED_OUT
8276,TIMED_OUT
8277,KILLED,22,459,462
8278,KILLED,22,459,462
8279,SURVIVED
8280,KILLED,22,459,462
8281,KILLED,22,459,462
8282,SURVIVED
8283,KILLED,22,459,462
8284,SURVIVED
8285,NO_COVERAGE
8286,NO_COVERAGE
8287,NO_COVERAGE
8288,NO_COVERAGE
8289,NO_COVERAGE
8290,NO_COVERAGE
8291,SURVIVED
8292,NO_COVERAGE
8293,NO_COVERAGE
8294,NO_COVERAGE
8295,NO_COVERAGE
8296,NO_COVERAGE
8297,NO_COVERAGE
8298,NO_COVERAGE
8299,NO_COVERAGE
8300,NO_COVERAGE
8301,SURVIVED
8302,NO_COVERAGE
8303,NO_COVERAGE
8304,NO_COVERAGE
8305,KILLED,187,186,188,190,185,461,451,455,459,472,28,458,387,470
8306,TIMED_OUT
8307,NO_COVERAGE
8308,SURVIVED
8309,SURVIVED
8310,NO_COVERAGE
8311,NO_COVERAGE
8312,NO_COVERAGE
8313,NO_COVERAGE
8314,NO_COVERAGE
8315,NO_COVERAGE
8316,SURVIVED
8317,NO_COVERAGE
8318,KILLED,186,188,190,185
8319,KILLED,189,188,190,185,476,478,475,468,456,457,481,347,467,469,461,451,471,477,460,454,474,455,459,480,479,473,472,463,465,462,258,28,458,387,470
8320,KILLED,189,187,186,188,190,185,478,475,468,450,456,457,481,449,347,467,469,461,451,471,477,460,454,474,455,459,480,479,473,472,463,24,465,462,258,28,458,387,470
8321,SURVIVED
8322,SURVIVED
8323,NO_COVERAGE
8324,NO_COVERAGE
8325,NO_COVERAGE
8326,NO_COVERAGE
8327,SURVIVED
8328,NO_COVERAGE
8329,NO_COVERAGE
8330,KILLED,189,187,186,188,190,185,478,475,468,450,456,457,481,449,347,467,469,461,451,471,477,460,454,474,455,459,480,479,473,472,463,24,465,462,258,28,458,387,470
8331,KILLED,188,190,185
8332,KILLED,187,188,190,185
8333,SURVIVED
8334,SURVIVED
8335,NO_COVERAGE
8336,NO_COVERAGE
8337,KILLED,188,190,185
8338,KILLED,188,190,185
8339,SURVIVED
8340,SURVIVED
8341,NO_COVERAGE
8342,NO_COVERAGE
8343,KILLED,186
8344,KILLED,189,187,188,190,185,478,475,468,450,456,457,481,449,347,467,469,461,451,471,477,460,454,474,455,459,480,479,473,472,463,24,465,462,258,28,458,387,470
8345,NO_COVERAGE
8346,NO_COVERAGE
8347,NO_COVERAGE
8348,NO_COVERAGE
8349,NO_COVERAGE
8350,SURVIVED
8351,NO_COVERAGE
8352,NO_COVERAGE
8353,NO_COVERAGE
8354,NO_COVERAGE
8355,NO_COVERAGE
8356,SURVIVED
8357,KILLED,189,187,186,188,190,185,478,475,468,450,456,457,481,449,347,467,469,461,451,471,477,460,454,474,455,459,480,479,473,472,463,465,462,258,28,458,387,470
8358,NO_COVERAGE
8359,NO_COVERAGE
8360,NO_COVERAGE
8361,NO_COVERAGE
8362,KILLED,452,28
8363,KILLED,185,453,446,22,27,30,97,467,469,26,461,451,471,477,460,447,448,454,474,452,455,459,480,479,473,472,463,24,465,462,352,28,458,387,383,397,89,98,470
8364,KILLED,185,22,30,461,451,471,477,447,448,454,459,462,387
8365,KILLED,461,455,458
8366,SURVIVED
8367,KILLED,185,453,446,22,27,30,29,97,23,467,469,26,461,451,471,477,460,447,448,454,474,452,455,459,480,479,473,472,463,24,465,462,352,28,458,387,383,397,89,98,470
8368,KILLED,185,446,22,30,29,97,23,467,469,26,461,451,471,477,460,447,448,454,474,452,455,459,480,479,473,472,463,24,465,462,352,28,458,387,383,397,89,98,470
8369,KILLED,185,446,22,30,29,97,23,467,469,26,461,451,471,477,460,447,448,454,474,452,455,459,480,479,473,472,463,24,465,462,352,28,458,387,383,397,89,98,470
8370,KILLED,185,446,22,30,29,97,23,467,469,26,461,451,471,477,460,447,448,454,474,452,455,459,480,479,473,472,463,24,465,462,352,28,458,387,383,397,89,98,470
8371,KILLED,185,446,22,30,29,97,23,467,469,26,461,451,471,477,460,447,448,454,474,452,455,459,480,479,473,472,463,24,465,462,352,28,458,387,383,397,89,98,470
8372,KILLED,185,22,30,461,451,471,477,460,447,448,454,474,455,459,480,479,473,472,463,24,465,462,28,458,387,383,89,470
8373,KILLED,185,22,30,461,451,471,477,460,447,448,454,474,455,459,480,479,473,472,463,24,465,462,28,458,387,383,89,470
8374,KILLED,185,22,30,467,469,461,451,471,477,460,447,448,454,474,455,459,480,479,473,472,463,465,462,352,28,458,387,383,470
8375,KILLED,185,446,22,30,29,97,23,469,26,461,451,471,477,460,447,448,454,474,452,455,459,480,479,473,472,463,24,465,462,352,28,458,387,383,397,89,98,470
8376,KILLED,185,22,30,461,451,471,477,447,448,454,459,462,28,387
8377,KILLED,185,22,30,467,469,461,451,471,477,460,447,448,454,474,455,459,480,479,473,472,463,465,462,352,28,458,387,383,470
8378,KILLED,185,446,22,30,97,23,26,461,451,471,477,447,448,454,452,459,24,462,28,387,383,89,98
8379,KILLED,185,446,22,30,97,23,26,461,451,471,477,447,448,454,452,459,24,462,387,383,89,98
8380,KILLED,185,22,30,461,451,471,477,447,448,454,459,462,387
8381,KILLED,185,22,30,461,451,471,477,447,448,454,459,462,387
8382,SURVIVED
8383,SURVIVED
8384,SURVIVED
8385,SURVIVED
8386,SURVIVED
8387,SURVIVED
8388,SURVIVED
8389,SURVIVED
8390,KILLED,185,446,22,30,29,97,23,467,469,26,461,451,471,477,460,447,448,454,474,452,455,459,480,479,473,472,463,24,465,462,352,28,458,387,383,397,89,98,470
8391,SURVIVED
8392,KILLED,185,446,22,30,97,26,461,451,471,477,447,448,454,452,455,459,24,462,28,387,383,89,98,470
8393,KILLED,185,446,22,30,29,97,23,467,469,26,461,451,471,477,460,447,448,454,474,455,459,480,479,473,472,463,24,465,462,352,28,458,387,383,397,89,98,470
8394,KILLED,185,446,22,30,29,97,23,467,469,26,461,451,471,477,460,447,448,454,474,455,459,480,479,473,472,463,24,465,462,352,28,458,387,383,397,89,98,470
8395,KILLED,185,446,22,30,29,97,23,467,469,26,461,451,471,477,460,447,448,454,474,455,459,480,479,473,472,463,24,465,462,352,28,458,387,383,397,89,98,470
8396,KILLED,185,446,22,30,29,97,23,467,469,26,461,451,471,477,460,447,448,454,474,452,455,459,480,479,473,472,463,24,465,462,352,28,458,387,383,397,89,98,470
8397,KILLED,185,446,22,30,29,97,23,467,469,26,461,451,471,477,460,447,448,454,474,455,459,480,479,473,472,463,24,465,462,352,28,458,387,383,397,89,98,470
8398,SURVIVED
8399,KILLED,460,28,387,383
8400,SURVIVED
8401,SURVIVED
8402,SURVIVED
8403,SURVIVED
8404,SURVIVED
8405,KILLED,28
8406,KILLED,185,22,30,467,469,461,451,471,477,460,447,448,454,474,455,459,480,479,473,472,463,465,462,352,28,458,387,383,470
8407,SURVIVED
8408,SURVIVED
8409,SURVIVED
8410,SURVIVED
8411,KILLED,452,28
8412,SURVIVED
8413,SURVIVED
8414,SURVIVED
8415,SURVIVED
8416,KILLED,185,22,30,461,471,477,447,454,459,462,387
8417,KILLED,185,461,451,448
8418,KILLED,185,22,30,461,451,471,477,447,448,454,459,462,387
8419,SURVIVED
8420,KILLED,185,446,22,30,29,97,467,469,26,461,451,471,477,460,447,448,454,474,452,455,459,480,479,473,472,463,24,465,462,352,28,458,387,383,397,89,98,470
8421,SURVIVED
8422,SURVIVED
8423,KILLED,453
8424,KILLED,185,30,29,23,467,447,454,474,452,455,459,480,479,473,472,463,24,465,462,352,28,458,387,383,470
8425,KILLED,469,26,451,447,448,454,470
8426,KILLED,185,22,30,26,397
8427,SURVIVED
8428,KILLED,460,387,383
8429,KILLED,387,383
8430,KILLED,387,383
8431,SURVIVED
8432,KILLED,387,383
8433,SURVIVED
8434,KILLED,387,383
8435,SURVIVED
8436,SURVIVED
8437,KILLED,89
8438,SURVIVED
8439,SURVIVED
8440,SURVIVED
8441,KILLED,185,22,30,29,467,469,461,451,471,477,460,447,448,454,474,455,459,480,479,473,472,463,465,462,352,28,458,387,397,470
8442,KILLED,461
8443,KILLED,185,451,448
8444,KILLED,461,455,458
8445,KILLED,461,455,458
8446,KILLED,461
8447,SURVIVED
8448,SURVIVED
8449,SURVIVED
8450,SURVIVED
8451,SURVIVED
8452,SURVIVED
8453,SURVIVED
8454,SURVIVED
8455,SURVIVED
8456,SURVIVED
8457,KILLED,461
8458,KILLED,461
8459,KILLED,452,28
8460,SURVIVED
8461,SURVIVED
8462,SURVIVED
8463,SURVIVED
8464,KILLED,185,22,30,471,477,447,454,459,462,387
8465,KILLED,185,451,448
8466,SURVIVED
8467,KILLED,185,22,30,461,451,471,477,447,448,454,459,462,387
8468,KILLED,185,446,22,30,97,26,461,451,471,477,447,448,454,452,455,459,24,462,28,387,383,89,98,470
8469,SURVIVED
8470,SURVIVED
8471,SURVIVED
8472,KILLED,185,30,29,23,467,447,454,474,452,455,459,480,479,473,472,463,24,465,462,352,28,458,387,383,470
8473,KILLED,469,26,451,447,448,454,470
8474,KILLED,185,22,30,26,397
8475,KILLED,22,30,461,474,455,459,480,479,473,472,463,24,465,462,28,458,89,470
8476,KILLED,460
8477,SURVIVED
8478,SURVIVED
8479,SURVIVED
8480,SURVIVED
8481,SURVIVED
8482,SURVIVED
8483,SURVIVED
8484,SURVIVED
8485,KILLED,461
8486,SURVIVED
8487,KILLED,185,446,22,30,29,97,23,467,469,26,461,451,471,477,460,447,448,454,474,452,455,459,480,479,473,472,463,24,465,462,352,28,458,387,383,397,89,98,470
8488,KILLED,185,446,22,30,29,97,23,467,469,26,461,451,471,477,460,447,448,454,474,452,455,459,480,479,473,472,463,24,465,462,352,28,458,387,383,397,89,98,470
8489,KILLED,185,446,22,30,29,97,23,467,469,26,461,451,471,477,460,447,448,454,474,452,455,459,480,479,473,472,463,24,465,462,352,28,458,387,383,397,89,98,470
8490,KILLED,185,446,22,30,29,97,23,467,469,26,461,451,471,477,460,447,448,454,474,452,455,459,480,479,473,472,463,24,465,462,352,28,458,387,383,397,89,98,470
8491,KILLED,185,22,30,469,26,461,451,471,477,460,447,448,454,474,455,459,480,479,473,472,463,24,465,462,28,458,387,383,89,470
8492,KILLED,185,22,30,461,451,471,477,460,447,448,454,474,455,459,480,479,473,472,463,24,465,462,28,458,387,383,89,470
8493,KILLED,185,22,30,461,451,471,477,460,447,448,454,474,455,459,480,479,473,472,463,24,465,462,28,458,387,383,89,470
8494,KILLED,185,461,451,471,477,460,447,448,454,459,462,28,387,383
8495,KILLED,185,22,30,461,451,471,477,460,447,448,454,459,462,387,383
8496,KILLED,185,22,30,467,469,461,451,471,477,460,447,448,454,474,455,459,480,479,473,472,463,465,462,352,28,458,387,383,470
8497,KILLED,185,22,30,467,469,461,451,471,477,460,447,448,454,474,455,459,480,479,473,472,463,465,462,352,28,458,387,383,470
8498,KILLED,185,446,22,30,97,23,26,461,451,471,477,447,448,454,452,459,24,462,387,383,89,98
8499,KILLED,185,446,22,30,97,23,26,461,451,471,477,447,448,454,452,459,24,462,387,383,89,98
8500,KILLED,185,22,30,461,451,471,477,447,448,454,459,462,387
8501,KILLED,185,22,30,461,451,471,477,447,448,454,459,462,387
8502,SURVIVED
8503,SURVIVED
8504,SURVIVED
8505,SURVIVED
8506,SURVIVED
8507,KILLED,89
8508,SURVIVED
8509,SURVIVED
8510,KILLED,89
8511,SURVIVED
8512,KILLED,461,89
8513,NO_COVERAGE
8514,NO_COVERAGE
8515,NO_COVERAGE
8516,NO_COVERAGE
8517,NO_COVERAGE
8518,NO_COVERAGE
8519,NO_COVERAGE
8520,NO_COVERAGE
8521,NO_COVERAGE
8522,NO_COVERAGE
8523,NO_COVERAGE
8524,NO_COVERAGE
8525,NO_COVERAGE
8526,NO_COVERAGE
8527,NO_COVERAGE
8528,NO_COVERAGE
8529,NO_COVERAGE
8530,NO_COVERAGE
8531,NO_COVERAGE
8532,NO_COVERAGE
8533,SURVIVED
8534,SURVIVED
8535,NO_COVERAGE
8536,NO_COVERAGE
8537,KILLED,478,460,459,480,462
8538,KILLED,475,30,469,451,454,474,470
8539,KILLED,30,469,451,454,474,470
8540,KILLED,475,30,469,474
8541,SURVIVED
8542,KILLED,456,457,481,455,459,480,479,473,472,463,465,462,28,458,470
8543,SURVIVED
8544,KILLED,470
8545,SURVIVED
8546,KILLED,185
8547,KILLED,185
8548,KILLED,185,455,479,472,463,465,28,458,470
8549,KILLED,185,455,465,28,458,470
8550,NO_COVERAGE
8551,NO_COVERAGE
8552,KILLED,189
8553,KILLED,189
8554,KILLED,189
8555,KILLED,189
8556,KILLED,189,185,475,468,450,456,457,481,449,347,467,469,471,477,454,474,455,459,480,479,473,472,463,465,462,28,458,387,470
8557,KILLED,189
8558,KILLED,189
8559,SURVIVED
8560,KILLED,189
8561,KILLED,189,185,475,468,450,456,457,481,449,347,467,469,471,477,454,474,455,459,480,479,473,472,463,465,462,28,458,387,470
8562,KILLED,185,468,450,456,457,481,449,347,467,469,471,477,454,474,455,459,480,479,473,472,463,465,462,28,458,387,470
8563,SURVIVED
8564,SURVIVED
8565,NO_COVERAGE
8566,SURVIVED
8567,NO_COVERAGE
8568,KILLED,186,188,190
8569,NO_COVERAGE
8570,KILLED,185,461,451,471,477,447,448,454,455,459,462,28,387,383,470
8571,KILLED,186,188,190,185,456,457,481,467,469,461,451,471,477,460,447,448,454,474,455,459,480,479,473,472,463,465,462,352,28,458,387,383,470
8572,KILLED,186,188,190,185,456,457,481,467,469,461,451,471,477,460,447,448,454,474,455,459,480,479,473,472,463,465,462,352,28,458,387,383,470
8573,KILLED,186,188,190,185,456,457,481,467,469,461,451,471,477,460,447,448,454,474,455,459,480,479,473,472,463,465,462,352,28,458,387,383,470
8574,KILLED,186,188,190,185,456,457,481,467,469,461,451,471,477,460,447,448,454,474,455,459,480,479,473,472,463,465,462,352,28,458,387,383,470
8575,KILLED,186,188,190,185,456,457,481,467,469,461,451,471,477,460,447,448,454,474,455,459,480,479,473,472,463,465,462,352,28,458,387,383,470
8576,KILLED,186,188,190,185,456,457,481,467,469,461,451,471,477,460,447,448,454,474,455,459,480,479,473,472,463,465,462,352,28,458,387,383,470
8577,KILLED,186,188,190,185,456,457,481,467,469,461,451,471,477,460,447,448,454,474,455,459,480,479,473,472,463,465,462,352,28,458,387,383,470
8578,KILLED,186,188,190,185,456,457,481,467,469,461,451,471,477,460,447,448,454,474,455,459,480,479,473,472,463,465,462,352,28,458,387,383,470
8579,KILLED,186,188,190,185,456,457,481,467,469,461,451,471,477,460,447,448,454,474,455,459,480,479,473,472,463,465,462,352,28,458,387,383,470
8580,KILLED,186,188,190,185,456,457,481,467,469,461,451,471,477,460,447,448,454,474,455,459,480,479,473,472,463,465,462,352,28,458,387,383,470
8581,KILLED,186,188,190,185,456,457,481,467,469,461,451,471,477,460,447,448,454,474,455,459,480,479,473,472,463,465,462,352,28,458,387,383,470
8582,KILLED,186,188,190,185,456,457,481,467,469,461,451,471,477,460,447,448,454,474,455,459,480,479,473,472,463,465,462,352,28,458,387,383,470
8583,KILLED,185
8584,KILLED,186,188,190,185,461,451,471,477,460,447,448,454,474,455,459,480,479,473,472,463,465,462,28,458,387,383,470
8585,KILLED,186,188,190,185,468,466,464,450,261,456,457,481,449,347,467,469,461,451,471,477,460,447,448,454,474,455,459,480,479,473,472,463,465,462,352,258,28,458,387,383,470
8586,KILLED,186,188,190,185,469,461,451,460,447,448,454,474,455,459,480,479,473,472,463,465,462,28,458,383,470
8587,KILLED,186,188,190,185,468,466,464,450,261,456,457,481,449,347,467,469,461,451,471,477,460,447,448,454,474,455,459,480,479,473,472,463,465,462,352,258,28,458,387,383,470
8588,KILLED,186,188,190,185,467,469,461,451,471,477,460,447,448,454,474,455,459,480,479,473,472,463,465,462,352,28,458,387,383,470
8589,KILLED,186,188,190,185,468,466,464,450,261,456,457,481,449,347,467,469,461,451,471,477,460,447,448,454,474,455,459,480,479,473,472,463,465,462,352,258,28,458,387,383,470
8590,KILLED,186,188,190,185,456,457,481,467,469,461,451,471,477,460,447,448,454,474,455,459,480,479,473,472,463,465,462,28,458,387,383,470
8591,KILLED,186,188,190,185,456,457,481,467,469,461,451,471,477,460,447,448,454,474,455,459,480,479,473,472,463,465,462,28,458,387,383,470
8592,KILLED,186,188,190,185,456,457,481,467,469,461,451,471,477,460,447,448,454,474,455,459,480,479,473,472,463,465,462,28,458,387,383,470
8593,KILLED,186,188,190,185,456,457,481,467,469,461,451,471,477,460,447,448,454,474,455,459,480,479,473,472,463,465,462,28,458,387,383,470
8594,KILLED,186,188,190,185,456,457,481,467,469,461,451,471,477,460,447,448,454,474,455,459,480,479,473,472,463,465,462,28,458,387,383,470
8595,KILLED,186,188,190,185,456,457,481,467,469,461,451,471,477,460,447,448,454,474,455,459,480,479,473,472,463,465,462,28,458,387,383,470
8596,KILLED,186,188,190,185,461,451,471,477,460,447,448,454,474,455,459,480,479,473,472,463,465,462,28,458,387,383,470
8597,KILLED,186,188,190,185,467,469,461,451,471,477,460,447,448,454,474,455,459,480,479,473,472,463,465,462,352,28,458,387,383,470
8598,KILLED,186,188,190,185,461,451,471,477,460,447,448,454,474,455,459,480,479,473,472,463,465,462,28,458,387,383,470
8599,SURVIVED
8600,KILLED,186,188,190,185,461,451,471,477,447,448,454,455,459,462,28,387,383,470
8601,KILLED,186,188,190,185,461,451,471,477,447,448,454,459,462,28,387
8602,KILLED,185,461,451,471,477,447,448,454,459,462,28,387
8603,KILLED,185,461,451,471,477,447,448,454,459,462,28,387
8604,KILLED,185,461,451,471,477,447,448,454,459,462,28,387
8605,KILLED,185,461,451,471,477,447,448,454,459,462,28,387
8606,KILLED,185,461,451,471,477,447,448,454,459,462,28,387
8607,KILLED,185,461,451,471,477,447,448,454,455,459,462,28,387,383,470
8608,KILLED,185,461,474,455,459,480,479,473,472,463,465,462,28,458,470
8609,KILLED,186,188,190,185,461,460,474,455,459,480,479,473,472,463,465,462,28,458,383,470
8610,SURVIVED
8611,KILLED,186,188,190,185,456,457,481,467,469,461,451,471,477,460,447,448,454,474,455,459,480,479,473,472,463,465,462,352,28,458,387,383,470
8612,KILLED,186,188,190,185,456,457,481,467,469,461,451,471,477,460,447,448,454,474,455,459,480,479,473,472,463,465,462,352,28,458,387,383,470
8613,KILLED,186,188,190,185,456,457,481,467,469,461,451,471,477,460,447,448,454,474,455,459,480,479,473,472,463,465,462,352,28,458,387,383,470
8614,KILLED,186,188,190,185,456,457,481,467,469,461,451,471,477,460,447,448,454,474,455,459,480,479,473,472,463,465,462,352,28,458,387,383,470
8615,KILLED,186,188,190,185,456,457,481,467,469,461,451,471,477,460,447,448,454,474,455,459,480,479,473,472,463,465,462,352,28,458,387,383,470
8616,KILLED,186,188,190,185,456,457,481,467,469,461,451,471,477,460,447,448,454,474,455,459,480,479,473,472,463,465,462,352,28,458,387,383,470
8617,KILLED,186,188,190,185,456,457,481,467,469,461,451,471,477,460,447,448,454,474,455,459,480,479,473,472,463,465,462,352,28,458,387,383,470
8618,KILLED,186,188,190,185,456,457,481,467,469,461,451,471,477,460,447,448,454,474,455,459,480,479,473,472,463,465,462,352,28,458,387,383,470
8619,KILLED,186,188,190,185,456,457,481,467,469,461,451,471,477,460,447,448,454,474,455,459,480,479,473,472,463,465,462,352,28,458,387,383,470
8620,KILLED,186,188,190,185,456,457,481,467,469,461,451,471,477,460,447,448,454,474,455,459,480,479,473,472,463,465,462,352,28,458,387,383,470
8621,KILLED,186,188,190,185,456,457,481,467,469,461,451,471,477,460,447,448,454,474,455,459,480,479,473,472,463,465,462,352,28,458,387,383,470
8622,KILLED,186,188,190,185,456,457,481,467,469,461,451,471,477,460,447,448,454,474,455,459,480,479,473,472,463,465,462,352,28,458,387,383,470
8623,KILLED,186,188,190,185,456,457,481,467,469,461,451,471,477,460,447,448,454,474,455,459,480,479,473,472,463,465,462,352,28,458,387,383,470
8624,KILLED,185
8625,KILLED,185
8626,KILLED,186,188,190,185,461,460,474,455,459,480,479,473,472,463,465,462,28,458,383,470
8627,SURVIVED
8628,KILLED,186,188,190,185,468,466,464,450,261,456,457,481,449,347,467,469,461,451,471,477,460,447,448,454,474,455,459,480,479,473,472,463,465,462,352,258,28,458,387,383,470
8629,KILLED,186,188,190,185,468,466,464,450,261,456,457,481,449,347,467,469,461,451,471,477,460,447,448,454,474,455,459,480,479,473,472,463,465,462,352,258,28,458,387,383,470
8630,KILLED,186,188,190,185,461,460,474,455,459,480,479,473,472,463,465,462,28,458,383,470
8631,KILLED,186,188,190,185,468,466,464,450,261,456,457,481,449,347,467,469,461,451,471,477,460,447,448,454,474,455,459,480,479,473,472,463,465,462,352,258,28,458,387,383,470
8632,KILLED,186,188,190,185,467,469,461,451,471,477,460,447,448,454,474,455,459,480,479,473,472,463,465,462,352,28,458,387,383,470
8633,TIMED_OUT
8634,KILLED,474,473
8635,KILLED,186,188,190,185,456,457,481,467,469,461,451,471,477,460,447,448,454,474,455,459,480,479,473,472,463,465,462,352,28,458,387,383,470
8636,SURVIVED
8637,KILLED,473
8638,SURVIVED
8639,KILLED,473
8640,KILLED,473
8641,KILLED,473
8642,KILLED,474,473
8643,KILLED,473
8644,KILLED,185,456,457,481,451,447,448,454,474,455,459,480,479,473,472,463,465,462,352,28,458,387,383,470
8645,KILLED,185,456,457,481,451,447,448,454,474,455,459,480,479,473,472,463,465,462,352,28,458,387,383,470
8646,KILLED,467,469,474,473
8647,KILLED,185,456,457,481,451,447,448,454,474,455,459,480,479,473,472,463,465,462,352,28,458,387,383,470
8648,KILLED,185,456,457,481,451,447,448,454,474,455,459,480,479,473,472,463,465,462,352,28,458,387,383,470
8649,KILLED,474,473
8650,KILLED,186,188,190,185,456,457,481,467,469,461,451,471,477,460,447,448,454,474,455,459,480,479,473,472,463,465,462,352,28,458,387,383,470
8651,KILLED,474,473
8652,KILLED,467,469
8653,KILLED,185,456,457,481,451,447,448,454,474,455,459,480,479,473,472,463,465,462,352,28,458,387,383,470
8654,KILLED,473
8655,KILLED,474
8656,KILLED,185,456,457,481,451,447,448,454,474,455,459,480,479,473,472,463,465,462,352,28,458,387,383,470
8657,KILLED,474,473
8658,KILLED,186,188,190,185,456,457,481,467,469,461,451,471,477,460,447,448,454,474,455,459,480,479,473,472,463,465,462,352,28,458,387,383,470
8659,SURVIVED
8660,KILLED,88,87,252,292,250,251,249,248,350,363,374,378,362,385,373,379,380,369,375
8661,SURVIVED
8662,SURVIVED
8663,SURVIVED
8664,SURVIVED
8665,KILLED,88,87,252,292,250,251,249,248,350,363,374,378,362,385,373,379,380,369,375
8666,KILLED,88,87,252,250,251,249,248,350,363,374,378,362,385,373,379,380,369,375
8667,KILLED,88,87,252,250,251,249,248,350,363,374,378,362,385,373,379,380,369,375
8668,KILLED,88,87,252,292,250,251,249,248,350,363,374,378,362,385,373,379,380,369,375
8669,SURVIVED
8670,SURVIVED
8671,SURVIVED
8672,KILLED,88,87,292,248,363,374,378,362,385,373,379,380,369,375
8673,SURVIVED
8674,KILLED,88,87,252,292,250,251,249,248,350,363,374,378,362,385,373,379,380,369,375
8675,KILLED,88,87,252,292,250,251,249,248,350,363,374,378,362,385,373,379,380,369,375
8676,KILLED,88,87,252,250,251,249,248,350,363,374,378,362,385,373,379,380,369,375
8677,KILLED,88,87,252,292,250,251,249,248,398,350,363,374,378,362,385,373,379,380,369,375
8678,KILLED,88,87,292,248,363,374,378,362,385,373,379,380,369,375
8679,KILLED,88,87,252,292,250,251,249,248,350,363,374,378,362,385,373,379,380,369,375
8680,NO_COVERAGE
8681,NO_COVERAGE
8682,NO_COVERAGE
8683,NO_COVERAGE
8684,NO_COVERAGE
8685,NO_COVERAGE
8686,NO_COVERAGE
8687,NO_COVERAGE
8688,NO_COVERAGE
8689,SURVIVED
8690,SURVIVED
8691,SURVIVED
8692,SURVIVED
8693,SURVIVED
8694,SURVIVED
8695,TIMED_OUT
8696,SURVIVED
8697,SURVIVED
8698,TIMED_OUT
8699,KILLED,88,292,363,374,385,373,380,369
8700,SURVIVED
8701,TIMED_OUT
8702,NO_COVERAGE
8703,KILLED,88,87,252,292,250,251,249,248,350,363,374,378,362,385,373,379,380,369,375
8704,SURVIVED
8705,KILLED,88,87,252,292,250,251,249,248,350,363,374,378,362,385,373,379,380,369,375
8706,KILLED,88,87,252,292,250,251,249,248,350,363,374,378,362,385,373,379,380,369,375
8707,KILLED,88,87,252,250,251,249,248,350,363,374,378,362,385,373,379,380,369,375
8708,NO_COVERAGE
8709,NO_COVERAGE
8710,KILLED,88,87,252,292,250,251,249,248,350,363,374,378,362,385,373,379,380,369,375
8711,KILLED,292
8712,SURVIVED
8713,NO_COVERAGE
8714,KILLED,292
8715,KILLED,292
8716,KILLED,292
8717,KILLED,88,87,252,250,251,249,248,350,363,374,378,362,385,373,379,380,369,375
8718,KILLED,88,87,252,250,251,249,248,350,363,374,378,362,385,373,379,380,369,375
8719,KILLED,88,248,350,363,374,378,362,385,373,379,380,369,375
8720,SURVIVED
8721,KILLED,88,87,292,248,363,374,378,362,385,373,379,380,369,375
8722,KILLED,88,87,292,248,363,374,378,362,385,373,379,380,369,375
8723,KILLED,87
8724,SURVIVED
8725,KILLED,88,292,363,374,385,373,380,369
8726,KILLED,88,87,252,292,250,251,249,248,350,363,374,378,362,385,373,379,380,369,375
8727,KILLED,88,87,252,292,250,251,249,248,350,363,374,378,362,385,373,379,380,369,375
8728,KILLED,88,252,250,251,249,248,350,363,374,378,362,385,373,379,380,369,375
8729,KILLED,87
8730,NO_COVERAGE
8731,KILLED,88,87,252,292,250,251,249,248,350,363,374,378,362,385,373,379,380,369,375
8732,KILLED,88,87,252,292,250,251,249,248,350,363,374,378,362,385,373,379,380,369,375
8733,SURVIVED
8734,NO_COVERAGE
8735,KILLED,292
8736,KILLED,292
8737,KILLED,88,87,252,250,251,249,248,350,363,374,378,362,385,373,379,380,369,375
8738,KILLED,88,87,252,250,251,249,248,350,363,374,378,362,385,373,379,380,369,375
8739,KILLED,88,252,250,251,249,248,350,363,374,378,362,385,373,379,380,369,375
8740,KILLED,88,252,250,251,249,248,350,363,374,378,362,385,373,379,380,369,375
8741,KILLED,87
8742,KILLED,87
8743,NO_COVERAGE
8744,NO_COVERAGE
8745,NO_COVERAGE
8746,NO_COVERAGE
8747,NO_COVERAGE
8748,NO_COVERAGE
8749,NO_COVERAGE
8750,NO_COVERAGE
8751,KILLED,88,87,252,292,250,251,249,248,350,363,374,378,362,385,373,379,380,369,375
8752,KILLED,88,87,292,248,363,374,378,362,385,373,379,380,369,375
8753,KILLED,88,292,363,374,385,373,380,369
8754,SURVIVED
8755,KILLED,292
8756,KILLED,88,252,250,251,249,248,350,363,374,378,362,385,373,379,380,369,375
8757,KILLED,87
8758,NO_COVERAGE
8759,KILLED,88,87,292,248,363,374,378,362,385,373,379,380,369,375
8760,SURVIVED
8761,KILLED,88,87,252,292,250,251,249,248,350,363,374,378,362,385,373,379,380,369,375
8762,KILLED,88,87,252,250,251,249,248,350,363,374,378,362,385,373,379,380,369,375
8763,SURVIVED
8764,SURVIVED
8765,NO_COVERAGE
8766,KILLED,88,87,252,292,250,251,249,248,350,363,374,378,362,385,373,379,380,369,375
8767,KILLED,88,87,292,248,363,374,378,362,385,373,379,380,369,375
8768,KILLED,88,87,252,292,250,251,249,248,350,363,374,378,362,385,373,379,380,369,375
8769,SURVIVED
8770,KILLED,88,292,363,374,385,373,380,369
8771,KILLED,88,87,252,250,251,249,248,350,363,374,378,362,385,373,379,380,369,375
8772,SURVIVED
8773,NO_COVERAGE
8774,KILLED,292
8775,KILLED,88,252,250,251,249,248,350,363,374,378,362,385,373,379,380,369,375
8776,KILLED,87
8777,NO_COVERAGE
8778,KILLED,87,248,374,378,362,385,373,379,380,369,375
8779,KILLED,87,248,374,378,362,385,373,379,380,369,375
8780,KILLED,87
8781,SURVIVED
8782,KILLED,88,87,248,350,363,374,378,362,385,373,379,380,369,375
8783,KILLED,88,87,292,248,350,363,374,378,362,385,373,379,380,369,375
8784,SURVIVED
8785,SURVIVED
8786,NO_COVERAGE
8787,SURVIVED
8788,SURVIVED
8789,SURVIVED
8790,SURVIVED
8791,SURVIVED
8792,NO_COVERAGE
8793,SURVIVED
8794,SURVIVED
8795,SURVIVED
8796,SURVIVED
8797,SURVIVED
8798,NO_COVERAGE
8799,KILLED,393,398,363,374,378,362,385,373,379,380,369,375
8800,KILLED,393,398,363,374,378,362,385,373,379,380,369,375
8801,KILLED,160,161,133,396,162,393,383,159,128,397
8802,KILLED,393,398,363,374,378,362,385,373,379,380,369,375
8803,KILLED,393,398,363,374,378,362,385,373,379,380,369,375
8804,NO_COVERAGE
8805,KILLED,393,398,363,374,378,362,385,373,379,380,369,375
8806,KILLED,393,398,363,374,378,362,385,373,379,380,369,375
8807,NO_COVERAGE
8808,KILLED,393,398,363,374,378,362,385,373,379,380,369,375
8809,KILLED,393,398,363,374,378,362,385,373,379,380,369,375
8810,NO_COVERAGE
8811,KILLED,393,398,363,374,378,362,385,373,379,380,369,375
8812,KILLED,393,398,363,374,378,362,385,373,379,380,369,375
8813,NO_COVERAGE
8814,KILLED,398,363,374,378,362,385,373,379,380,369,375
8815,KILLED,398,363,374,378,362,385,373,379,380,369,375
8816,KILLED,398,363,374,378,362,385,373,379,380,369,375
8817,KILLED,393
8818,KILLED,393
8819,KILLED,393
8820,NO_COVERAGE
8821,NO_COVERAGE
8822,NO_COVERAGE
8823,NO_COVERAGE
8824,SURVIVED
8825,SURVIVED
8826,KILLED,393,398,363,374,378,362,385,373,379,380,369,375
8827,SURVIVED
8828,SURVIVED
8829,SURVIVED
8830,SURVIVED
8831,KILLED,393,398,363,374,378,362,385,373,379,380,369,375
8832,KILLED,393,398,363,374,378,362,385,373,379,380,369,375
8833,KILLED,393,398,363,374,378,362,385,373,379,380,369,375
8834,KILLED,393,398,363,374,378,362,385,373,379,380,369,375
8835,KILLED,393,398,363,374,378,362,385,373,379,380,369,375
8836,KILLED,398,363,374,378,362,385,373,379,380,369,375
8837,KILLED,393
8838,NO_COVERAGE
8839,SURVIVED
8840,SURVIVED
8841,SURVIVED
8842,SURVIVED
8843,SURVIVED
8844,SURVIVED
8845,SURVIVED
8846,SURVIVED
8847,SURVIVED
8848,KILLED,398,363,374,378,362,385,373,379,380,369,375
8849,KILLED,393
8850,NO_COVERAGE
8851,SURVIVED
8852,SURVIVED
8853,SURVIVED
8854,SURVIVED
8855,KILLED,393,398,363,374,378,362,385,373,379,380,369,375
8856,KILLED,393,398,363,374,378,362,385,373,379,380,369,375
8857,KILLED,393,398,363,374,378,362,385,373,379,380,369,375
8858,KILLED,393,398,363,374,378,362,385,373,379,380,369,375
8859,KILLED,393,398,363,374,378,362,385,373,379,380,369,375
8860,SURVIVED
8861,SURVIVED
8862,NO_COVERAGE
8863,SURVIVED
8864,KILLED,393,398,363,374,378,362,385,373,379,380,369,375
8865,NO_COVERAGE
8866,NO_COVERAGE
8867,NO_COVERAGE
8868,KILLED,160,161,133,396,162,393,383,159,128,397
8869,NO_COVERAGE
8870,NO_COVERAGE
8871,NO_COVERAGE
8872,NO_COVERAGE
8873,KILLED,398,363,374,378,362,385,373,379,380,369,375
8874,KILLED,393
8875,NO_COVERAGE
8876,NO_COVERAGE
8877,KILLED,87,350
8878,KILLED,88,87,292,248,363,374,378,362,385,373,379,380,369,375
8879,KILLED,88,87,292,248,350,363,374,378,362,385,373,379,380,369,375
8880,SURVIVED
8881,KILLED,88,87,292,248,350,363,374,378,362,385,373,379,380,369,375
8882,SURVIVED
8883,KILLED,87
8884,NO_COVERAGE
8885,NO_COVERAGE
8886,NO_COVERAGE
8887,KILLED,87
8888,NO_COVERAGE
8889,TIMED_OUT
8890,KILLED,87,248,363,374,378,362,385,373,379,380,369,375
8891,SURVIVED
8892,KILLED,87,350
8893,NO_COVERAGE
8894,KILLED,87
8895,KILLED,87
8896,KILLED,87
8897,SURVIVED
8898,KILLED,350
8899,KILLED,87
8900,KILLED,87
8901,KILLED,88,87,292,248,350,363,374,378,362,385,373,379,380,369,375
8902,KILLED,88,87,292,248,350,363,374,378,362,385,373,379,380,369,375
8903,KILLED,88,87,292,248,350,363,374,378,362,385,373,379,380,369,375
8904,KILLED,88,87,292,248,350,363,374,378,362,385,373,379,380,369,375
8905,TIMED_OUT
8906,KILLED,88,87,292,248,363,374,378,362,385,373,379,380,369,375
8907,KILLED,88,87,292,248,363,374,378,362,385,373,379,380,369,375
8908,KILLED,88,87,292,248,363,374,378,362,385,373,379,380,369,375
8909,KILLED,292
8910,KILLED,87
8911,KILLED,88,87,292,248,363,374,378,362,385,373,379,380,369,375
8912,KILLED,87
8913,KILLED,87
8914,KILLED,88,87,292,248,363,374,378,362,385,373,379,380,369,375
8915,KILLED,87,248,363,374,378,362,385,373,379,380,369,375
8916,SURVIVED
8917,KILLED,87
8918,NO_COVERAGE
8919,NO_COVERAGE
8920,NO_COVERAGE
8921,NO_COVERAGE
8922,TIMED_OUT
8923,TIMED_OUT
8924,TIMED_OUT
8925,KILLED,87
8926,SURVIVED
8927,KILLED,88,87,292,248,363,374,378,362,385,373,379,380,369,375
8928,KILLED,87,248,363,374,378,362,385,373,379,380,369,375
8929,TIMED_OUT
8930,SURVIVED
8931,SURVIVED
8932,KILLED,87
8933,TIMED_OUT
8934,SURVIVED
8935,KILLED,88,87,292,248,363,374,378,362,385,373,379,380,369,375
8936,KILLED,88,87,292,248,363,374,378,362,385,373,379,380,369,375
8937,KILLED,292
8938,KILLED,87
8939,SURVIVED
8940,KILLED,88,87,292,248,350,363,374,378,362,385,373,379,380,369,375
8941,KILLED,88,87,292,248,350,363,374,378,362,385,373,379,380,369,375
8942,SURVIVED
8943,SURVIVED
8944,KILLED,87
8945,SURVIVED
8946,SURVIVED
8947,KILLED,88,87,292,248,350,363,374,378,362,385,373,379,380,369,375
8948,KILLED,88,87,292,248,363,374,378,362,385,373,379,380,369,375
8949,KILLED,87
8950,NO_COVERAGE
8951,TIMED_OUT
8952,KILLED,87,350
8953,NO_COVERAGE
8954,KILLED,248,350,363,374,378,362,385,373,379,380,369,375
8955,SURVIVED
8956,KILLED,87,248,363,374,378,362,385,373,379,380,369,375
8957,KILLED,87,248,363,374,378,362,385,373,379,380,369,375
8958,KILLED,87
8959,KILLED,88,87,292,248,350,363,374,378,362,385,373,379,380,369,375
8960,TIMED_OUT
8961,KILLED,88,87,252,250,251,249,248,350,363,374,378,362,385,373,379,380,369,375
8962,KILLED,88,87,252,250,251,249,248,350,363,374,378,362,385,373,379,380,369,375
8963,KILLED,88,87,252,250,251,249,248,350,363,374,378,362,385,373,379,380,369,375
8964,KILLED,88,87,252,250,251,249,248,350,363,374,378,362,385,373,379,380,369,375
8965,KILLED,88,87,252,250,251,249,248,350,363,374,378,362,385,373,379,380,369,375
8966,KILLED,88,87,252,250,251,249,248,363,374,378,362,385,373,379,380,369,375
8967,KILLED,292
8968,KILLED,292
8969,KILLED,292
8970,KILLED,292
8971,KILLED,292
8972,KILLED,88,87,252,292,250,251,249,248,363,374,378,362,385,373,379,380,369,375
8973,KILLED,88,87,252,292,250,251,249,248,363,374,378,362,385,373,379,380,369,375
8974,KILLED,88,87,252,292,250,251,249,248,350,363,374,378,362,385,373,379,380,369,375
8975,KILLED,88,87,252,292,250,251,249,248,363,374,378,362,385,373,379,380,369,375
8976,KILLED,88,87,252,292,250,251,249,248,363,374,378,362,385,373,379,380,369,375
8977,KILLED,88,87,292,248,363,374,378,362,385,373,379,380,369,375
8978,KILLED,88,87,252,292,250,251,249,248,350,363,374,378,362,385,373,379,380,369,375
8979,KILLED,88,87,252,292,250,251,249,248,350,363,374,378,362,385,373,379,380,369,375
8980,KILLED,88,87,252,292,250,251,249,248,350,363,374,378,362,385,373,379,380,369,375
8981,KILLED,88,87,252,292,250,251,249,248,350,363,374,378,362,385,373,379,380,369,375
8982,NO_COVERAGE
8983,KILLED,88,87,252,292,250,251,249,248,350,363,374,378,362,385,373,379,380,369,375
8984,KILLED,88,87,252,292,250,251,249,248,350,363,374,378,362,385,373,379,380,369,375
8985,SURVIVED
8986,KILLED,88,87,252,292,250,251,249,248,350,363,374,378,362,385,373,379,380,369,375
8987,KILLED,88,87,292,248,350,363,374,378,362,385,373,379,380,369,375
8988,SURVIVED
8989,KILLED,88
8990,SURVIVED
8991,KILLED,87
8992,KILLED,88,252,250,251,249,248,350,363,374,378,362,385,373,379,380,369,375
8993,NO_COVERAGE
8994,NO_COVERAGE
8995,KILLED,87
8996,KILLED,88,252,250,251,249,248,350,363,374,378,362,385,373,379,380,369,375
8997,KILLED,88,87,252,250,251,249,248,350,363,374,378,362,385,373,379,380,369,375
8998,SURVIVED
8999,KILLED,88,87,252,250,251,249,248,350,363,374,378,362,385,373,379,380,369,375
9000,KILLED,374,378,362,385,373,379,380,369,375
9001,KILLED,88,87,248,363,374,378,362,385,373,379,380,369,375
9002,KILLED,88,87,252,250,251,249,248,350,363,374,378,362,385,373,379,380,369,375
9003,SURVIVED
9004,KILLED,88,87,252,250,251,249,248,350,363,374,378,362,385,373,379,380,369,375
9005,SURVIVED
9006,KILLED,88,87,252,250,251,249,248,350,363,374,378,362,385,373,379,380,369,375
9007,SURVIVED
9008,KILLED,88,87,252,250,251,249,248,350,363,374,378,362,385,373,379,380,369,375
9009,KILLED,252,250,251,249
9010,KILLED,88,87,252,250,251,249,248,350,363,374,378,362,385,373,379,380,369,375
9011,KILLED,87,248,363,374,378,362,385,373,379,380,369,375
9012,KILLED,88,87,252,250,251,249,248,350,363,374,378,362,385,373,379,380,369,375
9013,SURVIVED
9014,KILLED,88,87,252,250,251,249,248,350,363,374,378,362,385,373,379,380,369,375
9015,SURVIVED
9016,KILLED,88,87,252,250,251,249,248,350,363,374,378,362,385,373,379,380,369,375
9017,SURVIVED
9018,KILLED,88,87,252,250,251,249,248,350,363,374,378,362,385,373,379,380,369,375
9019,SURVIVED
9020,KILLED,88,87,252,250,251,249,248,350,363,374,378,362,385,373,379,380,369,375
9021,KILLED,88,374,378,362,385,373,379,380,369,375
9022,KILLED,88,87,252,250,251,249,248,350,363,374,378,362,385,373,379,380,369,375
9023,KILLED,87
9024,SURVIVED
9025,KILLED,88,248,350,363,374,378,362,385,373,379,380,369,375
9026,KILLED,88,87,250,251,248,363,374,378,362,385,373,379,380,369,375
9027,KILLED,88,87,252,250,251,249,248,350,363,374,378,362,385,373,379,380,369,375
9028,KILLED,88,87,248,363,374,378,362,385,373,379,380,369,375
9029,KILLED,88,87,252,250,251,249,248,350,363,374,378,362,385,373,379,380,369,375
9030,KILLED,88,87,252,250,251,249,248,350,363,374,378,362,385,373,379,380,369,375
9031,KILLED,250,251
9032,KILLED,88,87,252,250,251,249,248,350,363,374,378,362,385,373,379,380,369,375
9033,KILLED,88,87,252,250,251,249,248,350,363,374,378,362,385,373,379,380,369,375
9034,KILLED,88,87,252,250,251,249,248,350,363,374,378,362,385,373,379,380,369,375
9035,KILLED,88,87,252,250,251,249,248,350,363,374,378,362,385,373,379,380,369,375
9036,KILLED,88,87,252,250,251,249,248,350,363,374,378,362,385,373,379,380,369,375
9037,KILLED,88,87,252,250,251,249,248,350,363,374,378,362,385,373,379,380,369,375
9038,KILLED,88,87,252,250,251,249,248,350,363,374,378,362,385,373,379,380,369,375
9039,KILLED,88,87,252,250,251,249,248,350,363,374,378,362,385,373,379,380,369,375
9040,KILLED,88,87,252,250,251,249,248,350,363,374,378,362,385,373,379,380,369,375
9041,KILLED,88,87,252,250,251,249,248,350,363,374,378,362,385,373,379,380,369,375
9042,KILLED,88,87,252,250,251,249,248,363,374,378,362,385,373,379,380,369,375
9043,KILLED,88,87,252,250,251,249,248,350,363,374,378,362,385,373,379,380,369,375
9044,KILLED,88,87,252,250,251,249,248,350,363,374,378,362,385,373,379,380,369,375
9045,KILLED,88,87,248,363,374,378,362,385,373,379,380,369,375
9046,NO_COVERAGE
9047,NO_COVERAGE
9048,NO_COVERAGE
9049,NO_COVERAGE
9050,NO_COVERAGE
9051,NO_COVERAGE
9052,KILLED,87,363,374,378,362,385,373,379,380,369,375
9053,SURVIVED
9054,KILLED,250,251
9055,SURVIVED
9056,SURVIVED
9057,KILLED,88,248,350,363,374,378,362,385,373,379,380,369,375
9058,KILLED,88,87,248,363,374,378,362,385,373,379,380,369,375
9059,KILLED,88,87,252,250,251,249,248,350,363,374,378,362,385,373,379,380,369,375
9060,KILLED,88,87,248,363,374,378,362,385,373,379,380,369,375
9061,KILLED,88,87,252,250,251,249,248,350,363,374,378,362,385,373,379,380,369,375
9062,SURVIVED
9063,KILLED,250,251
9064,SURVIVED
9065,SURVIVED
9066,SURVIVED
9067,KILLED,252,250,251,249
9068,KILLED,88,87,252,249,248,350,363,374,378,362,385,373,379,380,369,375
9069,SURVIVED
9070,SURVIVED
9071,SURVIVED
9072,SURVIVED
9073,KILLED,87
9074,KILLED,88,87,252,250,251,249,248,350,363,374,378,362,385,373,379,380,369,375
9075,KILLED,87,363,374,378,362,385,373,379,380,369,375
9076,NO_COVERAGE
9077,NO_COVERAGE
9078,NO_COVERAGE
9079,NO_COVERAGE
9080,NO_COVERAGE
9081,NO_COVERAGE
9082,NO_COVERAGE
9083,NO_COVERAGE
9084,NO_COVERAGE
9085,NO_COVERAGE
9086,NO_COVERAGE
9087,NO_COVERAGE
9088,NO_COVERAGE
9089,NO_COVERAGE
9090,NO_COVERAGE
9091,NO_COVERAGE
9092,NO_COVERAGE
9093,NO_COVERAGE
9094,NO_COVERAGE
9095,NO_COVERAGE
9096,NO_COVERAGE
9097,NO_COVERAGE
9098,NO_COVERAGE
9099,NO_COVERAGE
9100,NO_COVERAGE
9101,NO_COVERAGE
9102,NO_COVERAGE
9103,NO_COVERAGE
9104,NO_COVERAGE
9105,NO_COVERAGE
9106,NO_COVERAGE
9107,NO_COVERAGE
9108,NO_COVERAGE
9109,NO_COVERAGE
9110,NO_COVERAGE
9111,NO_COVERAGE
9112,NO_COVERAGE
9113,NO_COVERAGE
9114,NO_COVERAGE
9115,NO_COVERAGE
9116,NO_COVERAGE
9117,NO_COVERAGE
9118,NO_COVERAGE
9119,NO_COVERAGE
9120,NO_COVERAGE
9121,NO_COVERAGE
9122,NO_COVERAGE
9123,NO_COVERAGE
9124,NO_COVERAGE
9125,NO_COVERAGE
9126,NO_COVERAGE
9127,NO_COVERAGE
9128,NO_COVERAGE
9129,NO_COVERAGE
9130,NO_COVERAGE
9131,NO_COVERAGE
9132,NO_COVERAGE
9133,NO_COVERAGE
9134,NO_COVERAGE
9135,NO_COVERAGE
9136,NO_COVERAGE
9137,NO_COVERAGE
9138,NO_COVERAGE
9139,NO_COVERAGE
9140,NO_COVERAGE
9141,NO_COVERAGE
9142,NO_COVERAGE
9143,NO_COVERAGE
9144,SURVIVED
9145,SURVIVED
9146,KILLED,292
9147,NO_COVERAGE
9148,NO_COVERAGE
9149,KILLED,292
9150,KILLED,292
9151,KILLED,292
9152,KILLED,292
9153,KILLED,292
9154,KILLED,292
9155,KILLED,292
9156,KILLED,292
9157,KILLED,292
9158,KILLED,292
9159,KILLED,292
9160,KILLED,292
9161,SURVIVED
9162,KILLED,292
9163,KILLED,292
9164,KILLED,292
9165,KILLED,292
9166,KILLED,292
9167,KILLED,292
9168,SURVIVED
9169,KILLED,292
9170,KILLED,292
9171,KILLED,292
9172,KILLED,292
9173,KILLED,292
9174,KILLED,292
9175,KILLED,292
9176,KILLED,292
9177,KILLED,292
9178,KILLED,292
9179,NO_COVERAGE
9180,NO_COVERAGE
9181,NO_COVERAGE
9182,NO_COVERAGE
9183,NO_COVERAGE
9184,NO_COVERAGE
9185,SURVIVED
9186,SURVIVED
9187,SURVIVED
9188,SURVIVED
9189,KILLED,292
9190,KILLED,292
9191,KILLED,292
9192,KILLED,292
9193,SURVIVED
9194,SURVIVED
9195,SURVIVED
9196,SURVIVED
9197,SURVIVED
9198,SURVIVED
9199,SURVIVED
9200,SURVIVED
9201,KILLED,292
9202,KILLED,292
9203,SURVIVED
9204,KILLED,87,248,363,374,378,362,385,373,379,380,369,375
9205,SURVIVED
9206,SURVIVED
9207,KILLED,87,248,363,374,378,362,385,373,379,380,369,375
9208,KILLED,87,248,363,374,378,362,385,373,379,380,369,375
9209,KILLED,87,248,363,374,378,362,385,373,379,380,369,375
9210,SURVIVED
9211,SURVIVED
9212,TIMED_OUT
9213,SURVIVED
9214,SURVIVED
9215,SURVIVED
9216,NO_COVERAGE
9217,SURVIVED
9218,SURVIVED
9219,SURVIVED
9220,KILLED,88,87,292,248,363,374,378,362,385,373,379,380,369,375
9221,KILLED,88,87,292,248,363,374,378,362,385,373,379,380,369,375
9222,SURVIVED
9223,KILLED,88,292,363,374,385,373,380,369
9224,KILLED,88,292,363,374,385,373,380,369
9225,KILLED,88,87,292,248,363,374,378,362,385,373,379,380,369,375
9226,KILLED,88,292,363,374,385,373,380,369
9227,KILLED,88,87,292,248,363,374,378,362,385,373,379,380,369,375
9228,TIMED_OUT
9229,KILLED,88,292,363,374,385,373,380,369
9230,TIMED_OUT
9231,KILLED,88,87,292,248,363,374,378,362,385,373,379,380,369,375
9232,KILLED,374,385,373,380,369
9233,SURVIVED
9234,KILLED,88,292,363,374,385,373,380,369
9235,KILLED,88,87,292,248,363,374,378,362,385,373,379,380,369,375
9236,KILLED,88,87,292,248,363,374,378,362,385,373,379,380,369,375
9237,SURVIVED
9238,SURVIVED
9239,SURVIVED
9240,SURVIVED
9241,SURVIVED
9242,SURVIVED
9243,SURVIVED
9244,TIMED_OUT
9245,SURVIVED
9246,SURVIVED
9247,SURVIVED
9248,SURVIVED
9249,SURVIVED
9250,SURVIVED
9251,SURVIVED
9252,NO_COVERAGE
9253,SURVIVED
9254,SURVIVED
9255,TIMED_OUT
9256,SURVIVED
9257,SURVIVED
9258,SURVIVED
9259,SURVIVED
9260,SURVIVED
9261,TIMED_OUT
9262,SURVIVED
9263,SURVIVED
9264,SURVIVED
9265,KILLED,466,474,480,479,473,472,463,185,387
9266,KILLED,470
9267,KILLED,475,468,466,464,456,457,481,467,469,461,471,477,460,474,455,459,480,479,473,472,463,465,462,458,450,261,449,347,451,447,448,454,185,352,258,28,387,383,470
9268,SURVIVED
9269,KILLED,475,468
9270,SURVIVED
9271,KILLED,475,261
9272,KILLED,476,478,475,468,466,464,456,457,481,467,469,461,471,477,460,474,455,459,480,479,473,472,463,465,462,458,450,261,449,347,451,447,448,454,185,352,258,28,387,383,470
9273,SURVIVED
9274,KILLED,456,457,481,474,455,459,480,479,473,472,463,465,462,458,185,28,470
9275,TIMED_OUT
9276,KILLED,468,466,464,456,457,481,467,469,461,471,477,460,474,455,459,480,479,473,472,463,465,462,458,450,261,449,347,451,447,448,454,185,352,258,28,387,383,470
9277,SURVIVED
9278,SURVIVED
9279,SURVIVED
9280,SURVIVED
9281,SURVIVED
9282,SURVIVED
9283,KILLED,475,468,466,464,456,457,481,467,469,461,471,477,460,474,455,459,480,479,473,472,463,465,462,458,450,261,449,347,451,447,448,454,185,352,258,28,387,383,470
9284,KILLED,468,466,464,456,457,481,467,469,461,471,477,460,474,455,459,480,479,473,472,463,465,462,458,450,261,449,347,451,447,448,454,185,352,258,28,387,383,470
9285,SURVIVED
9286,KILLED,466,464,456,457,481,474,455,459,480,479,473,472,463,465,462,458,450,261,449,347,447,454,185,352,28,387,383,470
9287,KILLED,475,468,466,464,456,457,481,467,469,461,471,477,460,474,455,459,480,479,473,472,463,465,462,458,450,261,449,347,451,447,448,454,185,352,258,28,387,383,470
9288,KILLED,475,468,466,464,456,457,481,467,469,461,471,477,460,474,455,459,480,479,473,472,463,465,462,458,450,261,449,347,451,447,448,454,185,352,258,28,387,383,470
9289,KILLED,475,466,464,456,457,481,461,471,477,460,455,459,480,479,472,463,465,462,458,450,261,449,347,451,447,448,454,185,352,28,387,383,470
9290,NO_COVERAGE
9291,SURVIVED
9292,KILLED,456,457,481,455,459,465,462,458,28
9293,KILLED,474,473
9294,KILLED,474,473
9295,SURVIVED
9296,KILLED,474,473
9297,KILLED,474,473
9298,KILLED,474,473
9299,KILLED,474,473
9300,KILLED,474,473
9301,KILLED,474,473
9302,KILLED,473
9303,KILLED,474
9304,KILLED,474,473
9305,KILLED,473
9306,SURVIVED
9307,KILLED,474
9308,SURVIVED
9309,SURVIVED
9310,SURVIVED
9311,SURVIVED
9312,SURVIVED
9313,KILLED,474,473
9314,KILLED,473
9315,SURVIVED
9316,KILLED,474,473
9317,KILLED,474
9318,SURVIVED
9319,SURVIVED
9320,SURVIVED
9321,SURVIVED
9322,KILLED,473
9323,SURVIVED
9324,KILLED,474
9325,SURVIVED
9326,SURVIVED
9327,SURVIVED
9328,SURVIVED
9329,SURVIVED
9330,KILLED,466,261,352,387,383
9331,SURVIVED
9332,KILLED,466,261
9333,SURVIVED
9334,KILLED,261,352,387,383
9335,SURVIVED
9336,KILLED,466,261
9337,SURVIVED
9338,SURVIVED
9339,KILLED,185
9340,KILLED,466,464,456,457,481,474,455,459,480,479,473,472,463,465,462,458,450,261,449,347,447,454,185,352,28,387,383,470
9341,KILLED,466,464,456,457,481,461,471,477,460,474,455,459,480,479,473,472,463,465,462,458,450,261,449,347,451,447,448,454,185,352,28,387,383,470
9342,NO_COVERAGE
9343,KILLED,261
9344,NO_COVERAGE
9345,NO_COVERAGE
9346,KILLED,466,464,456,457,481,474,455,459,480,479,473,472,463,465,462,458,450,261,449,347,447,454,185,352,28,387,383,470
9347,SURVIVED
9348,SURVIVED
9349,KILLED,466,464,456,457,481,461,471,477,460,455,459,480,479,472,463,465,462,458,450,261,449,347,451,447,448,454,185,352,28,387,383,470
9350,KILLED,466,464,456,457,481,474,455,459,480,479,473,472,463,465,462,458,450,261,449,347,447,454,185,352,28,387,383,470
9351,KILLED,466,464,456,457,481,461,471,477,460,474,455,459,480,479,473,472,463,465,462,458,450,261,449,347,451,447,448,454,185,352,28,387,383,470
9352,KILLED,466,464,456,457,481,461,471,477,460,474,455,459,480,479,473,472,463,465,462,458,450,261,449,347,451,447,448,454,185,352,28,387,383,470
9353,KILLED,466,464,456,457,481,474,455,459,480,479,473,472,463,465,462,458,450,261,449,347,447,454,185,352,28,387,383,470
9354,SURVIVED
9355,KILLED,466,464,456,457,481,461,471,477,460,474,455,459,480,479,473,472,463,465,462,458,450,261,449,347,451,447,448,454,185,352,28,387,383,470
9356,NO_COVERAGE
9357,NO_COVERAGE
9358,NO_COVERAGE
9359,NO_COVERAGE
9360,NO_COVERAGE
9361,NO_COVERAGE
9362,NO_COVERAGE
9363,NO_COVERAGE
9364,SURVIVED
9365,KILLED,261
9366,KILLED,466,464,456,457,481,461,471,477,460,474,455,459,480,479,473,472,463,465,462,458,450,261,449,347,451,447,448,454,185,352,28,387,383,470
9367,KILLED,466,464,456,457,481,461,471,477,460,474,455,459,480,479,473,472,463,465,462,458,450,261,449,347,451,447,448,454,185,352,28,387,383,470
9368,KILLED,466,464,456,457,481,474,455,459,480,479,473,472,463,465,462,458,450,261,449,347,447,454,185,352,28,387,383,470
9369,SURVIVED
9370,SURVIVED
9371,KILLED,185
9372,KILLED,466,464,456,457,481,474,455,459,480,479,473,472,463,465,462,458,450,261,449,347,447,454,185,352,28,387,383,470
9373,KILLED,466,464,456,457,481,461,471,477,460,474,455,459,480,479,473,472,463,465,462,458,450,261,449,347,451,447,448,454,185,352,28,387,383,470
9374,KILLED,456,457,481,474,455,459,480,479,473,472,463,465,462,458,185,28,387,470
9375,KILLED,466,464,456,457,481,474,455,459,480,479,473,472,463,465,462,458,450,261,449,347,447,454,185,352,28,387,383,470
9376,SURVIVED
9377,KILLED,466,464,456,457,481,461,471,477,460,455,459,480,479,472,463,465,462,458,450,261,449,347,451,447,448,454,185,352,28,387,383,470
9378,TIMED_OUT
9379,NO_COVERAGE
9380,KILLED,261,352
9381,KILLED,261,352
9382,SURVIVED
9383,KILLED,261,352
9384,KILLED,261,352
9385,KILLED,468,466,464,456,457,481,461,471,477,460,455,459,480,479,472,463,465,462,458,450,261,449,347,451,447,448,454,185,352,258,28,387,383,470
9386,KILLED,468
9387,SURVIVED
9388,SURVIVED
9389,KILLED,468,466,464,456,457,481,461,471,477,460,455,459,480,479,472,463,465,462,458,450,261,449,347,451,447,448,454,185,352,258,28,387,383,470
9390,KILLED,468,466,464,456,457,481,461,471,477,460,474,455,459,480,479,473,472,463,465,462,458,450,261,449,347,451,447,448,454,185,352,258,28,387,383,470
9391,KILLED,468,466,464,456,457,481,461,471,477,460,474,455,459,480,479,473,472,463,465,462,458,450,261,449,347,451,447,448,454,185,352,258,28,387,383,470
9392,SURVIVED
9393,SURVIVED
9394,SURVIVED
9395,SURVIVED
9396,SURVIVED
9397,SURVIVED
9398,SURVIVED
9399,KILLED,468,466,464,456,457,481,461,471,477,460,474,455,459,480,479,473,472,463,465,462,458,450,261,449,347,451,447,448,454,185,352,258,28,387,383,470
9400,KILLED,468
9401,KILLED,475
9402,KILLED,468,466,464,456,457,481,461,471,477,460,474,455,459,480,479,473,472,463,465,462,458,450,261,449,347,451,447,448,454,185,352,258,28,387,383,470
9403,KILLED,468
9404,SURVIVED
9405,KILLED,475
9406,SURVIVED
9407,SURVIVED
9408,SURVIVED
9409,SURVIVED
9410,SURVIVED
9411,KILLED,468,466,464,456,457,481,461,471,477,460,455,459,480,479,472,463,465,462,458,261,347,451,447,448,454,185,352,258,28,387,383,470
9412,KILLED,468
9413,SURVIVED
9414,KILLED,468,466,464,456,457,481,461,471,477,460,455,459,480,479,472,463,465,462,458,450,261,449,347,451,447,448,454,185,352,258,28,387,383,470
9415,KILLED,475
9416,SURVIVED
9417,SURVIVED
9418,SURVIVED
9419,SURVIVED
9420,KILLED,468
9421,SURVIVED
9422,KILLED,475
9423,SURVIVED
9424,SURVIVED
9425,SURVIVED
9426,SURVIVED
9427,KILLED,261
9428,KILLED,467,469,474,473,261,258
9429,KILLED,261
9430,KILLED,475,466,464,456,457,481,461,471,477,460,455,459,480,479,472,463,465,462,458,450,261,449,347,451,447,448,454,185,352,28,387,383,470
9431,KILLED,475,466,464,456,457,481,461,471,477,460,455,459,480,479,472,463,465,462,458,450,261,449,347,451,447,448,454,185,352,258,28,387,383,470
9432,KILLED,261
9433,KILLED,261,258
9434,KILLED,475,466,464,456,457,481,461,471,477,460,455,459,480,479,472,463,465,462,458,450,261,449,347,451,447,448,454,185,352,28,387,383,470
9435,KILLED,475,466,464,456,457,481,461,471,477,460,455,459,480,479,472,463,465,462,458,450,261,449,347,451,447,448,454,185,352,28,387,383,470
9436,SURVIVED
9437,SURVIVED
9438,KILLED,466
9439,SURVIVED
9440,KILLED,261
9441,NO_COVERAGE
9442,KILLED,464
9443,KILLED,464
9444,NO_COVERAGE
9445,NO_COVERAGE
9446,NO_COVERAGE
9447,KILLED,465,462,458
9448,SURVIVED
9449,KILLED,455,459,28,470
9450,SURVIVED
9451,SURVIVED
9452,SURVIVED
9453,KILLED,465,462,458
9454,SURVIVED
9455,KILLED,455,459,28,470
9456,SURVIVED
9457,KILLED,455,459,28,470
9458,KILLED,476,478,461,460
9459,SURVIVED
9460,KILLED,480,479
9461,SURVIVED
9462,KILLED,455,459,28,470
9463,KILLED,476,468,466,464,456,457,481,467,469,471,477,474,455,459,480,479,473,472,463,465,462,458,450,261,449,347,451,447,448,454,185,352,258,28,387,383,470
9464,KILLED,476,478,461,460,465,462,458,28
9465,KILLED,476,478,461,460,455,459,28,470
9466,KILLED,476,478,461,460
9467,KILLED,468,466,464,456,457,481,467,469,461,471,477,460,474,455,459,480,479,473,472,463,465,462,458,450,261,449,347,451,447,448,454,185,352,258,28,387,383,470
9468,KILLED,476,478,455,459,465,462,458,28,470
9469,SURVIVED
9470,KILLED,465,462,458
9471,KILLED,455,459,28,470
9472,SURVIVED
9473,SURVIVED
9474,SURVIVED
9475,SURVIVED
9476,SURVIVED
9477,SURVIVED
9478,SURVIVED
9479,SURVIVED
9480,KILLED,465,462,458
9481,KILLED,455,459,28,470
9482,KILLED,476,478
9483,KILLED,476,478,461,460,28
9484,KILLED,476,478,461,460
9485,KILLED,461,460
9486,KILLED,476,478,455,459,465,462,458,28,470
9487,KILLED,468,466,464,456,457,481,467,469,471,477,474,455,459,480,479,473,472,463,465,462,458,450,261,449,347,451,447,448,454,185,352,258,28,387,383,470
9488,SURVIVED
9489,KILLED,480,479
9490,KILLED,455,459,28,470
9491,KILLED,470
9492,KILLED,455,459,28,470
9493,KILLED,455,459,28,470
9494,KILLED,455,459,28,470
9495,KILLED,455,459,28,470
9496,KILLED,466
9497,TIMED_OUT
9498,KILLED,466
9499,KILLED,466
9500,KILLED,466
9501,KILLED,466
9502,SURVIVED
9503,KILLED,466
9504,TIMED_OUT
9505,KILLED,466
9506,TIMED_OUT
9507,KILLED,479
9508,KILLED,480
9509,SURVIVED
9510,KILLED,468,466,464,456,457,481,467,469,461,471,477,460,474,455,459,480,479,473,472,463,465,462,458,450,261,449,347,451,447,448,454,185,352,258,28,387,383,470
9511,NO_COVERAGE
9512,KILLED,468,466,464,456,457,481,467,469,461,471,477,460,474,455,459,480,479,473,472,463,465,462,458,450,261,449,347,451,447,448,454,185,352,258,28,387,383,470
9513,KILLED,455,28,470
9514,KILLED,459
9515,SURVIVED
9516,KILLED,480
9517,KILLED,474,473
9518,KILLED,475,468,467,469
9519,KILLED,467,469
9520,KILLED,467,469
9521,KILLED,474,473
9522,KILLED,466,464,456,457,481,471,477,474,480,479,473,472,463,465,462,458,450,261,449,347,447,454,185,352,28,387,383
9523,KILLED,461,455,472,458,451,448,185
9524,KILLED,466,464,456,457,481,467,469,461,471,477,460,474,455,459,480,479,473,472,463,465,462,458,450,261,449,347,451,447,448,454,185,352,258,28,387,383,470
9525,KILLED,476,478,475,468,466,464,456,457,481,467,469,461,471,477,460,474,455,459,480,479,473,472,463,465,462,458,450,261,449,347,451,447,448,454,185,352,258,28,387,383,470
9526,KILLED,478,459,462
9527,KILLED,478,459,462
9528,KILLED,480
9529,KILLED,475,468,467,469,474,473
9530,KILLED,475,468,467,469
9531,KILLED,479
9532,KILLED,479
9533,KILLED,480,479
9534,KILLED,480
9535,KILLED,480
9536,KILLED,480
9537,SURVIVED
9538,KILLED,480
9539,KILLED,468,466,464,456,457,481,467,469,461,471,477,460,474,455,459,480,479,473,465,462,458,450,261,449,347,451,447,448,454,185,352,258,28,387,383,470
9540,KILLED,467,469,474,473
9541,KILLED,466,464,456,457,481,467,469,471,477,474,455,459,480,479,473,472,463,465,462,458,450,261,449,347,447,454,185,352,28,387,383,470
9542,KILLED,468,466,464,456,457,481,467,469,461,471,477,460,474,455,459,480,479,473,472,463,465,462,458,450,261,449,347,451,447,448,454,185,352,258,28,387,383,470
9543,KILLED,476,455,465,458,28,470
9544,KILLED,478,459,480,462
9545,KILLED,478,459,462
9546,KILLED,478,459,462
9547,KILLED,480,479,472,463
9548,KILLED,479
9549,KILLED,480
9550,SURVIVED
9551,SURVIVED
9552,KILLED,480
9553,KILLED,474,480,479,473,465,462,458
9554,SURVIVED
9555,KILLED,466,464,456,457,481,467,469,471,477,474,455,459,480,479,473,472,463,465,462,458,450,261,449,347,447,454,185,352,28,387,383,470
9556,SURVIVED
9557,KILLED,478,459,462
9558,SURVIVED
9559,KILLED,474,473
9560,KILLED,475,468
9561,KILLED,479
9562,KILLED,479
9563,KILLED,479
9564,KILLED,480
9565,KILLED,480
9566,SURVIVED
9567,SURVIVED
9568,KILLED,480
9569,KILLED,467,469
9570,SURVIVED
9571,KILLED,476,478,475,468,466,464,456,457,481,467,469,461,471,477,460,474,455,459,480,479,473,472,463,465,462,458,450,261,449,347,451,447,448,454,185,352,258,28,387,383,470
9572,SURVIVED
9573,KILLED,480
9574,KILLED,475,468,467,469
9575,KILLED,467,469
9576,SURVIVED
9577,SURVIVED
9578,KILLED,480,479,472,463
9579,SURVIVED
9580,SURVIVED
9581,KILLED,480
9582,SURVIVED
9583,SURVIVED
9584,KILLED,474,473
9585,KILLED,466,464,456,457,481,467,469,471,477,474,455,459,480,479,473,472,463,465,462,458,450,261,449,347,447,454,185,352,28,387,383,470
9586,KILLED,478,459,462
9587,KILLED,474,480,479,473,465,462,458
9588,SURVIVED
9589,KILLED,468,466,464,456,457,481,467,469,461,471,477,460,474,455,459,480,479,473,472,463,465,462,458,450,261,449,347,451,447,448,454,185,352,258,28,387,383,470
9590,KILLED,474,473
9591,KILLED,475,468
9592,KILLED,474,480,479,473,465,462,458
9593,KILLED,456,457,481,467,469,461,471,477,460,474,455,459,480,479,473,472,463,465,462,458,451,447,448,454,185,352,28,387,383,470
9594,KILLED,456,457,481,467,469,461,471,477,460,474,455,459,480,479,473,472,463,465,462,458,451,447,448,454,185,352,28,387,383,470
9595,KILLED,456,457,481,480,479,465,185,28,387
9596,KILLED,455,472,458
9597,KILLED,466,464,456,457,481,467,469,471,477,474,455,459,480,479,473,472,463,465,462,458,450,261,449,347,447,454,185,352,28,387,383,470
9598,SURVIVED
9599,KILLED,466,464,456,457,481,467,469,461,471,477,460,474,455,459,480,479,473,472,463,465,462,458,450,261,449,347,451,447,448,454,185,352,258,28,387,383,470
9600,KILLED,480,479
9601,KILLED,467,469,474,473
9602,KILLED,461,460,455,459,465,462,458,28,470
9603,KILLED,472
9604,SURVIVED
9605,KILLED,472
9606,SURVIVED
9607,SURVIVED
9608,KILLED,472
9609,SURVIVED
9610,SURVIVED
9611,SURVIVED
9612,SURVIVED
9613,SURVIVED
9614,KILLED,472
9615,SURVIVED
9616,KILLED,472
9617,KILLED,456,457,481,474,480,479,473,472,463,465,462,458
9618,KILLED,456,457,481,474,480,479,473,472,463,465,462,458
9619,KILLED,456,457,481,474,480,479,473,472,463,465,462,458
9620,KILLED,480,479
9621,KILLED,479,472,463
9622,KILLED,479,472,463
9623,KILLED,456,457,481,474,480,479,473,472,463,465,462,458
9624,KILLED,472
9625,KILLED,456,457,481,474,480,479,473,472,463,465,462,458
9626,SURVIVED
9627,KILLED,472
9628,SURVIVED
9629,KILLED,456,457,481,474,480,479,473,465,462
9630,SURVIVED
9631,KILLED,472
9632,SURVIVED
9633,KILLED,456,457,481,474,480,479,473,472,463,465,462,458
9634,KILLED,456,457,481,474,480,479,473,472,463,465,462,458
9635,SURVIVED
9636,TIMED_OUT
9637,SURVIVED
9638,SURVIVED
9639,KILLED,474
9640,KILLED,474
9641,SURVIVED
9642,SURVIVED
9643,SURVIVED
9644,SURVIVED
9645,KILLED,474
9646,SURVIVED
9647,KILLED,456,457,481,474,455,459,480,479,473,472,463,465,462,458,28,470
9648,KILLED,474
9649,SURVIVED
9650,SURVIVED
9651,KILLED,474
9652,SURVIVED
9653,KILLED,470
9654,KILLED,466,464,456,457,481,471,477,474,480,479,473,472,463,465,462,458,450,261,449,347,447,454,185,352,28,387,383
9655,SURVIVED
9656,SURVIVED
9657,SURVIVED
9658,SURVIVED
9659,NO_COVERAGE
9660,NO_COVERAGE
9661,NO_COVERAGE
9662,NO_COVERAGE
9663,NO_COVERAGE
9664,NO_COVERAGE
9665,KILLED,455,459,347,28,470
9666,SURVIVED
9667,SURVIVED
9668,NO_COVERAGE
9669,NO_COVERAGE
9670,NO_COVERAGE
9671,NO_COVERAGE
9672,SURVIVED
9673,KILLED,455,459,347,28,470
9674,KILLED,466,464,456,457,481,474,455,459,480,479,473,472,463,465,462,458,450,261,449,347,447,454,185,352,28,387,383,470
9675,KILLED,456,457,481,471,477,480,479,465,387,383
9676,KILLED,456,457,481,467,469,471,477,474,480,479,473,465,387,383
9677,KILLED,456,457,481,467,469,471,477,474,480,479,473,465,387,383
9678,KILLED,466,464,456,457,481,467,469,471,477,474,455,459,480,479,473,472,463,465,462,458,450,261,449,347,447,454,185,352,28,387,383,470
9679,KILLED,466,464,456,457,481,467,469,471,477,474,455,459,480,479,473,472,463,465,462,458,450,261,449,347,447,454,185,352,28,387,383,470
9680,SURVIVED
9681,KILLED,455,459,347,28,470
9682,KILLED,466,464,456,457,481,471,477,474,455,459,480,479,473,472,463,465,462,458,450,261,449,347,447,454,185,352,28,387,383,470
9683,KILLED,456,457,481,467,469,471,477,474,455,459,480,479,473,472,463,465,462,458,347,447,454,185,28,387,383,470
9684,NO_COVERAGE
9685,NO_COVERAGE
9686,NO_COVERAGE
9687,NO_COVERAGE
9688,NO_COVERAGE
9689,NO_COVERAGE
9690,NO_COVERAGE
9691,NO_COVERAGE
9692,SURVIVED
9693,KILLED,466,464,456,457,481,467,469,471,477,474,455,459,480,479,473,472,463,465,462,458,450,261,449,347,447,454,185,352,28,387,383,470
9694,SURVIVED
9695,SURVIVED
9696,SURVIVED
9697,KILLED,466,464,456,457,481,471,477,474,455,459,480,479,473,472,463,465,462,458,450,261,449,347,447,454,185,352,28,387,383,470
9698,KILLED,456,457,481,474,455,459,480,479,473,472,463,465,462,458,347,447,454,185,28,470
9699,KILLED,466,464,456,457,481,467,469,471,477,474,455,459,480,479,473,472,463,465,462,458,450,261,449,347,447,454,185,352,28,387,383,470
9700,SURVIVED
9701,KILLED,455,459,347,28,470
9702,SURVIVED
9703,KILLED,456,457,481,467,469,471,477,474,480,479,473,465,387,383
9704,NO_COVERAGE
9705,NO_COVERAGE
9706,NO_COVERAGE
9707,KILLED,347
9708,KILLED,456,457,481,474,455,459,480,479,473,465,462,458,347,28,470
9709,SURVIVED
9710,NO_COVERAGE
9711,NO_COVERAGE
9712,KILLED,455,459,347,28,470
9713,KILLED,466,464,456,457,481,474,455,459,480,479,473,472,463,465,462,458,450,261,449,347,447,454,185,352,28,387,383,470
9714,KILLED,456,457,481,471,477,480,479,465,387,383
9715,KILLED,387,383
9716,KILLED,387,383
9717,KILLED,466
9718,KILLED,479,472,463
9719,SURVIVED
9720,KILLED,456,457,481,474,480,479,473,472,463,465,462,458
9721,KILLED,456,457,481,474,480,479,473,472,463,465,462,458
9722,KILLED,456,457,481,474,480,479,473,472,463,465,462,458
9723,KILLED,456,457,481,474,480,479,473,472,463,465,462,458
9724,KILLED,457,481,480,479,472,463,465,462,458
9725,SURVIVED
9726,SURVIVED
9727,KILLED,465,458
9728,KILLED,474,480,479,473,472,463,465,462,458
9729,KILLED,456
9730,KILLED,456
9731,KILLED,456
9732,SURVIVED
9733,SURVIVED
9734,KILLED,456,457,481,474,480,479,473,472,463,465,462,458
9735,KILLED,456,457,481,474,480,479,473,465,462,458
9736,TIMED_OUT
9737,KILLED,456,457,481,474,480,479,473,472,463,465,462,458
9738,SURVIVED
9739,KILLED,456,457,481,474,480,479,473,472,463,465,462,458
9740,KILLED,456,457,481,474,480,479,473,472,463,465,462,458
9741,KILLED,465,458
9742,KILLED,465,458
9743,KILLED,456,457,481,474,480,479,473,472,463,465,462,458
9744,KILLED,456,457,481,474,480,479,473,472,463,465,462,458
9745,KILLED,456,457,481,474,480,479,473,465,462,458
9746,KILLED,456,457,481,474,480,479,473,472,463,465,462,458
9747,KILLED,456,457,481,474,480,479,473,472,463,465,462,458
9748,KILLED,456,457,481,474,480,479,473,472,463,465,462,458
9749,SURVIVED
9750,SURVIVED
9751,KILLED,456,457,481,474,480,479,473,472,463,465,462,458
9752,KILLED,456,457,481,474,480,479,473,472,463,465,462,458
9753,KILLED,456,457,481,474,480,479,473,472,463,465,462,458
9754,KILLED,456,457,481,474,480,479,473,472,463,465,462,458
9755,KILLED,456,457,481,474,480,479,473,472,463,465,462,458
9756,KILLED,456,457,481,474,480,479,473,472,463,465,462,458
9757,KILLED,456,457,481,474,480,479,473,472,463,465,462,458
9758,KILLED,456,457,481,474,480,479,473,472,463,465,462,458
9759,KILLED,457,481,480,479,472,463,465,462,458
9760,KILLED,457,481,480,479,472,463,465,462,458
9761,KILLED,457,481,480,479,472,463,465,462,458
9762,KILLED,457,481,480,479,472,463,465,462,458
9763,KILLED,457,481,480,479,472,463,465,462,458
9764,KILLED,457,481,480,479,472,463,465,462,458
9765,KILLED,457,481,480,479,472,463,465,462,458
9766,KILLED,457,481,480,479,472,463,465,462,458
9767,KILLED,456,457,481,474,480,479,473,472,463,465,462,458
9768,KILLED,456,457,481,474,480,479,473,472,463,465,462,458
9769,KILLED,456,457,481,474,480,479,473,465,462,458
9770,KILLED,457,481,480,479,472,463,465,462,458
9771,KILLED,456,457,481,474,480,479,473,472,463,465,462,458
9772,TIMED_OUT
9773,KILLED,465,458
9774,KILLED,456,457,481,474,480,479,473,472,463,462
9775,SURVIVED
9776,KILLED,456,457,481,474,480,479,473,465,462,458
9777,KILLED,456,457,481,474,480,479,473,472,463,465,462,458
9778,KILLED,456,457,481,474,480,479,473,472,463,465,462,458
9779,KILLED,456,457,481,474,480,479,473,472,463,465,462,458
9780,KILLED,456,457,481,474,480,479,473,472,463,465,462,458
9781,NO_COVERAGE
9782,NO_COVERAGE
9783,KILLED,466
9784,KILLED,466
9785,KILLED,475,468,466,464,456,457,481,467,469,461,471,477,460,474,455,459,480,479,473,472,463,465,462,458,450,261,449,347,451,447,448,454,185,352,258,28,387,383,470
9786,NO_COVERAGE
9787,NO_COVERAGE
9788,NO_COVERAGE
9789,NO_COVERAGE
9790,NO_COVERAGE
9791,NO_COVERAGE
9792,SURVIVED
9793,KILLED,475,468,466,464,456,457,481,467,469,461,471,477,460,474,455,459,480,479,473,472,463,465,462,458,450,261,449,347,451,447,448,454,185,352,258,28,387,383,470
9794,KILLED,466,456,457,481,467,469,461,471,477,460,474,455,459,480,479,473,472,463,465,462,458,451,447,448,454,185,352,28,387,383,470
9795,KILLED,466
9796,KILLED,456,457,481,467,469,471,477,474,480,479,473,465
9797,NO_COVERAGE
9798,NO_COVERAGE
9799,SURVIVED
9800,SURVIVED
9801,SURVIVED
9802,KILLED,456,457,481,467,469,471,477,474,480,479,473,465,387,383
9803,NO_COVERAGE
9804,NO_COVERAGE
9805,NO_COVERAGE
9806,NO_COVERAGE
9807,NO_COVERAGE
9808,NO_COVERAGE
9809,NO_COVERAGE
9810,NO_COVERAGE
9811,SURVIVED
9812,KILLED,456,457,481,467,469,471,477,474,480,479,473,465,387,383
9813,SURVIVED
9814,SURVIVED
9815,KILLED,349,257,253,252,250,251,249,248,398,350,258,363,374,378,362,385,373,379,380,369,375
9816,NO_COVERAGE
9817,NO_COVERAGE
9818,SURVIVED
9819,KILLED,292,349,257,253,252,250,251,249,248,350,258,363,374,378,362,385,373,379,380,369,375
9820,NO_COVERAGE
9821,NO_COVERAGE
9822,KILLED,292,349,257,253,252,250,251,249,248,398,350,258,363,374,378,362,385,373,379,380,369,375
9823,SURVIVED
9824,SURVIVED
9825,NO_COVERAGE
9826,NO_COVERAGE
9827,NO_COVERAGE
9828,KILLED,292,349,257,253,252,250,251,249,248,398,350,258,363,374,378,362,385,373,379,380,369,375
9829,SURVIVED
9830,KILLED,292,349,257,253,252,250,251,249,248,350,258,363,374,378,362,385,373,379,380,369,375
9831,SURVIVED
9832,SURVIVED
9833,KILLED,292,349,257,253,252,250,251,249,248,398,350,258,363,374,378,362,385,373,379,380,369,375
9834,KILLED,292,349,257,253,252,250,251,249,248,398,350,258,363,374,378,362,385,373,379,380,369,375
9835,KILLED,292,349,257,253,252,250,251,249,248,398,350,363,374,378,362,385,373,379,380,369,375
9836,KILLED,292,349,257,253,252,250,251,249,248,398,350,258,363,374,378,362,385,373,379,380,369,375
9837,KILLED,349,257,253,252,250,251,249,248,398,350,258,363,374,378,362,385,373,379,380,369,375
9838,SURVIVED
9839,SURVIVED
9840,SURVIVED
9841,SURVIVED
9842,SURVIVED
9843,SURVIVED
9844,KILLED,292
9845,KILLED,292,349,257,253,252,250,251,249,248,398,350,258,363,374,378,362,385,373,379,380,369,375
9846,SURVIVED
9847,KILLED,292,257,248,398,350,363,374,378,362,385,373,379,380,369,375
9848,SURVIVED
9849,KILLED,292,257
9850,SURVIVED
9851,KILLED,257,248,398,350,363,374,378,362,385,373,379,380,369,375
9852,SURVIVED
9853,KILLED,292,257
9854,SURVIVED
9855,SURVIVED
9856,NO_COVERAGE
9857,KILLED,257
9858,NO_COVERAGE
9859,NO_COVERAGE
9860,NO_COVERAGE
9861,SURVIVED
9862,SURVIVED
9863,KILLED,292,349,257,253,252,250,251,249,248,350,363,374,378,362,385,373,379,380,369,375
9864,KILLED,292,349,257,253,252,250,251,249,248,398,350,363,374,378,362,385,373,379,380,369,375
9865,KILLED,292,349,257,253,252,250,251,249,248,398,350,363,374,378,362,385,373,379,380,369,375
9866,KILLED,292,349,257,253,252,250,251,249,248,398,350,363,374,378,362,385,373,379,380,369,375
9867,KILLED,292
9868,NO_COVERAGE
9869,KILLED,292,349,257,253,252,249,248,350,363,374,378,362,385,373,379,380,369,375
9870,NO_COVERAGE
9871,NO_COVERAGE
9872,NO_COVERAGE
9873,NO_COVERAGE
9874,NO_COVERAGE
9875,NO_COVERAGE
9876,NO_COVERAGE
9877,KILLED,248,363,374,378,362,385,373,379,380,369,375
9878,SURVIVED
9879,NO_COVERAGE
9880,SURVIVED
9881,KILLED,257
9882,SURVIVED
9883,SURVIVED
9884,NO_COVERAGE
9885,KILLED,292,349,257,253,252,250,251,249,248,398,350,363,374,378,362,385,373,379,380,369,375
9886,KILLED,292,349,257,253,252,250,251,249,248,398,350,363,374,378,362,385,373,379,380,369,375
9887,KILLED,292,349,257,253,252,250,251,249,248,398,350,363,374,378,362,385,373,379,380,369,375
9888,KILLED,292
9889,NO_COVERAGE
9890,SURVIVED
9891,KILLED,248,363,374,378,362,385,373,379,380,369,375
9892,KILLED,292,349,257,253,252,250,251,249,248,350,363,374,378,362,385,373,379,380,369,375
9893,SURVIVED
9894,KILLED,292,349,257,253,252,249,248,350,363,374,378,362,385,373,379,380,369,375
9895,NO_COVERAGE
9896,KILLED,257,350,363,374,378,362,385,373,379,380,369,375
9897,KILLED,257,350,363,374,378,362,385,373,379,380,369,375
9898,SURVIVED
9899,KILLED,257,350,363,374,378,362,385,373,379,380,369,375
9900,KILLED,257,350,363,374,378,362,385,373,379,380,369,375
9901,KILLED,257
9902,KILLED,292,349,257,253,252,250,251,249,248,398,350,258,363,374,378,362,385,373,379,380,369,375
9903,SURVIVED
9904,KILLED,292,349,257,253,252,250,251,249,248,398,350,258,363,374,378,362,385,373,379,380,369,375
9905,NO_COVERAGE
9906,KILLED,257,258
9907,KILLED,292,349,257,253,252,250,251,249,248,398,350,363,374,378,362,385,373,379,380,369,375
9908,SURVIVED
9909,SURVIVED
9910,SURVIVED
9911,SURVIVED
9912,KILLED,292,349,257,253,252,250,251,249,248,398,350,363,374,378,362,385,373,379,380,369,375
9913,KILLED,292,349,257,253,252,250,251,249,248,398,350,258,363,374,378,362,385,373,379,380,369,375
9914,SURVIVED
9915,SURVIVED
9916,SURVIVED
9917,KILLED,257,258
9918,SURVIVED
9919,KILLED,292,349,257,253,252,250,251,249,248,398,350,363,374,378,362,385,373,379,380,369,375
9920,KILLED,292,349,257,253,252,250,251,249,248,398,350,363,374,378,362,385,373,379,380,369,375
9921,SURVIVED
9922,SURVIVED
9923,KILLED,292,349,257,253,252,250,251,249,248,398,350,363,374,378,362,385,373,379,380,369,375
9924,SURVIVED
9925,KILLED,292,248,398,363,374,378,362,385,373,379,380,369,375
9926,SURVIVED
9927,SURVIVED
9928,KILLED,292,349,257,253,252,250,251,249,248,398,350,363,374,378,362,385,373,379,380,369,375
9929,SURVIVED
9930,SURVIVED
9931,KILLED,292,248,363,374,378,362,385,373,379,380,369,375
9932,KILLED,292,248,363,374,378,362,385,373,379,380,369,375
9933,SURVIVED
9934,KILLED,292,248,363,374,378,362,385,373,379,380,369,375
9935,SURVIVED
9936,KILLED,292,349,257,253,252,250,251,249,248,350,258,363,374,378,362,385,373,379,380,369,375
9937,NO_COVERAGE
9938,NO_COVERAGE
9939,NO_COVERAGE
9940,NO_COVERAGE
9941,NO_COVERAGE
9942,SURVIVED
9943,NO_COVERAGE
9944,KILLED,292,349,257,253,252,250,251,249,248,350,363,374,378,362,385,373,379,380,369,375
9945,NO_COVERAGE
9946,KILLED,292,349,257,253,252,250,251,249,248,350,258,363,374,378,362,385,373,379,380,369,375
9947,KILLED,292,349,257,253,252,250,251,249,248,350,258,363,374,378,362,385,373,379,380,369,375
9948,SURVIVED
9949,KILLED,292,349,257,253,252,250,251,249,248,350,258,363,374,378,362,385,373,379,380,369,375
9950,KILLED,292,349,257,253,252,250,251,249,248,350,258,363,374,378,362,385,373,379,380,369,375
9951,SURVIVED
9952,NO_COVERAGE
9953,KILLED,292,349,257,253,252,250,251,249,248,350,258,363,374,378,362,385,373,379,380,369,375
9954,NO_COVERAGE
9955,NO_COVERAGE
9956,NO_COVERAGE
9957,NO_COVERAGE
9958,NO_COVERAGE
9959,KILLED,253,248,374,378,362,385,373,379,380,369,375
9960,SURVIVED
9961,NO_COVERAGE
9962,NO_COVERAGE
9963,NO_COVERAGE
9964,NO_COVERAGE
9965,SURVIVED
9966,SURVIVED
9967,SURVIVED
9968,SURVIVED
9969,SURVIVED
9970,KILLED,292,349,257,253,252,250,251,249,248,350,258,363,374,378,362,385,373,379,380,369,375
9971,KILLED,292,349,257,253,252,250,251,249,248,350,258,363,374,378,362,385,373,379,380,369,375
9972,SURVIVED
9973,KILLED,292,349,257,253,252,250,251,249,248,350,258,363,374,378,362,385,373,379,380,369,375
9974,KILLED,292,349,257,253,252,250,251,249,248,350,258,363,374,378,362,385,373,379,380,369,375
9975,SURVIVED
9976,NO_COVERAGE
9977,NO_COVERAGE
9978,KILLED,292,252,250,251,249,248,350,363,374,378,362,385,373,379,380,369,375
9979,KILLED,292,349,257,253,252,250,251,249,248,350,258,363,374,378,362,385,373,379,380,369,375
9980,SURVIVED
9981,KILLED,292,349,257,253,252,249,248,350,363,374,378,362,385,373,379,380,369,375
9982,SURVIVED
9983,KILLED,349,252,249
9984,KILLED,292,349,257,253,252,249,248,350,363,374,378,362,385,373,379,380,369,375
9985,NO_COVERAGE
9986,NO_COVERAGE
9987,NO_COVERAGE
9988,NO_COVERAGE
9989,NO_COVERAGE
9990,SURVIVED
9991,NO_COVERAGE
9992,NO_COVERAGE
9993,SURVIVED
9994,SURVIVED
9995,KILLED,292,349,257,253,252,249,248,350,363,374,378,362,385,373,379,380,369,375
9996,NO_COVERAGE
9997,NO_COVERAGE
9998,KILLED,292,349,257,253,252,249,248,350,363,374,378,362,385,373,379,380,369,375
9999,KILLED,292,349,257,253,252,249,248,350,363,374,378,362,385,373,379,380,369,375
10000,KILLED,292,349,257,253,252,249,248,350,363,374,378,362,385,373,379,380,369,375
10001,KILLED,292,349,257,253,252,249,248,350,363,374,378,362,385,373,379,380,369,375
10002,KILLED,292,349,257,253,252,249,248,350,363,374,378,362,385,373,379,380,369,375
10003,KILLED,292,349,257,253,252,249,248,350,363,374,378,362,385,373,379,380,369,375
10004,SURVIVED
10005,NO_COVERAGE
10006,KILLED,292,349,257,253,252,249,248,350,363,374,378,362,385,373,379,380,369,375
10007,SURVIVED
10008,SURVIVED
10009,SURVIVED
10010,SURVIVED
10011,KILLED,292,349,257,253,252,249,248,350,363,374,378,362,385,373,379,380,369,375
10012,KILLED,292,349,257,253,252,249,248,350,363,374,378,362,385,373,379,380,369,375
10013,SURVIVED
10014,KILLED,292,349,257,253,252,249,248,350,363,374,378,362,385,373,379,380,369,375
10015,KILLED,292,349,257,253,252,249,248,350,363,374,378,362,385,373,379,380,369,375
10016,SURVIVED
10017,SURVIVED
10018,NO_COVERAGE
10019,SURVIVED
10020,SURVIVED
10021,KILLED,292,349,257,253,252,249,248,350,363,374,378,362,385,373,379,380,369,375
10022,KILLED,292,349,257,253,252,249,248,350,363,374,378,362,385,373,379,380,369,375
10023,NO_COVERAGE
10024,SURVIVED
10025,KILLED,292,248,363,374,378,362,385,373,379,380,369,375
10026,SURVIVED
10027,KILLED,292,349,257,253,252,249,248,350,363,374,378,362,385,373,379,380,369,375
10028,NO_COVERAGE
10029,NO_COVERAGE
10030,SURVIVED
10031,KILLED,252,250,251,249,248,350,363,374,378,362,385,373,379,380,369,375
10032,KILLED,349,257,253,252,250,251,249,248,398,350,258,363,374,378,362,385,373,379,380,369,375
10033,TIMED_OUT
10034,KILLED,252,250,251,249,248,363,374,378,362,385,373,379,380,369,375
10035,NO_COVERAGE
10036,KILLED,252,250,251,249,248,350,363,374,378,362,385,373,379,380,369,375
10037,KILLED,252,250,251,249,248,350,363,374,378,362,385,373,379,380,369,375
10038,KILLED,252,250,251,249,248,350,363,374,378,362,385,373,379,380,369,375
10039,NO_COVERAGE
10040,KILLED,252,250,251,249,248,363,374,378,362,385,373,379,380,369,375
10041,NO_COVERAGE
10042,KILLED,349,257,253,252,250,251,249,248,398,350,258,363,374,378,362,385,373,379,380,369,375
10043,TIMED_OUT
10044,KILLED,252,250,251,249,248,350,363,374,378,362,385,373,379,380,369,375
10045,KILLED,252,250,251,249,248,350,363,374,378,362,385,373,379,380,369,375
10046,NO_COVERAGE
10047,NO_COVERAGE
10048,NO_COVERAGE
10049,NO_COVERAGE
10050,SURVIVED
10051,KILLED,252,250,251,249,248,350,363,374,378,362,385,373,379,380,369,375
10052,KILLED,252,250,251,249,248,350,363,374,378,362,385,373,379,380,369,375
10053,KILLED,349,257,253,252,250,251,249,248,398,350,258,363,374,378,362,385,373,379,380,369,375
10054,NO_COVERAGE
10055,NO_COVERAGE
10056,KILLED,349,257,253,252,250,251,249,248,398,350,258,363,374,378,362,385,373,379,380,369,375
10057,KILLED,252,250,251,249,248,363,374,378,362,385,373,379,380,369,375
10058,NO_COVERAGE
10059,SURVIVED
10060,NO_COVERAGE
10061,KILLED,349,257,253,252,250,251,249,248,398,350,258,363,374,378,362,385,373,379,380,369,375
10062,KILLED,252,250,251,249,248,350,363,374,378,362,385,373,379,380,369,375
10063,SURVIVED
10064,TIMED_OUT
10065,KILLED,252,250,251,249,248,350,363,374,378,362,385,373,379,380,369,375
10066,SURVIVED
10067,TIMED_OUT
10068,KILLED,292
10069,KILLED,292
10070,SURVIVED
10071,SURVIVED
10072,SURVIVED
10073,SURVIVED
10074,SURVIVED
10075,KILLED,292,349,257,253,252,250,251,249,248,398,350,258,363,374,378,362,385,373,379,380,369,375
10076,KILLED,292,252,250,251,249,248,363,374,378,362,385,373,379,380,369,375
10077,SURVIVED
10078,KILLED,292,349,257,253,252,250,251,249,248,398,350,258,363,374,378,362,385,373,379,380,369,375
10079,SURVIVED
10080,KILLED,292,252,250,251,249,248,363,374,378,362,385,373,379,380,369,375
10081,KILLED,292,248,363,374,378,362,385,373,379,380,369,375
10082,SURVIVED
10083,NO_COVERAGE
10084,NO_COVERAGE
10085,SURVIVED
10086,NO_COVERAGE
10087,NO_COVERAGE
10088,SURVIVED
10089,KILLED,292
10090,KILLED,292
10091,KILLED,292,349,257,253,252,250,251,249,248,398,350,258,363,374,378,362,385,373,379,380,369,375
10092,KILLED,349,257,253,252,250,251,249,248,398,350,258,363,374,378,362,385,373,379,380,369,375
10093,NO_COVERAGE
10094,NO_COVERAGE
10095,NO_COVERAGE
10096,NO_COVERAGE
10097,NO_COVERAGE
10098,NO_COVERAGE
10099,KILLED,252,250,251,249,248,398,350,363,374,378,362,385,373,379,380,369,375
10100,SURVIVED
10101,KILLED,252,250,251,249,248,350,363,374,378,362,385,373,379,380,369,375
10102,NO_COVERAGE
10103,NO_COVERAGE
10104,NO_COVERAGE
10105,NO_COVERAGE
10106,NO_COVERAGE
10107,NO_COVERAGE
10108,KILLED,292
10109,KILLED,292
10110,KILLED,349,257,253,252,250,251,249,248,398,350,258,363,374,378,362,385,373,379,380,369,375
10111,SURVIVED
10112,SURVIVED
10113,SURVIVED
10114,SURVIVED
10115,SURVIVED
10116,SURVIVED
10117,KILLED,292
10118,KILLED,292,349,257,253,252,250,251,249,248,398,350,258,363,374,378,362,385,373,379,380,369,375
10119,SURVIVED
10120,SURVIVED
10121,SURVIVED
10122,SURVIVED
10123,SURVIVED
10124,SURVIVED
10125,SURVIVED
10126,SURVIVED
10127,SURVIVED
10128,SURVIVED
10129,KILLED,252,250,251,249,248,350,363,374,378,362,385,373,379,380,369,375
10130,SURVIVED
10131,KILLED,252,250,251,249,248,350,363,374,378,362,385,373,379,380,369,375
10132,KILLED,250,251
10133,KILLED,252,250,251,249,248,350,363,374,378,362,385,373,379,380,369,375
10134,SURVIVED
10135,KILLED,252,250,251,249,248,350,363,374,378,362,385,373,379,380,369,375
10136,SURVIVED
10137,KILLED,252,250,251,249,248,350,363,374,378,362,385,373,379,380,369,375
10138,SURVIVED
10139,KILLED,252,250,251,249,248,350,363,374,378,362,385,373,379,380,369,375
10140,KILLED,252,250,251,249
10141,KILLED,252,250,251,249,248,350,363,374,378,362,385,373,379,380,369,375
10142,KILLED,248,363,374,378,362,385,373,379,380,369,375
10143,KILLED,252,250,251,249,248,350,363,374,378,362,385,373,379,380,369,375
10144,SURVIVED
10145,KILLED,252,250,251,249,248,350,363,374,378,362,385,373,379,380,369,375
10146,SURVIVED
10147,KILLED,252,250,251,249,248,350,363,374,378,362,385,373,379,380,369,375
10148,SURVIVED
10149,KILLED,252,250,251,249,248,350,363,374,378,362,385,373,379,380,369,375
10150,SURVIVED
10151,KILLED,252,250,251,249,248,363,374,378,362,385,373,379,380,369,375
10152,KILLED,252,250,251,249,248,350,363,374,378,362,385,373,379,380,369,375
10153,KILLED,248,363,374,378,362,385,373,379,380,369,375
10154,KILLED,252,250,251,249,248,363,374,378,362,385,373,379,380,369,375
10155,SURVIVED
10156,SURVIVED
10157,SURVIVED
10158,SURVIVED
10159,SURVIVED
10160,KILLED,374,378,362,385,373,379,380,369,375
10161,SURVIVED
10162,SURVIVED
10163,KILLED,252,250,251,249,248,363,374,378,362,385,373,379,380,369,375
10164,SURVIVED
10165,SURVIVED
10166,SURVIVED
10167,SURVIVED
10168,SURVIVED
10169,SURVIVED
10170,SURVIVED
10171,SURVIVED
10172,KILLED,252,250,251,249,248,350,363,374,378,362,385,373,379,380,369,375
10173,SURVIVED
10174,SURVIVED
10175,SURVIVED
10176,KILLED,252,250,251,249
10177,KILLED,252,249,248,350,363,374,378,362,385,373,379,380,369,375
10178,SURVIVED
10179,SURVIVED
10180,SURVIVED
10181,KILLED,349,257,253,252,250,251,249,248,398,350,258,363,374,378,362,385,373,379,380,369,375
10182,KILLED,252,250,251,249,248,363,374,378,362,385,373,379,380,369,375
10183,SURVIVED
10184,KILLED,349,257,253,252,250,251,249,248,398,350,258,363,374,378,362,385,373,379,380,369,375
10185,KILLED,363,374,378,362,385,373,379,380,369,375
10186,SURVIVED
10187,SURVIVED
10188,SURVIVED
10189,SURVIVED
10190,SURVIVED
10191,SURVIVED
10192,KILLED,252,250,251,249,248,350,363,374,378,362,385,373,379,380,369,375
10193,KILLED,252,250,251,249,248,350,363,374,378,362,385,373,379,380,369,375
10194,KILLED,252,250,251,249,248,350,363,374,378,362,385,373,379,380,369,375
10195,KILLED,252,250,251,249,248,350,363,374,378,362,385,373,379,380,369,375
10196,KILLED,252,250,251,249,248,350,363,374,378,362,385,373,379,380,369,375
10197,KILLED,252,250,251,249,248,350,363,374,378,362,385,373,379,380,369,375
10198,KILLED,252,250,251,249,248,350,363,374,378,362,385,373,379,380,369,375
10199,KILLED,252,250,251,249,248,350,363,374,378,362,385,373,379,380,369,375
10200,KILLED,252,250,251,249,248,350,363,374,378,362,385,373,379,380,369,375
10201,KILLED,252,250,251,249,248,350,363,374,378,362,385,373,379,380,369,375
10202,KILLED,252,250,251,249,248,350,363,374,378,362,385,373,379,380,369,375
10203,KILLED,252,250,251,249,248,350,363,374,378,362,385,373,379,380,369,375
10204,KILLED,252,250,251,249,248,350,363,374,378,362,385,373,379,380,369,375
10205,KILLED,252,250,251,249,248,363,374,378,362,385,373,379,380,369,375
10206,KILLED,363,374,378,362,385,373,379,380,369,375
10207,SURVIVED
10208,SURVIVED
10209,NO_COVERAGE
10210,NO_COVERAGE
10211,NO_COVERAGE
10212,NO_COVERAGE
10213,NO_COVERAGE
10214,NO_COVERAGE
10215,NO_COVERAGE
10216,NO_COVERAGE
10217,NO_COVERAGE
10218,NO_COVERAGE
10219,NO_COVERAGE
10220,NO_COVERAGE
10221,NO_COVERAGE
10222,NO_COVERAGE
10223,NO_COVERAGE
10224,NO_COVERAGE
10225,NO_COVERAGE
10226,NO_COVERAGE
10227,NO_COVERAGE
10228,NO_COVERAGE
10229,NO_COVERAGE
10230,NO_COVERAGE
10231,NO_COVERAGE
10232,NO_COVERAGE
10233,NO_COVERAGE
10234,NO_COVERAGE
10235,NO_COVERAGE
10236,NO_COVERAGE
10237,NO_COVERAGE
10238,NO_COVERAGE
10239,NO_COVERAGE
10240,NO_COVERAGE
10241,NO_COVERAGE
10242,NO_COVERAGE
10243,NO_COVERAGE
10244,NO_COVERAGE
10245,NO_COVERAGE
10246,NO_COVERAGE
10247,NO_COVERAGE
10248,NO_COVERAGE
10249,NO_COVERAGE
10250,NO_COVERAGE
10251,NO_COVERAGE
10252,NO_COVERAGE
10253,NO_COVERAGE
10254,NO_COVERAGE
10255,NO_COVERAGE
10256,NO_COVERAGE
10257,NO_COVERAGE
10258,NO_COVERAGE
10259,NO_COVERAGE
10260,NO_COVERAGE
10261,NO_COVERAGE
10262,NO_COVERAGE
10263,NO_COVERAGE
10264,NO_COVERAGE
10265,NO_COVERAGE
10266,NO_COVERAGE
10267,NO_COVERAGE
10268,NO_COVERAGE
10269,NO_COVERAGE
10270,NO_COVERAGE
10271,NO_COVERAGE
10272,NO_COVERAGE
10273,NO_COVERAGE
10274,NO_COVERAGE
10275,NO_COVERAGE
10276,NO_COVERAGE
10277,NO_COVERAGE
10278,NO_COVERAGE
10279,NO_COVERAGE
10280,NO_COVERAGE
10281,NO_COVERAGE
10282,NO_COVERAGE
10283,NO_COVERAGE
10284,NO_COVERAGE
10285,NO_COVERAGE
10286,SURVIVED
10287,SURVIVED
10288,SURVIVED
10289,SURVIVED
10290,SURVIVED
10291,SURVIVED
10292,SURVIVED
10293,NO_COVERAGE
10294,NO_COVERAGE
10295,KILLED,292
10296,KILLED,292
10297,KILLED,292
10298,KILLED,292
10299,KILLED,292
10300,KILLED,292
10301,KILLED,292
10302,KILLED,292
10303,KILLED,292
10304,KILLED,292
10305,KILLED,292
10306,SURVIVED
10307,SURVIVED
10308,SURVIVED
10309,SURVIVED
10310,NO_COVERAGE
10311,NO_COVERAGE
10312,NO_COVERAGE
10313,KILLED,292
10314,SURVIVED
10315,SURVIVED
10316,SURVIVED
10317,SURVIVED
10318,SURVIVED
10319,SURVIVED
10320,SURVIVED
10321,NO_COVERAGE
10322,KILLED,292
10323,SURVIVED
10324,SURVIVED
10325,SURVIVED
10326,SURVIVED
10327,SURVIVED
10328,KILLED,292
10329,KILLED,292
10330,KILLED,292
10331,KILLED,292
10332,SURVIVED
10333,SURVIVED
10334,SURVIVED
10335,SURVIVED
10336,SURVIVED
10337,SURVIVED
10338,SURVIVED
10339,KILLED,292
10340,KILLED,292
10341,KILLED,292
10342,KILLED,292
10343,KILLED,292
10344,KILLED,292
10345,KILLED,292
10346,KILLED,292
10347,KILLED,292
10348,KILLED,292
10349,KILLED,292
10350,SURVIVED
10351,SURVIVED
10352,NO_COVERAGE
10353,KILLED,186,188,190,468,466,464,450,261,456,457,481,449,347,467,469,461,451,471,477,460,447,448,454,185,474,455,459,480,479,473,472,463,465,462,352,258,28,458,387,383,470
10354,KILLED,186,188,190,468,466,464,450,261,456,457,481,449,347,467,469,461,451,471,477,460,447,448,454,185,474,455,459,480,479,473,472,463,465,462,352,258,28,458,387,383,470
10355,SURVIVED
10356,KILLED,185
10357,KILLED,185
10358,SURVIVED
10359,KILLED,186,188,190,468,466,464,450,261,456,457,481,449,347,467,469,461,451,471,477,460,447,448,454,185,474,455,459,480,479,473,472,463,465,462,352,258,28,458,387,383,470
10360,KILLED,185
10361,KILLED,185
10362,KILLED,186,188,190,468,466,464,450,261,456,457,481,449,347,467,469,461,451,471,477,460,447,448,454,185,474,455,459,480,479,473,472,463,465,462,352,258,28,458,387,383,470
10363,SURVIVED
10364,TIMED_OUT
10365,SURVIVED
10366,KILLED,207,453
10367,KILLED,207,453
10368,SURVIVED
10369,SURVIVED
10370,KILLED,207,453
10371,KILLED,207,453
10372,KILLED,207,453
10373,KILLED,207,453
10374,KILLED,207,453
10375,KILLED,207,453
10376,KILLED,207,453
10377,KILLED,207,453
10378,SURVIVED
10379,SURVIVED
10380,KILLED,205,196,467
10381,KILLED,205,196,467,469
10382,KILLED,205,196,467,469
10383,KILLED,205,196,469
10384,KILLED,205,196,467
10385,SURVIVED
10386,KILLED,205,196,467,469
10387,KILLED,205,196,467
10388,KILLED,205,196,469
10389,KILLED,205,196,467,469
10390,KILLED,205,196,469
10391,KILLED,205,196,467,469
10392,KILLED,205,196,467,469
10393,KILLED,205,196,469
10394,KILLED,205,196,467
10395,KILLED,205,469
10396,KILLED,205,196,467,469
10397,KILLED,205,196,467,469
10398,TIMED_OUT
10399,KILLED,210,185
10400,KILLED,210
10401,KILLED,210
10402,KILLED,210
10403,KILLED,210,461,460,185,474,455,459,480,479,473,472,463,465,462,28,458,470
10404,KILLED,210,467,469,461,451,471,477,460,447,448,454,185,474,455,459,480,479,473,472,463,465,462,352,28,458,387,383,470
10405,KILLED,210,467,469,461,451,471,477,460,447,448,454,185,474,455,459,480,479,473,472,463,465,462,352,28,458,387,383,470
10406,SURVIVED
10407,SURVIVED
10408,KILLED,185
10409,KILLED,210
10410,SURVIVED
10411,SURVIVED
10412,SURVIVED
10413,NO_COVERAGE
10414,NO_COVERAGE
10415,KILLED,196
10416,KILLED,196
10417,KILLED,196
10418,SURVIVED
10419,SURVIVED
10420,SURVIVED
10421,SURVIVED
10422,KILLED,196
10423,SURVIVED
10424,KILLED,196
10425,KILLED,196
10426,KILLED,196
10427,SURVIVED
10428,SURVIVED
10429,SURVIVED
10430,SURVIVED
10431,SURVIVED
10432,SURVIVED
10433,KILLED,196
10434,SURVIVED
10435,KILLED,196
10436,SURVIVED
10437,SURVIVED
10438,SURVIVED
10439,NO_COVERAGE
10440,NO_COVERAGE
10441,NO_COVERAGE
10442,NO_COVERAGE
10443,NO_COVERAGE
10444,NO_COVERAGE
10445,SURVIVED
10446,SURVIVED
10447,SURVIVED
10448,SURVIVED
10449,KILLED,196
10450,KILLED,196
10451,TIMED_OUT
10452,KILLED,203,210,205,196,456,457,481,474,473
10453,KILLED,203,210,205,196,456,457,481,467,469,461,451,471,477,460,447,448,454,185,474,455,459,480,479,473,472,463,465,462,352,28,458,387,383,470
10454,KILLED,203,210,205,196,456,457,481,451,447,448,454,185,474,455,459,473,465,462,28,458,387,383,470
10455,KILLED,203,210,205,196,456,457,481,467,469,461,451,471,477,460,447,448,454,185,474,455,459,480,479,473,472,463,465,462,352,28,458,387,383,470
10456,KILLED,186,188,190,456,457,481,467,469,461,451,471,477,460,447,448,454,185,474,455,459,480,479,473,472,463,465,462,352,28,458,387,383,470
10457,KILLED,186,188,190,456,457,481,467,469,461,451,471,477,460,447,448,454,185,474,455,459,480,479,473,472,463,465,462,352,28,458,387,383,470
10458,KILLED,203,210,205,196,456,457,481,451,447,448,454,185,474,455,459,480,479,473,472,463,465,462,352,28,458,387,383,470
10459,KILLED,205,196,186,188,190,456,457,481,467,469,461,451,471,477,460,447,448,454,185,474,455,459,480,479,473,472,463,465,462,352,28,458,387,383,470
10460,KILLED,205,196,451,448,185
10461,SURVIVED
10462,SURVIVED
10463,KILLED,196
10464,SURVIVED
10465,KILLED,467
10466,KILLED,205,196,451,448,185
10467,KILLED,205,196,469
10468,KILLED,205,196,456,457,481,467,451,447,448,454,185,474,455,459,480,479,473,472,463,465,462,352,28,458,387,383,470
10469,SURVIVED
10470,KILLED,205,196,469
10471,SURVIVED
10472,KILLED,467,469
10473,KILLED,196
10474,KILLED,205,196,456,457,481,467,469,451,447,448,454,185,474,455,459,480,479,473,472,463,465,462,352,28,458,387,383,470
10475,KILLED,205,196,456,457,481,469
10476,KILLED,205,196,456,457,481,467
10477,KILLED,205,467
10478,KILLED,196,469
10479,KILLED,205,196,186,188,190,456,457,481,467,469,461,451,471,477,460,447,448,454,185,474,455,459,480,479,473,472,463,465,462,352,28,458,387,383,470
10480,KILLED,196
10481,KILLED,456,457,481
10482,KILLED,196,469
10483,SURVIVED
10484,KILLED,205,196,469
10485,KILLED,196
10486,KILLED,205,196,469
10487,KILLED,456,457,481
10488,SURVIVED
10489,KILLED,205,196,456,457,481,467,451,447,448,454,185,474,455,459,480,479,473,472,463,465,462,352,28,458,387,383,470
10490,KILLED,205,196,467
10491,KILLED,205,467
10492,KILLED,186,188,190,456,457,481,467,469,461,451,471,477,460,447,448,454,185,474,455,459,480,479,473,472,463,465,462,352,28,458,387,383,470
10493,KILLED,467,469
10494,SURVIVED
10495,KILLED,205,196,467,469
10496,KILLED,198,202,186,188,190,456,457,481,467,469,461,451,471,477,460,447,448,454,185,474,455,459,480,479,473,472,463,465,462,352,28,458,387,383,470
10497,NO_COVERAGE
10498,NO_COVERAGE
10499,KILLED,198,202,186,188,190,456,457,481,467,469,461,451,471,477,460,447,448,454,185,474,455,459,480,479,473,472,463,465,462,352,28,458,387,383,470
10500,NO_COVERAGE
10501,KILLED,198,202,186,188,190,456,457,481,467,469,461,451,471,477,460,447,448,454,185,474,455,459,480,479,473,472,463,465,462,352,28,458,387,383,470
10502,NO_COVERAGE
10503,KILLED,198,186,188,190,461,460
10504,SURVIVED
10505,KILLED,198,208,202
10506,KILLED,198,461,460,455,459,465,462,28,458,470
10507,KILLED,198,208,202,186,188,190,468,466,464,450,261,456,457,481,449,347,467,469,461,451,471,477,460,447,448,454,185,474,455,459,480,479,473,472,463,465,462,352,258,28,458,387,383,470
10508,KILLED,198,461,460
10509,KILLED,198,208,202,451,471,477,447,448,454,185,455,459,462,28,387,383,470
10510,SURVIVED
10511,KILLED,198,208,202,186,188,190,468,466,464,450,261,456,457,481,449,347,467,469,461,451,471,477,460,447,448,454,185,474,455,459,480,479,473,472,463,465,462,352,258,28,458,387,383,470
10512,KILLED,198,208,202,186,188,190,468,466,464,450,261,456,457,481,449,347,467,469,461,451,471,477,460,447,448,454,185,474,455,459,480,479,473,472,463,465,462,352,258,28,458,387,383,470
10513,KILLED,198,208,202,186,188,190,451,471,477,447,448,454,185,455,459,462,28,387,383,470
10514,KILLED,198
10515,KILLED,198,186,188,190,468,466,464,450,261,456,457,481,449,347,467,469,461,451,471,477,460,447,448,454,185,474,455,459,480,479,473,472,463,465,462,352,258,28,458,387,383,470
10516,KILLED,198
10517,KILLED,198,208,202,186,188,190,468,466,464,450,261,456,457,481,449,347,467,469,461,451,471,477,460,447,448,454,185,474,455,459,480,479,473,472,463,465,462,352,258,28,458,387,383,470
10518,KILLED,198
10519,KILLED,198,461,460,455,459,465,462,28,458,470
10520,KILLED,198,461,460,455,459,465,462,28,458,470
10521,KILLED,198,208,202,186,188,190,461,451,471,477,460,447,448,454,185,455,459,462,28,387,383,470
10522,SURVIVED
10523,KILLED,198,208,202,186,188,190,468,466,464,450,261,456,457,481,449,347,467,469,461,451,471,477,460,447,448,454,185,474,455,459,480,479,473,472,463,465,462,352,258,28,458,387,383,470
10524,SURVIVED
10525,KILLED,198
10526,KILLED,198
10527,KILLED,459,462,387
10528,KILLED,198,208,202,186,188,190,461,451,471,477,460,447,448,454,185,455,459,462,28,387,383,470
10529,SURVIVED
10530,KILLED,198,208,202,186,188,190,468,466,464,450,261,456,457,481,449,347,467,469,461,451,471,477,460,447,448,454,185,474,455,459,480,479,473,472,463,465,462,352,258,28,458,387,383,470
10531,KILLED,198,208,202,186,188,190,456,457,481,467,469,461,451,471,477,460,447,448,454,185,474,455,459,480,479,473,472,463,465,462,352,28,458,387,383,470
10532,KILLED,198,208,202,186,188,190,461,451,471,477,460,447,448,454,185,455,459,462,28,387,383,470
10533,TIMED_OUT
10534,TIMED_OUT
10535,KILLED,210
10536,KILLED,210
10537,KILLED,210
10538,KILLED,210
10539,KILLED,210
10540,KILLED,210
10541,KILLED,210
10542,SURVIVED
10543,SURVIVED
10544,KILLED,210
10545,KILLED,210
10546,KILLED,206,209,203,205,186,188,190,468,466,464,261,456,457,481,347,467,469,461,451,471,477,460,447,448,454,185,474,455,459,480,479,473,472,463,465,462,352,258,28,458,387,383,470
10547,KILLED,203,205,196,456,457,481,447,454,185,474,455,459,480,479,473,472,463,465,462,352,28,458,387,383,470
10548,KILLED,206
10549,KILLED,206
10550,KILLED,206,209,203,210,205,196,456,457,481,451,447,448,454,185,474,455,459,480,479,473,472,463,465,462,28,458,387,383,470
10551,SURVIVED
10552,KILLED,206,209,203,210,205,196,456,457,481,461,451,460,447,448,454,185,474,455,459,480,479,473,472,463,465,462,352,28,458,387,383,470
10553,KILLED,203,210,205,196,186,188,190,468,466,464,450,261,456,457,481,449,347,467,469,461,451,471,477,460,447,448,454,185,474,455,459,480,479,473,472,463,465,462,352,258,28,458,387,383,470
10554,KILLED,203,205,196
10555,KILLED,203,205,196,451,448,185,474,473
10556,KILLED,209,203,210,205,196,186,188,190,468,466,464,450,261,456,457,481,449,347,467,469,461,451,471,477,460,447,448,454,185,474,455,459,480,479,473,472,463,465,462,352,258,28,458,387,383,470
10557,KILLED,206,209,203,210,205,196,456,457,481,469,461,451,447,448,454,185,474,455,480,472,352,458,387,383,470
10558,KILLED,206,209,203,210,205,196,456,457,481,467,469,461,451,471,477,460,447,448,454,185,474,455,459,480,479,473,472,463,465,462,352,28,458,387,383,470
10559,KILLED,206,209,203,205,456,481,451,447,448,454,185,474,455,459,473,463,465,462,28,458,387,383,470
10560,KILLED,206,209,203,210,205,196,186,188,190,468,466,464,450,261,456,457,481,449,347,467,469,461,451,471,477,460,447,448,454,185,474,455,459,480,479,473,472,463,465,462,352,258,28,458,387,383,470
10561,KILLED,203,205,196,456,457,481,451,447,448,454,185,474,455,459,480,479,473,472,463,465,462,352,28,458,387,383,470
10562,KILLED,203,205,196,474,473,28
10563,KILLED,206,209,203,210,205,196,456,457,481,467,469,461,451,471,477,460,447,448,454,185,474,455,459,480,479,473,472,463,465,462,352,28,458,387,383,470
10564,KILLED,206,209,203,210,205,196,456,457,481,467,469,461,451,471,477,460,447,448,454,185,474,455,459,480,479,473,472,463,465,462,352,28,458,387,383,470
10565,KILLED,206,209,203,210,205,196,456,457,481,467,469,461,451,471,477,460,447,448,454,185,474,455,459,480,479,473,472,463,465,462,352,28,458,387,383,470
10566,KILLED,206,209,203,210,205,196,186,188,190,468,466,464,450,261,456,457,481,449,347,467,469,461,451,471,477,460,447,448,454,185,474,455,459,480,479,473,472,463,465,462,352,258,28,458,387,383,470
10567,KILLED,203,210,205,196,456,457,481,467,469,461,451,471,477,460,447,448,454,185,474,455,459,480,479,473,472,463,465,462,352,28,458,387,383,470
10568,KILLED,206,209,203,210,205,196,456,457,481,451,447,448,454,185,474,455,459,480,479,473,472,463,465,462,352,28,458,387,383,470
10569,KILLED,206,209,203,210,205,196,186,188,190,468,466,464,450,261,456,457,481,449,347,467,469,461,451,471,477,460,447,448,454,185,474,455,459,480,479,473,472,463,465,462,352,258,28,458,387,383,470
10570,KILLED,206,209,203,210,205,196,186,188,190,468,466,464,450,261,456,457,481,449,347,467,469,461,451,471,477,460,447,448,454,185,474,455,459,480,479,473,472,463,465,462,352,258,28,458,387,383,470
10571,KILLED,206,209,203,210,205,196,186,188,190,468,466,464,450,261,456,457,481,449,347,467,469,461,451,471,477,460,447,448,454,185,474,455,459,480,479,473,472,463,465,462,352,258,28,458,387,383,470
10572,KILLED,206,209,203,205,196,186,188,190,468,466,464,261,456,457,481,347,467,469,461,451,471,477,460,447,448,454,185,474,455,459,480,479,473,472,463,465,462,352,258,28,458,387,383,470
10573,KILLED,206
10574,KILLED,206
10575,SURVIVED
10576,KILLED,206
10577,KILLED,206
10578,KILLED,206
10579,SURVIVED
10580,SURVIVED
10581,KILLED,206,209,203,210,205,196,186,188,190,468,466,464,450,261,456,457,481,449,347,467,469,461,451,471,477,460,447,448,454,185,474,455,459,480,479,473,472,463,465,462,352,258,28,458,387,383,470
10582,KILLED,206
10583,KILLED,206,209,203,210,205,196,456,457,481,451,447,448,454,185,474,455,459,480,479,473,472,463,465,462,352,28,458,387,383,470
10584,SURVIVED
10585,KILLED,206,209,203,210,205,196,186,188,190,468,466,464,450,261,456,457,481,449,347,467,469,461,451,471,477,460,447,448,454,185,474,455,459,480,479,473,472,463,465,462,352,258,28,458,387,383,470
10586,KILLED,206,209,203,210,205,196,186,188,190,468,466,464,450,261,456,457,481,449,347,467,469,461,451,471,477,460,447,448,454,185,474,455,459,480,479,473,472,463,465,462,352,258,28,458,387,383,470
10587,KILLED,203,205,196,456,457,481,447,454,185,474,455,459,480,479,473,472,463,465,462,352,28,458,387,383,470
10588,KILLED,206
10589,KILLED,206,209,203,210,205,196,186,188,190,468,466,464,450,261,456,457,481,449,347,467,469,461,451,471,477,460,447,448,454,185,474,455,459,480,479,473,472,463,465,462,352,258,28,458,387,383,470
10590,KILLED,206,209,203,210,205,196,456,457,481,451,447,448,454,185,474,455,459,473,465,462,28,458,387,383,470
10591,SURVIVED
10592,KILLED,206,209,203,210,205,196,456,457,481,451,447,448,454,185,474,455,459,480,479,473,472,463,465,462,352,28,458,387,383,470
10593,TIMED_OUT
10594,KILLED,199,205,469,26
10595,KILLED,205
10596,KILLED,199,205,467,469,26
10597,NO_COVERAGE
10598,NO_COVERAGE
10599,KILLED,199,205,467,469,26
10600,KILLED,199,205,467
10601,KILLED,199,205,467,469,26
10602,KILLED,199,205,467,469,26
10603,KILLED,199,205,469,26
10604,SURVIVED
10605,KILLED,199,205,469,26
10606,KILLED,199,205,467,469,26
10607,KILLED,199,205,467,469,26
10608,KILLED,199,205,467,469,26
10609,KILLED,199,205,467,469,26
10610,KILLED,199,205,467,469,26
10611,KILLED,199,205,467,469,26
10612,KILLED,199,205,469,26
10613,KILLED,199,205,469,26
10614,KILLED,199,205,469,26
10615,SURVIVED
10616,NO_COVERAGE
10617,NO_COVERAGE
10618,NO_COVERAGE
10619,NO_COVERAGE
10620,NO_COVERAGE
10621,NO_COVERAGE
10622,NO_COVERAGE
10623,NO_COVERAGE
10624,KILLED,199,205,469,26
10625,KILLED,205,467
10626,KILLED,199,205,469,26
10627,KILLED,199,205,469,26
10628,KILLED,205,467
10629,KILLED,205,467
10630,SURVIVED
10631,KILLED,199,205,467,469,26
10632,KILLED,199,205,467,469,26
10633,KILLED,199,205,467,469,26
10634,KILLED,200,201,196
10635,SURVIVED
10636,KILLED,200,201,196
10637,NO_COVERAGE
10638,NO_COVERAGE
10639,KILLED,200,201,196
10640,SURVIVED
10641,KILLED,200,201,196
10642,KILLED,200,201,196
10643,KILLED,200,201,196
10644,KILLED,200,201,196
10645,KILLED,200,201,196
10646,KILLED,200,201,196
10647,KILLED,200,201,196
10648,KILLED,200,201,196
10649,KILLED,200,201,196
10650,KILLED,200,201,196
10651,KILLED,200,201,196
10652,KILLED,200,201,196
10653,KILLED,200,201,196
10654,KILLED,200,201,196
10655,KILLED,200,201,196
10656,KILLED,200,201,196
10657,KILLED,200,201,196
10658,KILLED,200,201,196
10659,KILLED,200,201,196
10660,KILLED,200,201,196
10661,KILLED,200,201,196
10662,KILLED,200,201,196
10663,KILLED,200,201,196
10664,NO_COVERAGE
10665,NO_COVERAGE
10666,NO_COVERAGE
10667,NO_COVERAGE
10668,NO_COVERAGE
10669,NO_COVERAGE
10670,NO_COVERAGE
10671,NO_COVERAGE
10672,KILLED,200,201,196
10673,KILLED,200,201,196
10674,KILLED,200,201,196
10675,KILLED,196
10676,KILLED,196
10677,SURVIVED
10678,KILLED,200,201,196
10679,KILLED,200,201,196
10680,KILLED,200,201,196
10681,KILLED,200,201,196
10682,TIMED_OUT
10683,SURVIVED
10684,SURVIVED
10685,KILLED,89
10686,KILLED,89
10687,SURVIVED
10688,KILLED,89
10689,KILLED,89
10690,NO_COVERAGE
10691,KILLED,198,202,387,383
10692,NO_COVERAGE
10693,KILLED,198,202,387,383
10694,NO_COVERAGE
10695,KILLED,202
10696,SURVIVED
10697,KILLED,198,208,202,446,22,27,30,29,97,23,467,469,26,461,451,471,477,460,447,448,454,185,474,452,455,459,480,479,473,472,463,24,465,462,352,28,458,387,383,397,89,98,470
10698,KILLED,198,208,202,446,22,30,97,26,451,471,477,447,448,454,185,452,455,459,24,462,28,387,383,89,98,470
10699,KILLED,198,208,202,453,446,22,27,30,29,97,23,467,469,26,461,451,471,477,460,447,448,454,185,474,452,455,459,480,479,473,472,463,24,465,462,352,28,458,387,383,397,89,98,470
10700,KILLED,198,208,202,453,446,22,27,30,29,97,23,467,469,26,461,451,471,477,460,447,448,454,185,474,452,455,459,480,479,473,472,463,24,465,462,352,28,458,387,383,397,89,98,470
10701,KILLED,198,208,202,446,22,30,97,26,451,471,477,447,448,454,185,452,455,459,24,462,28,387,383,89,98,470
10702,KILLED,198,208,202,446,22,30,97,26,461,451,471,477,447,448,454,185,452,455,459,24,462,28,387,383,89,98,470
10703,KILLED,198,208,202,446,22,30,97,26,461,451,471,477,460,447,448,454,185,452,455,459,24,462,28,387,383,89,98,470
10704,KILLED,198,208,202,446,22,30,97,26,461,451,471,477,460,447,448,454,185,452,455,459,24,462,28,387,383,89,98,470
10705,KILLED,198,208,202,446,22,30,29,97,467,469,26,461,451,471,477,460,447,448,454,185,474,452,455,459,480,479,473,472,463,24,465,462,352,28,458,387,383,397,89,98,470
10706,KILLED,198,208,202,446,22,30,97,26,461,451,471,477,460,447,448,454,185,452,455,459,24,462,28,387,383,89,98,470
10707,KILLED,198,208,202,446,22,30,97,26,461,451,471,477,447,448,454,185,452,455,459,24,462,28,387,383,89,98,470
10708,KILLED,198,208,202,446,22,30,97,26,461,451,471,477,447,448,454,185,452,455,459,24,462,28,387,383,89,98,470
10709,KILLED,198,208,202,446,22,30,97,26,461,451,471,477,460,447,448,454,185,452,455,459,24,462,28,387,383,89,98,470
10710,KILLED,202
10711,SURVIVED
10712,KILLED,198,208,202,446,22,30,29,97,467,469,26,461,451,471,477,460,447,448,454,185,474,452,455,459,480,479,473,472,463,24,465,462,352,28,458,387,383,397,89,98,470
10713,KILLED,202,22,30,29,467,469,461,451,471,477,460,447,448,454,185,474,455,459,480,479,473,472,463,465,462,352,28,458,387,383,397,470
10714,KILLED,198,208,202,446,22,30,97,26,461,451,471,477,460,447,448,454,185,452,455,459,24,462,28,387,383,89,98,470
10715,TIMED_OUT
10716,KILLED,197
10717,SURVIVED
10718,KILLED,197
10719,KILLED,197,203,205,196,446,22,30,29,97,23,467,469,26,461,451,471,477,460,447,448,454,185,474,452,455,459,480,479,473,472,463,24,465,462,352,28,458,387,383,397,89,98,470
10720,KILLED,203,205,196,446,22,30,29,97,23,467,469,26,461,451,471,477,460,447,448,454,185,474,452,455,459,480,479,473,472,463,24,465,462,352,28,458,387,383,397,89,98,470
10721,KILLED,197,203,205,446,22,30,29,97,23,469,26,461,451,448,185,474,452,455,480,472,24,352,458,387,383,397,89,98,470
10722,KILLED,207
10723,KILLED,207
10724,KILLED,207,453
10725,KILLED,197,207,452
10726,KILLED,197,203,207,205,196,446,22,30,29,97,23,467,469,26,461,451,471,477,460,447,448,454,185,474,452,455,459,480,479,473,472,463,24,465,462,352,28,458,387,383,397,89,98,470
10727,KILLED,197,203,205,196,446,22,30,29,97,23,467,469,26,461,451,471,477,460,447,448,454,185,474,452,455,459,480,479,473,472,463,24,465,462,352,28,458,387,383,397,89,98,470
10728,TIMED_OUT
10729,KILLED,197
10730,KILLED,197,22
10731,KILLED,197,452
10732,KILLED,197,203,207,205,196,446,22,30,29,97,23,467,469,26,461,451,471,477,460,447,448,454,185,474,452,455,459,480,479,473,472,463,24,465,462,352,28,458,387,383,397,89,98,470
10733,KILLED,197,203,205,196,22,29,467,469,461,451,471,477,460,447,448,454,185,474,452,455,459,480,479,473,472,463,465,462,352,28,458,387,383,470
10734,KILLED,197,203,205,196,30,29,451,447,448,454,185,474,452,455,459,473,24,465,462,28,458,387,383,470
10735,KILLED,203,205,196,446,22,30,29,97,23,467,469,26,461,451,471,477,460,447,448,454,185,474,452,455,459,480,479,473,472,463,24,465,462,352,28,458,387,383,397,89,98,470
10736,SURVIVED
10737,KILLED,197,203,205,451,447,448,454,455,459,24,465,462,28,458,387,383,470
10738,KILLED,197,203,205,196,22,30,29,23,451,447,448,454,185,474,455,459,480,479,473,472,463,24,465,462,352,28,458,387,383,470
10739,KILLED,197,203,207,205,196,453,27,30,451,447,448,454,185,474,452,455,459,480,479,473,472,463,24,465,462,352,28,458,387,383,470
10740,KILLED,197,203,207,205,196,446,22,30,29,97,23,467,469,26,461,451,471,477,460,447,448,454,185,474,452,455,459,480,479,473,472,463,24,465,462,352,28,458,387,383,397,89,98,470
10741,KILLED,197,203,207,205,196,22,29
10742,KILLED,197,203,205,30,29,451,447,448,454,474,455,459,473,463,24,465,462,28,458,387,383,470
10743,TIMED_OUT
10744,KILLED,197,203,205,196,30,29,23,451,447,448,454,185,474,452,455,459,480,479,473,472,463,24,465,462,352,28,458,387,383,470
10745,KILLED,197,203,207,205,196,446,22,30,29,97,23,467,469,26,461,451,471,477,460,447,448,454,185,474,452,455,459,480,479,473,472,463,24,465,462,352,28,458,387,383,397,89,98,470
10746,KILLED,197,203,207,205,196,453,22,27,30,451,447,448,454,185,474,452,455,459,480,479,473,472,463,24,465,462,352,28,458,387,383,470
10747,KILLED,197,452
10748,KILLED,197,203,207,205,196,453,30,23,451,447,448,454,185,474,452,455,459,480,479,473,472,463,24,465,462,352,28,458,387,383,470
10749,KILLED,197,203,205,196,446,22,30,29,97,23,467,469,26,461,451,471,477,460,447,448,454,185,474,452,455,459,480,479,473,472,463,24,465,462,352,28,458,387,383,397,89,98,470
10750,KILLED,197,203,207,205,196,446,22,30,29,97,23,26,451,447,448,454,185,474,452,455,459,480,479,473,472,463,24,465,462,352,28,458,387,383,397,89,98,470
10751,KILLED,197,203,205,196,453,22,30,29,23,467,469,461,451,471,477,460,447,448,454,185,474,452,455,459,480,479,473,472,463,24,465,462,352,28,458,387,383,470
10752,KILLED,197,203,207,205,196,453,30,451,447,448,454,185,474,452,455,459,480,479,473,472,463,24,465,462,352,28,458,387,383,470
10753,KILLED,197,203,205,196,446,22,30,29,97,23,467,469,26,461,451,471,477,460,447,448,454,185,474,452,455,459,480,479,473,472,463,24,465,462,352,28,458,387,383,397,89,98,470
10754,KILLED,197,203,207,205,196,446,22,30,29,97,23,467,469,26,461,451,471,477,460,447,448,454,185,474,452,455,459,480,479,473,472,463,24,465,462,352,28,458,387,383,397,89,98,470
10755,KILLED,207
10756,KILLED,207
10757,KILLED,207
10758,SURVIVED
10759,SURVIVED
10760,KILLED,197,22
10761,KILLED,197,452
10762,KILLED,197,203,207,205,196,453,27,30,451,447,448,454,185,474,452,455,459,480,479,473,472,463,24,465,462,352,28,458,387,383,470
10763,KILLED,197,203,205,196,22,29,467,469,461,451,471,477,460,447,448,454,185,474,452,455,459,480,479,473,472,463,465,462,352,28,458,387,383,470
10764,KILLED,197,203,207,205,196,453,27,30,451,447,448,454,185,474,452,455,459,480,479,473,472,463,24,465,462,352,28,458,387,383,470
10765,KILLED,197,203,207,205,196,453,27,30,451,447,448,454,185,474,452,455,459,480,479,473,472,463,24,465,462,352,28,458,387,383,470
10766,KILLED,197,446,22,30,29,97,23,26,452,24,387,383,397,89,98
10767,KILLED,197,203,207,205,196,453,27,30,451,447,448,454,185,474,452,455,459,480,479,473,472,463,24,465,462,352,28,458,387,383,470
10768,KILLED,207
10769,KILLED,197,452
10770,KILLED,197,203,205,196,446,22,30,29,97,23,467,469,26,461,451,471,477,460,447,448,454,185,474,452,455,459,480,479,473,472,463,24,465,462,352,28,458,387,383,397,89,98,470
10771,KILLED,197,203,207,205,196,453,27,30,451,447,448,454,185,474,452,455,459,480,479,473,472,463,24,465,462,352,28,458,387,383,470
10772,KILLED,197,203,205,196,446,22,30,29,97,23,467,469,26,461,451,471,477,460,447,448,454,185,474,452,455,459,480,479,473,472,463,24,465,462,352,28,458,387,383,397,89,98,470
10773,KILLED,207
10774,KILLED,197,203,205,196,446,22,30,29,97,23,467,469,26,461,451,471,477,460,447,448,454,185,474,452,455,459,480,479,473,472,463,24,465,462,352,28,458,387,383,397,89,98,470
10775,SURVIVED
10776,KILLED,197
10777,KILLED,197,203,205,196,446,22,30,29,97,23,467,469,26,461,451,471,477,460,447,448,454,185,474,452,455,459,480,479,473,472,463,24,465,462,352,28,458,387,383,397,89,98,470
10778,KILLED,207,453
10779,KILLED,197,203,205,196,446,22,30,29,97,23,467,469,26,461,451,471,477,460,447,448,454,185,474,452,455,459,480,479,473,472,463,24,465,462,352,28,458,387,383,397,89,98,470
10780,KILLED,197,22
10781,KILLED,197,203,205,196,22,451,447,448,454,185,24,470
10782,TIMED_OUT
10783,TIMED_OUT
10784,TIMED_OUT
10785,SURVIVED
10786,KILLED,205,446,22,30,29,97,23,467,469,461,451,471,477,460,447,448,454,185,474,452,455,459,480,479,473,472,463,24,465,462,352,28,458,387,383,397,89,98,470
10787,KILLED,200,201,196
10788,KILLED,200,201,196
10789,KILLED,196
10790,SURVIVED
10791,KILLED,205,196,446,22,30,29,97,23,467,469,26,461,451,471,477,460,447,448,454,185,474,452,455,459,480,479,473,472,463,24,465,462,352,28,458,387,383,397,89,98,470
10792,KILLED,199,200,201,205,196,446,22,30,29,97,23,467,469,26,461,451,471,477,460,447,448,454,185,474,452,455,459,480,479,473,472,463,24,465,462,352,28,458,387,383,397,89,98,470
10793,KILLED,200,201,196
10794,KILLED,199,205,196,467,469,26
10795,KILLED,205,196,453,27,30,451,447,448,454,185,474,452,455,459,480,479,473,472,463,24,465,462,352,28,458,387,383,470
10796,KILLED,200,201,196
10797,KILLED,199,205,467,469,26
10798,KILLED,205,196,446,22,30,29,97,23,467,469,26,461,451,471,477,460,447,448,454,185,474,452,455,459,480,479,473,472,463,24,465,462,352,28,458,387,383,397,89,98,470
10799,KILLED,200,201,196
10800,KILLED,199,200,201,205,196,467,469,26
10801,KILLED,196
10802,KILLED,196
10803,KILLED,199,205,467,469,26
10804,KILLED,205,196,22,451,447,448,454,185,24,470
10805,KILLED,200,201,196
10806,KILLED,199,205,467,469,26
10807,KILLED,204,446,22,27,30,29,97,23,467,469,26,461,451,471,477,460,447,448,454,185,474,452,455,459,480,479,473,472,463,24,465,462,352,28,458,387,383,397,89,98,470
10808,KILLED,204,22,30,26,185
10809,SURVIVED
10810,KILLED,204,22,26,185,397
10811,KILLED,22,185
10812,SURVIVED
10813,SURVIVED
10814,SURVIVED
10815,SURVIVED
10816,KILLED,204,446,22,27,30,29,97,23,467,469,26,461,451,471,477,460,447,448,454,185,474,452,455,459,480,479,473,472,463,24,465,462,352,28,458,387,383,397,89,98,470
10817,SURVIVED
10818,KILLED,26
10819,SURVIVED
10820,KILLED,204,22,30,26,185,397
10821,SURVIVED
10822,KILLED,204,22,30,26,185
10823,SURVIVED
10824,KILLED,204,22,26,185,397
10825,SURVIVED
10826,SURVIVED
10827,SURVIVED
10828,KILLED,204,22,30,26,185,397
10829,SURVIVED
10830,KILLED,204,22,30,26,185
10831,SURVIVED
10832,KILLED,204,22,30,26,185,397
10833,KILLED,204,162,159
10834,KILLED,204,22,30,26,185,397
10835,KILLED,204,22,30,26,185,397
10836,SURVIVED
10837,KILLED,204,26,397
10838,KILLED,204,162,159
10839,SURVIVED
10840,KILLED,204,162,159
10841,KILLED,204,30,26,185,397
10842,KILLED,204,22,30,26,185,397
10843,KILLED,204,22,30,26,185,397
10844,KILLED,204,22,30,26,185,397
10845,SURVIVED
10846,SURVIVED
10847,KILLED,204,26,162,159
10848,KILLED,204,162,159
10849,KILLED,204,162,159,397
10850,KILLED,204,162,159
10851,KILLED,204,162,159
10852,KILLED,26
10853,SURVIVED
10854,KILLED,204,162,159
10855,KILLED,204,22,30,26,185,397
10856,KILLED,204,22,30,26,185,397
10857,KILLED,204,22,30,26,185,397
10858,KILLED,204,22,30,26,185,397
10859,KILLED,204,22,30,26,185,397
10860,SURVIVED
10861,KILLED,204,397
10862,KILLED,204,446,22,27,30,29,97,23,467,469,26,461,451,471,477,460,447,448,454,185,474,452,455,459,480,479,473,472,463,24,465,462,352,28,458,387,383,397,89,98,470
10863,KILLED,204,30,26,185,397
10864,KILLED,204,22,30,26,185,397
10865,SURVIVED
10866,SURVIVED
10867,SURVIVED
10868,SURVIVED
10869,KILLED,204,162,159
10870,KILLED,204,22,30,26,162,185,159,397
10871,SURVIVED
10872,TIMED_OUT
10873,KILLED,154
10874,KILLED,147,145,154,152,149,148,153,151,150,155,146,6,218,16,300,13,15,332,178,238,220,214,241,336,179,217,215,7,3,359,10,14,11,12,8,2,5,364,240
10875,KILLED,147,145,154,152,149,148,153,151,150,155,146,6,218,16,300,13,15,332,178,238,220,214,241,336,179,217,215,7,3,359,10,14,11,12,8,2,5,364,240
10876,KILLED,148,364
10877,KILLED,147,145,154,152,149,148,153,151,150,155,146,6,218,16,300,13,15,332,178,238,220,214,241,336,179,217,215,7,3,359,10,14,11,12,8,2,5,364,294,240
10878,SURVIVED
10879,SURVIVED
10880,KILLED,147,145,154,152,149,148,151,150,146,6,218,16,300,13,238,220,214,241,336,179,217,215,359,11,364,240
10881,KILLED,147,145,154,152,149,148,151,150,146,6,218,16,300,13,15,238,220,214,241,336,179,217,215,7,3,359,10,14,11,12,8,2,5,364,240
10882,KILLED,147,145,154,152,149,148,153,151,150,155,146,6,218,16,300,13,15,332,178,238,220,214,241,336,179,217,215,7,3,10,14,11,12,8,2,5,364,240
10883,SURVIVED
10884,KILLED,152,149,153,146,13,238,241,359,364,240
10885,SURVIVED
10886,KILLED,152,149,153,146,13,238,241,359,364,240
10887,SURVIVED
10888,KILLED,145,154,152,149,148,153,151,150,155,6,218,16,300,13,15,332,178,238,241,359,10,14,11,12,8,2,5,240
10889,KILLED,147,145,154,152,149,148,151,150,146,6,218,16,300,13,238,220,214,241,336,179,217,215,359,11,364,294,240
10890,SURVIVED
10891,KILLED,152,149,153,146,13,238,241,359,364,240
10892,KILLED,147,145,154,152,149,153,150,146,6,218,16,300,13,178,238,220,214,241,336,179,217,215,359,11,364,240
10893,SURVIVED
10894,KILLED,147,145,154,152,149,148,153,151,150,155,146,6,218,16,300,13,15,332,178,238,220,214,241,336,179,217,215,7,3,359,10,14,11,12,8,2,5,364,240
10895,KILLED,147,145,154,152,149,148,153,151,150,155,146,6,218,16,300,13,15,332,178,238,220,214,241,336,179,217,215,7,3,359,10,14,11,12,8,2,5,364,240
10896,KILLED,150
10897,KILLED,147,145,154,152,149,148,153,151,150,155,146,6,218,16,300,13,15,332,178,238,220,214,241,336,179,217,215,7,3,359,10,14,11,12,8,2,5,364,240
10898,KILLED,147,145,154,152,149,148,153,151,150,155,146,6,218,16,300,13,15,332,178,238,220,214,241,336,179,217,215,7,3,359,10,14,11,12,8,2,5,364,240
10899,KILLED,147,145,154,152,149,148,153,151,150,155,146,6,218,16,300,13,15,332,178,238,220,214,241,336,179,217,215,7,3,359,10,14,11,12,8,2,5,364,240
10900,KILLED,148,364
10901,SURVIVED
10902,SURVIVED
10903,KILLED,145,154,152,149,148,153,151,150,155,6,218,16,300,13,15,332,178,238,241,359,10,14,11,12,8,2,5,240
10904,KILLED,154,13,11
10905,KILLED,147,145,154,152,149,148,153,151,150,155,146,6,218,16,300,13,15,332,178,238,220,214,241,336,179,217,215,7,3,359,10,14,11,12,8,2,5,364,294,240
10906,SURVIVED
10907,NO_COVERAGE
10908,NO_COVERAGE
10909,NO_COVERAGE
10910,KILLED,238,241,240
10911,KILLED,218,300,238,241,240
10912,SURVIVED
10913,SURVIVED
10914,SURVIVED
10915,SURVIVED
10916,NO_COVERAGE
10917,SURVIVED
10918,NO_COVERAGE
10919,NO_COVERAGE
10920,NO_COVERAGE
10921,SURVIVED
10922,SURVIVED
10923,NO_COVERAGE
10924,NO_COVERAGE
10925,SURVIVED
10926,NO_COVERAGE
10927,KILLED,153,151,15,332,178,238,241,7,3,10,14,12,8,2,5,240
10928,KILLED,153,151,15,332,178,238,241,7,3,10,14,12,8,2,5,240
10929,KILLED,147
10930,KILLED,147
10931,KILLED,147
10932,NO_COVERAGE
10933,KILLED,147
10934,SURVIVED
10935,NO_COVERAGE
10936,KILLED,148,364
10937,SURVIVED
10938,KILLED,148,364
10939,KILLED,148,364
10940,KILLED,148,364
10941,KILLED,148,364
10942,KILLED,148
10943,NO_COVERAGE
10944,NO_COVERAGE
10945,NO_COVERAGE
10946,NO_COVERAGE
10947,NO_COVERAGE
10948,NO_COVERAGE
10949,NO_COVERAGE
10950,NO_COVERAGE
10951,NO_COVERAGE
10952,NO_COVERAGE
10953,NO_COVERAGE
10954,NO_COVERAGE
10955,KILLED,147,145,154,152,149,150,146,6,218,16,300,13,220,214,336,179,217,215,359,11
10956,KILLED,147,145,154,152,149,150,146,6,218,16,300,13,220,214,336,179,217,215,359,11
10957,KILLED,147,145,154,152,149,150,146,6,218,16,300,13,220,214,336,179,217,215,359,11
10958,KILLED,147,145,154,152,149,150,146,6,218,16,300,13,220,214,336,179,217,215,359,11
10959,KILLED,147,145,154,152,149,150,146,6,218,16,300,13,220,214,336,179,217,215,359,11
10960,KILLED,154
10961,KILLED,147,145,154,152,149,150,146,6,218,16,300,13,220,214,336,179,217,215,359,11
10962,KILLED,147,152,149,153,146,13,238,241,359,364,240
10963,KILLED,152
10964,KILLED,238,241,240
10965,KILLED,238,241,240
10966,KILLED,147,364
10967,KILLED,147,364
10968,NO_COVERAGE
10969,NO_COVERAGE
10970,KILLED,364
10971,KILLED,147,152,149,153,146,300,13,238,241,359,364,240
10972,KILLED,147,152,149,153,146,13,238,241,359,364,240
10973,KILLED,152,149,153,238,241,359,364,240
10974,KILLED,152,149,153,146,238,241,364,240
10975,KILLED,152,238,241,240
10976,KILLED,147,152,149,153,146,13,238,241,359,364,240
10977,KILLED,152,238,241,240
10978,KILLED,238,241,240
10979,KILLED,238,241,240
10980,KILLED,238,241,240
10981,KILLED,238,241,240
10982,NO_COVERAGE
10983,NO_COVERAGE
10984,NO_COVERAGE
10985,NO_COVERAGE
10986,SURVIVED
10987,KILLED,147,152,149,153,146,300,13,238,241,359,364,240
10988,NO_COVERAGE
10989,KILLED,149,153,146,13,359
10990,KILLED,152
10991,KILLED,238,241,240
10992,KILLED,147,364
10993,KILLED,300
10994,SURVIVED
10995,KILLED,149,153,146,13,359
10996,KILLED,152
10997,KILLED,238,241,240
10998,KILLED,147,364
10999,KILLED,147,152,149,153,146,13,238,241,359,364,240
11000,KILLED,153
11001,KILLED,153
11002,SURVIVED
11003,KILLED,153
11004,KILLED,153
11005,KILLED,153
11006,KILLED,153
11007,KILLED,153
11008,KILLED,153
11009,SURVIVED
11010,SURVIVED
11011,KILLED,153
11012,SURVIVED
11013,KILLED,153
11014,KILLED,153
11015,SURVIVED
11016,KILLED,147,145,154,152,149,148,153,151,150,155,146,6,218,16,300,13,15,332,178,238,220,214,241,336,179,217,215,7,3,359,10,14,11,12,8,2,5,364,240
11017,NO_COVERAGE
11018,KILLED,147,145,154,152,149,148,153,151,150,155,146,6,218,16,300,13,15,332,178,238,220,214,241,336,179,217,215,7,3,359,10,14,11,12,8,2,5,364,240
11019,SURVIVED
11020,KILLED,147,145,154,152,149,148,151,150,146,6,218,16,300,13,238,220,214,241,336,179,217,215,359,11,364,240
11021,KILLED,147,145,154,152,149,148,153,151,150,155,146,6,218,16,300,13,15,332,178,238,220,214,241,336,179,217,215,7,3,359,10,14,11,12,8,2,5,364,240
11022,SURVIVED
11023,KILLED,147,145,154,152,148,151,150,6,13,336,11,364
11024,SURVIVED
11025,SURVIVED
11026,KILLED,147,145,154,152,149,148,151,150,146,6,218,16,300,13,238,220,214,241,336,179,217,215,359,11,364,240
11027,KILLED,147,145,154,152,149,148,153,151,150,155,146,6,218,16,300,13,15,332,178,238,220,214,241,336,179,217,215,7,3,359,10,14,11,12,8,2,5,364,240
11028,SURVIVED
11029,KILLED,147,145,154,152,149,148,153,151,150,155,146,6,218,16,300,13,15,332,178,238,220,214,241,336,179,217,215,7,3,359,10,14,11,12,8,2,5,364,240
11030,KILLED,147,145,154,152,149,148,153,151,150,155,146,6,218,16,300,13,15,332,178,238,220,214,241,336,179,217,215,7,3,359,10,14,11,12,8,2,5,364,240
11031,KILLED,147,145,154,152,149,148,153,151,150,155,146,6,218,16,300,13,15,332,178,238,220,214,241,336,179,217,215,7,3,359,10,14,11,12,8,2,5,364,240
11032,KILLED,147,145,154,152,149,148,153,151,150,155,146,6,218,16,300,13,15,332,178,238,220,214,241,336,179,217,215,7,3,359,10,14,11,12,8,2,5,364,240
11033,KILLED,147,145,154,152,149,148,151,150,146,6,218,16,300,13,238,220,214,241,336,179,217,215,359,11,364,240
11034,KILLED,147,145,154,152,149,148,153,151,150,155,146,6,218,16,300,13,15,332,178,238,220,214,241,336,179,217,215,7,3,359,10,14,11,12,8,2,5,364,240
11035,SURVIVED
11036,SURVIVED
11037,SURVIVED
11038,SURVIVED
11039,SURVIVED
11040,KILLED,147,145,154,152,149,148,153,151,150,155,146,6,218,16,300,13,15,332,178,238,220,214,241,336,179,217,215,7,3,359,10,14,11,12,8,2,5,364,240
11041,KILLED,147,145,154,152,149,148,153,151,155,146,6,218,16,300,13,15,332,178,238,220,214,241,336,179,217,215,7,3,359,10,14,11,12,8,2,5,364,240
11042,KILLED,147,145,154,152,149,148,153,151,150,155,146,6,218,16,300,13,15,332,178,238,220,214,241,336,179,217,215,7,3,359,10,14,11,12,8,2,5,364,240
11043,SURVIVED
11044,KILLED,147,145,154,152,149,148,153,151,150,155,146,6,218,16,300,13,15,332,178,238,220,214,241,336,179,217,215,7,3,359,10,14,11,12,8,2,5,364,240
11045,KILLED,147,145,154,152,149,148,153,151,155,146,6,218,16,300,13,15,332,178,238,220,214,241,336,179,217,215,7,3,359,10,14,11,12,8,2,5,364,240
11046,KILLED,147,145,154,152,149,148,153,151,155,146,6,218,16,300,13,15,332,178,238,220,214,241,336,179,217,215,7,3,359,10,14,11,12,8,2,5,364,240
11047,SURVIVED
11048,KILLED,147,145,154,152,149,148,153,151,150,155,146,6,218,16,300,13,15,332,178,238,220,214,241,336,179,217,215,7,3,359,10,14,11,12,8,2,5,364,240
11049,SURVIVED
11050,KILLED,147,145,154,152,149,148,153,151,150,155,146,6,218,16,300,13,15,332,178,238,220,214,241,336,179,217,215,7,3,359,10,14,11,12,8,2,5,364,240
11051,KILLED,147,145,154,152,149,148,153,151,155,146,6,218,16,300,13,15,332,178,238,220,214,241,336,179,217,215,7,3,359,10,14,11,12,8,2,5,364,240
11052,KILLED,147,145,154,152,149,148,153,151,155,146,6,218,16,300,13,15,332,178,238,220,214,241,336,179,217,215,7,3,359,10,14,11,12,8,2,5,364,240
11053,SURVIVED
11054,SURVIVED
11055,SURVIVED
11056,SURVIVED
11057,SURVIVED
11058,KILLED,147,145,154,152,149,148,153,151,150,155,146,6,218,16,300,13,15,332,178,238,220,214,241,336,179,217,215,7,3,359,10,14,11,12,8,2,5,364,240
11059,KILLED,147,145,154,152,149,148,153,151,150,155,146,6,218,16,300,13,15,332,178,238,220,214,241,336,179,217,215,7,3,359,10,14,11,12,8,2,5,364,240
11060,KILLED,147,145,154,152,149,148,153,151,150,155,146,6,218,16,300,13,15,332,178,238,220,214,241,336,179,217,215,7,3,359,10,14,11,12,8,2,5,364,240
11061,KILLED,147,145,154,152,149,148,153,151,155,146,6,218,16,300,13,15,332,178,238,220,214,241,336,179,217,215,7,3,359,10,14,11,12,8,2,5,364,240
11062,KILLED,147,145,154,152,149,148,153,151,155,146,6,218,16,300,13,15,332,178,238,220,214,241,336,179,217,215,7,3,359,10,14,11,12,8,2,5,364,240
11063,KILLED,150
11064,KILLED,147,145,154,152,149,148,153,151,155,146,6,218,16,300,13,15,332,178,238,220,214,241,336,179,217,215,7,3,359,10,14,11,12,8,2,5,364,240
11065,KILLED,147,145,154,152,149,148,153,151,155,146,6,218,16,300,13,15,332,178,238,220,214,241,336,179,217,215,7,3,359,10,14,11,12,8,2,5,364,240
11066,KILLED,147,145,154,152,149,148,153,151,155,146,6,218,16,300,13,15,332,178,238,220,214,241,336,179,217,215,7,3,359,10,14,11,12,8,2,5,364,240
11067,KILLED,147,145,154,152,149,148,153,151,155,146,6,218,16,300,13,15,332,178,238,220,214,241,336,179,217,215,7,3,359,10,14,11,12,8,2,5,364,240
11068,KILLED,147,145,154,152,149,148,153,151,155,146,6,218,16,300,13,15,332,178,238,220,214,241,336,179,217,215,7,3,359,10,14,11,12,8,2,5,364,240
11069,NO_COVERAGE
11070,KILLED,150
11071,KILLED,150
11072,KILLED,150
11073,KILLED,150
11074,KILLED,150
11075,KILLED,150
11076,SURVIVED
11077,KILLED,150
11078,KILLED,150
11079,KILLED,150
11080,KILLED,150
11081,KILLED,150
11082,KILLED,150
11083,KILLED,150
11084,KILLED,150
11085,KILLED,294
11086,KILLED,147,145,154,152,149,148,153,151,155,146,6,218,16,300,13,15,332,178,238,220,214,241,336,179,217,215,7,3,359,10,14,11,12,8,2,5,364,240
11087,SURVIVED
11088,KILLED,147,145,154,152,149,148,153,151,150,155,146,6,218,16,300,13,15,332,178,238,220,214,241,336,179,217,215,7,3,359,10,14,11,12,8,2,5,364,240
11089,KILLED,147,145,154,152,149,148,153,151,150,155,146,6,218,16,300,13,15,332,178,238,220,214,241,336,179,217,215,7,3,359,10,14,11,12,8,2,5,364,240
11090,SURVIVED
11091,KILLED,147,145,154,152,149,148,153,151,150,155,146,6,218,16,300,13,15,332,178,238,220,214,241,336,179,217,215,7,3,359,10,14,11,12,8,2,5,364,240
11092,SURVIVED
11093,KILLED,152,149,153,146,218,13,359,364
11094,KILLED,178,220,214,217,215
11095,KILLED,147,145,154,152,149,148,151,150,146,6,218,16,300,13,15,238,220,214,241,336,179,217,215,7,3,359,10,14,11,12,8,2,5,364,240
11096,KILLED,147,145,154,152,148,151,150,146,6,218,13,238,220,214,241,336,217,215,11,364
11097,KILLED,147,145,154,152,149,148,151,150,146,6,218,13,238,220,214,241,336,179,217,215,359,11,12,8,364
11098,SURVIVED
11099,SURVIVED
11100,KILLED,147,145,154,152,149,148,153,146,6,16,13,15,332,178,238,220,214,241,336,179,217,215,7,3,10,14,11,12,8,2,5,364,240
11101,KILLED,154,13,11
11102,KILLED,147,145,154,152,149,148,153,151,150,155,146,6,218,16,300,13,15,332,178,238,220,214,241,336,179,217,215,7,3,359,10,14,11,12,8,2,5,364,240
11103,KILLED,147,145,154,152,149,148,153,151,150,155,146,6,218,16,300,13,15,332,178,238,220,214,241,336,179,217,215,7,3,359,10,14,11,12,8,2,5,364,240
11104,KILLED,145,154,152,149,148,153,151,150,155,218,300,13,332,178,238,241,359,11,240
11105,KILLED,147,145,154,152,149,148,153,151,150,155,146,6,218,16,300,13,15,332,178,238,220,214,241,336,179,217,215,7,3,359,10,14,11,12,8,2,5,364,240
11106,KILLED,147,145,154,152,149,148,153,151,150,155,146,6,218,16,300,13,15,332,178,238,220,214,241,336,179,217,215,7,3,359,10,14,11,12,8,2,5,364,240
11107,KILLED,147,145,154,152,149,148,153,151,150,155,146,6,218,16,300,13,15,332,178,238,220,214,241,336,179,217,215,7,3,359,10,14,11,12,8,2,5,364,240
11108,KILLED,147,145,154,152,149,148,153,151,150,155,146,6,218,16,300,13,15,332,178,238,220,214,241,336,179,217,215,7,3,359,10,14,11,12,8,2,5,364,240
11109,KILLED,147,145,154,152,149,148,151,150,155,146,6,218,16,300,13,15,238,220,214,241,336,179,217,215,7,3,359,10,14,11,12,8,2,5,364,240
11110,KILLED,147,145,154,152,149,148,151,150,155,146,6,218,16,300,13,15,238,220,214,241,336,179,217,215,7,3,359,10,14,11,12,8,2,5,364,240
11111,KILLED,147,145,154,152,149,148,151,150,155,146,6,218,16,300,13,15,238,220,214,241,336,179,217,215,7,3,359,10,14,11,12,8,2,5,364,240
11112,KILLED,147,145,154,152,149,148,151,150,155,146,6,218,16,300,13,15,238,220,214,241,336,179,217,215,7,3,359,10,14,11,12,8,2,5,364,240
11113,KILLED,147,145,154,152,149,148,153,151,150,155,6,218,16,300,13,15,332,178,238,241,336,11,12,8,364,240
11114,KILLED,147,145,154,152,149,148,153,151,150,155,6,218,16,300,13,15,332,178,238,241,336,359,11,12,8,364,240
11115,KILLED,147,145,154,152,149,148,153,151,155,6,218,16,300,13,15,332,178,238,241,336,11,12,8,2,364,240
11116,KILLED,147,145,154,152,149,148,153,151,155,6,218,16,300,13,15,332,178,238,241,336,11,12,8,2,364,240
11117,KILLED,147,145,154,152,149,148,153,151,155,6,218,16,300,13,15,332,178,238,241,336,11,12,8,2,364,240
11118,KILLED,145,152,149,148,153,151,155,13,15,332,178,238,241,336,11,12,8,2,364
11119,KILLED,147,145,154,152,149,148,153,151,150,155,146,6,218,16,300,13,15,332,178,238,220,214,241,336,179,217,215,7,3,359,10,14,11,12,8,2,5,364,240
11120,SURVIVED
11121,SURVIVED
11122,SURVIVED
11123,KILLED,154
11124,KILLED,6,15,2,5
11125,KILLED,154,13,11
11126,KILLED,154,13,11
11127,SURVIVED
11128,KILLED,147,145,154,152,149,148,153,151,150,155,146,6,218,16,300,13,15,332,178,238,220,214,241,336,179,217,215,7,3,359,10,14,11,12,8,2,5,364,240
11129,KILLED,6,15
11130,KILLED,152,218,238,241,364,240
11131,KILLED,178,220,214,217,215
11132,KILLED,178,220,214,217,215
11133,KILLED,238,241,240
11134,KILLED,152,149,153,146,238,241,364,240
11135,KILLED,149,150,220,214
11136,KILLED,147,145,154,152,149,148,151,150,146,6,218,16,300,13,15,238,220,214,241,336,179,217,215,7,3,359,10,14,11,12,8,2,5,364,240
11137,KILLED,145,154,148,151,150,13,336,11
11138,SURVIVED
11139,SURVIVED
11140,SURVIVED
11141,SURVIVED
11142,KILLED,147,145,152,149,148,153,151,150,146,6,218,16,300,13,15,332,238,220,214,241,336,179,217,215,7,3,359,10,14,11,12,8,2,5,364,240
11143,KILLED,152,148,153,13,332,178,336,11,12,8,2,364
11144,KILLED,147,145,154,152,149,148,153,146,6,16,13,15,332,178,238,220,214,241,336,179,217,215,7,3,10,14,11,12,8,2,5,364,240
11145,KILLED,147,145,154,152,149,148,151,150,146,6,218,16,300,13,238,220,214,241,336,179,217,215,359,11,364,240
11146,SURVIVED
11147,KILLED,154,13,11
11148,KILLED,6,15
11149,KILLED,154,13,11
11150,KILLED,154,13,11
11151,KILLED,6,15,2,5
11152,SURVIVED
11153,SURVIVED
11154,KILLED,147,145,154,152,149,148,151,150,146,6,218,16,300,13,15,238,220,214,241,336,179,217,215,7,3,359,10,14,11,12,8,2,5,364,240
11155,SURVIVED
11156,KILLED,300,238,241,240
11157,KILLED,147,152,149,153,146,218,13,238,241,359,364,240
11158,KILLED,178,220,214,217,215
11159,KILLED,238,241,240
11160,KILLED,152,149,153,146,238,241,364,240
11161,KILLED,149,150,220,214,217,215
11162,SURVIVED
11163,SURVIVED
11164,KILLED,147,145,154,152,149,148,151,150,146,6,218,16,300,13,15,238,220,214,241,336,179,217,215,7,3,359,10,14,11,12,8,2,5,364,240
11165,KILLED,147,145,152,149,148,153,151,150,146,6,218,16,300,13,15,332,238,220,214,241,336,179,217,215,7,3,359,10,14,11,12,8,2,5,364,240
11166,KILLED,145,154,148,151,150,13,336,11
11167,KILLED,150
11168,KILLED,150
11169,SURVIVED
11170,SURVIVED
11171,KILLED,147,145,154,152,149,148,153,151,150,155,146,6,218,16,300,13,15,332,178,238,220,214,241,336,179,217,215,7,3,359,10,14,11,12,8,2,5,364,240
11172,KILLED,147,145,154,152,149,148,153,151,150,155,146,6,218,16,300,13,15,332,178,238,220,214,241,336,179,217,215,7,3,359,10,14,11,12,8,2,5,364,240
11173,KILLED,147,145,154,152,149,148,153,151,150,155,146,6,218,16,300,13,15,332,178,238,220,214,241,336,179,217,215,7,3,359,10,14,11,12,8,2,5,364,240
11174,KILLED,147,145,154,152,149,148,153,151,150,155,146,6,218,16,300,13,15,332,178,238,220,214,241,336,179,217,215,7,3,359,10,14,11,12,8,2,5,364,240
11175,KILLED,147,145,154,152,149,148,153,151,150,155,146,6,218,16,300,13,15,332,178,238,220,214,241,336,179,217,215,7,3,359,10,14,11,12,8,2,5,364,240
11176,KILLED,147,145,154,152,149,148,153,151,150,155,146,6,218,16,300,13,15,332,178,238,220,214,241,336,179,217,215,7,3,359,10,14,11,12,8,2,5,364,240
11177,KILLED,147,145,154,152,149,148,153,151,150,155,146,6,218,16,300,13,15,332,178,238,220,214,241,336,179,217,215,7,3,359,10,14,11,12,8,2,5,364,240
11178,KILLED,147,145,154,152,149,148,153,151,150,155,146,6,218,16,300,13,15,332,178,238,241,336,179,217,215,7,3,359,10,14,11,12,8,2,5,364,240
11179,KILLED,147,145,154,152,149,148,153,151,150,155,6,218,300,13,332,178,336,359,11,12,8,364,240
11180,KILLED,147,145,154,152,149,148,153,151,150,155,6,218,16,300,13,15,332,178,336,7,359,14,11,12,8,5,364,240
11181,KILLED,147,145,154,152,149,148,153,151,150,155,6,218,16,300,13,15,332,178,336,7,3,10,14,11,12,8,2,5,364,240
11182,KILLED,147,145,154,152,149,148,153,151,150,155,6,218,16,300,13,15,332,178,336,7,3,10,14,11,12,8,2,5,364,240
11183,KILLED,147,145,154,152,149,148,153,151,150,155,6,218,16,300,13,15,332,178,336,7,3,10,14,11,12,8,2,5,364,240
11184,KILLED,147,145,154,152,149,148,153,151,155,6,218,16,300,13,15,332,178,238,241,336,11,12,8,2,364,240
11185,KILLED,178
11186,KILLED,152,149,153,146,13,238,241,359,364,240
11187,KILLED,145,154,152,149,148,153,151,150,155,218,300,13,332,178,238,241,359,11,240
11188,KILLED,147,145,154,152,149,148,153,151,150,155,146,6,218,16,300,13,15,332,178,238,220,214,241,336,179,217,215,7,3,359,10,14,11,12,8,2,5,364,240
11189,KILLED,147,145,154,152,149,150,146,6,218,16,300,13,220,214,336,179,217,215,359,11
11190,KILLED,147,145,154,152,149,148,153,151,150,155,146,6,218,16,300,13,15,332,178,238,220,214,241,336,179,217,215,7,3,359,10,14,11,12,8,2,5,364,240
11191,SURVIVED
11192,NO_COVERAGE
11193,KILLED,147,145,154,152,149,148,153,151,150,155,146,6,218,16,300,13,15,332,178,238,220,214,241,336,179,217,215,7,3,359,10,14,11,12,8,2,5,364,240
11194,KILLED,147,145,154,152,149,148,153,151,150,155,146,6,218,16,300,13,15,332,178,238,220,214,241,336,179,217,215,7,3,10,14,11,12,8,2,5,364,240
11195,KILLED,152,149,153,238,241,364,240
11196,KILLED,152,149,153,238,241,364,240
11197,KILLED,152,149,153,238,241,364,240
11198,KILLED,147,145,154,152,149,148,153,151,150,155,146,6,218,16,300,13,15,332,178,238,220,214,241,336,179,217,215,7,3,359,10,14,11,12,8,2,5,364,240
11199,KILLED,147,145,154,152,149,148,153,151,150,155,146,6,218,16,300,13,15,332,178,238,220,214,241,336,179,217,215,7,3,359,10,14,11,12,8,2,5,364,240
11200,KILLED,152,149,153,146,238,241,364,240
11201,KILLED,152,149,153,238,241,364,240
11202,KILLED,152,149,153,238,241,364,240
11203,KILLED,152,149,153,238,241,364,240
11204,KILLED,149,153
11205,KILLED,147,145,154,152,149,153,150,146,6,218,16,300,13,178,238,220,214,241,336,179,217,215,359,11,364,240
11206,KILLED,178
11207,KILLED,147,145,154,152,149,148,153,151,150,155,146,6,218,16,300,13,15,332,178,238,220,214,241,336,179,217,215,7,3,359,10,14,11,12,8,2,5,364,240
11208,KILLED,147,154,146,6,16,13,15,220,214,336,179,217,215,7,3,10,14,11,12,8,2,5,364
11209,KILLED,147,145,154,152,149,148,153,151,150,155,146,6,218,16,300,13,15,332,178,238,220,214,241,336,179,217,215,7,3,359,10,14,11,12,8,2,5,364,240
11210,KILLED,147,145,154,152,149,148,153,151,150,155,146,6,218,16,300,13,15,332,178,238,220,214,241,336,179,217,215,7,3,359,10,14,11,12,8,2,5,364,240
11211,KILLED,147,145,154,152,149,153,150,146,6,218,16,300,13,178,238,220,214,241,336,179,217,215,359,11,364,240
11212,KILLED,147,145,154,152,149,148,153,151,150,155,146,6,218,16,300,13,15,332,178,238,220,214,241,336,179,217,215,7,3,359,10,14,11,12,8,2,5,364,240
11213,KILLED,147,145,154,152,149,148,153,151,150,155,146,6,218,16,300,13,15,332,178,238,220,214,241,336,179,217,215,7,3,359,10,14,11,12,8,2,5,364,240
11214,KILLED,152,153,13,332,178,336,11,12,8,2,364
11215,KILLED,152,149,153,178,238,241,364,240
11216,KILLED,149,153,178
11217,KILLED,147,145,154,152,149,148,153,151,150,155,146,6,218,16,300,13,15,332,178,238,220,214,241,336,179,217,215,7,3,359,10,14,11,12,8,2,5,364,240
11218,KILLED,152,149,153,146,13,238,241,359,364,240
11219,KILLED,154,13,11
11220,KILLED,145,154,152,149,148,153,151,150,155,218,300,13,332,178,238,241,359,11,240
11221,KILLED,154,13,11
11222,SURVIVED
11223,KILLED,147,145,154,152,149,150,146,6,218,16,300,13,220,214,336,179,217,215,359,11
11224,KILLED,147
11225,KILLED,147,145,154,152,149,150,146,6,218,16,300,13,220,214,336,179,217,215,359,11
11226,KILLED,147,145,154,152,149,153,150,146,6,218,16,300,13,178,238,220,214,241,336,179,217,215,359,11,364,240
11227,KILLED,154,13,11
11228,KILLED,147,145,154,152,149,148,153,151,150,155,146,6,218,16,300,13,15,332,178,238,220,214,241,336,179,217,215,7,3,359,10,14,11,12,8,2,5,364,240
11229,KILLED,147,145,154,152,149,148,153,151,150,155,146,6,218,16,300,13,15,332,178,238,220,214,241,336,179,217,215,7,3,359,10,14,11,12,8,2,5,364,240
11230,KILLED,147,146,6,16,15,220,214,336,179,217,215,7,3,10,14,12,8,2,5,364
11231,KILLED,147
11232,KILLED,178
11233,SURVIVED
11234,KILLED,147,145,154,152,149,148,153,151,150,155,146,6,218,16,300,13,15,332,178,238,220,214,241,336,179,217,215,7,3,359,10,14,11,12,8,2,5,364,240
11235,KILLED,147,145,154,152,149,148,153,151,150,155,146,6,218,16,300,13,15,332,178,238,220,214,241,336,179,217,215,7,3,359,10,14,11,12,8,2,5,364,240
11236,KILLED,154,152,149,148,153,151,150,155,300,332,178,238,241,364,240
11237,KILLED,152,149,153,178,364
11238,KILLED,152,149,153,178,238,241,364,240
11239,KILLED,178,336
11240,KILLED,178
11241,KILLED,154,13,11
11242,KILLED,147,145,154,152,149,150,146,6,218,16,300,13,220,214,336,179,217,215,359,11
11243,NO_COVERAGE
11244,NO_COVERAGE
11245,NO_COVERAGE
11246,KILLED,150
11247,KILLED,150
11248,SURVIVED
11249,SURVIVED
11250,SURVIVED
11251,SURVIVED
11252,SURVIVED
11253,SURVIVED
11254,SURVIVED
11255,SURVIVED
11256,SURVIVED
11257,SURVIVED
11258,KILLED,147,145,154,152,149,148,153,151,150,155,146,6,218,16,300,13,15,332,178,238,220,214,241,336,179,217,215,7,3,359,10,14,11,12,8,2,5,364,240
11259,KILLED,150
11260,SURVIVED
11261,SURVIVED
11262,SURVIVED
11263,KILLED,150
11264,NO_COVERAGE
11265,SURVIVED
11266,NO_COVERAGE
11267,SURVIVED
11268,KILLED,150
11269,KILLED,150
11270,SURVIVED
11271,SURVIVED
11272,KILLED,150
11273,KILLED,150
11274,NO_COVERAGE
11275,KILLED,150
11276,SURVIVED
11277,NO_COVERAGE
11278,NO_COVERAGE
11279,NO_COVERAGE
11280,NO_COVERAGE
11281,KILLED,150
11282,KILLED,150
11283,SURVIVED
11284,SURVIVED
11285,SURVIVED
11286,KILLED,150
11287,NO_COVERAGE
11288,SURVIVED
11289,NO_COVERAGE
11290,SURVIVED
11291,KILLED,147,145,154,152,149,148,153,151,155,146,6,218,16,300,13,15,332,178,238,220,214,241,336,179,217,215,7,3,359,10,14,11,12,8,2,5,364,240
11292,SURVIVED
11293,SURVIVED
11294,SURVIVED
11295,SURVIVED
11296,SURVIVED
11297,NO_COVERAGE
11298,SURVIVED
11299,NO_COVERAGE
11300,SURVIVED
11301,SURVIVED
11302,KILLED,150
11303,NO_COVERAGE
11304,SURVIVED
11305,NO_COVERAGE
11306,KILLED,147,145,154,152,149,148,153,151,150,155,146,6,218,16,300,13,15,332,178,238,220,214,241,336,179,217,215,7,3,359,10,14,11,12,8,2,5,364,240
11307,KILLED,147,145,154,152,149,148,153,151,150,155,146,6,218,16,300,13,15,332,178,238,220,214,241,336,179,217,215,7,3,359,10,14,11,12,8,2,5,364,240
11308,SURVIVED
11309,NO_COVERAGE
11310,KILLED,147,145,154,152,149,148,153,151,150,155,146,6,218,16,300,13,15,332,178,238,220,214,241,336,179,217,215,7,3,359,10,14,11,12,8,2,5,364,240
11311,SURVIVED
11312,KILLED,147,145,154,152,149,148,153,151,150,155,146,6,218,16,300,13,15,332,178,238,220,214,241,336,179,217,215,7,3,359,10,14,11,12,8,2,5,364,240
11313,KILLED,147,145,154,152,149,148,153,151,150,155,146,6,218,16,300,13,15,332,178,238,220,214,241,336,179,217,215,7,3,359,10,14,11,12,8,2,5,364,240
11314,KILLED,147,145,154,152,149,148,153,151,150,155,146,6,218,16,300,13,15,332,178,238,220,214,241,336,179,217,215,7,3,359,10,14,11,12,8,2,5,364,240
11315,KILLED,147,145,154,152,149,148,153,151,150,155,146,6,218,16,300,13,15,332,178,238,220,214,241,336,179,217,215,7,3,359,10,14,11,12,8,2,5,364,240
11316,KILLED,147,145,154,152,149,148,153,151,150,155,146,6,218,16,300,13,15,332,178,238,220,214,241,336,179,217,215,7,3,359,10,14,11,12,8,2,5,364,240
11317,SURVIVED
11318,KILLED,147,145,154,152,149,148,153,151,150,155,146,6,218,16,300,13,15,332,178,238,220,214,241,336,179,217,215,7,3,359,10,14,11,12,8,2,5,364,240
11319,KILLED,147,145,154,152,149,148,153,151,150,155,146,6,218,16,300,13,15,332,178,238,220,214,241,336,179,217,215,7,3,359,10,14,11,12,8,2,5,364,240
11320,NO_COVERAGE
11321,NO_COVERAGE
11322,NO_COVERAGE
11323,NO_COVERAGE
11324,NO_COVERAGE
11325,SURVIVED
11326,SURVIVED
11327,SURVIVED
11328,SURVIVED
11329,SURVIVED
11330,SURVIVED
11331,KILLED,150
11332,KILLED,147,145,154,152,149,148,153,151,150,155,146,6,218,16,300,13,15,332,178,238,220,214,241,336,179,217,215,7,3,359,10,14,11,12,8,2,5,364,240
11333,KILLED,147,145,154,152,149,148,153,151,150,155,146,6,218,16,300,13,15,332,178,238,220,214,241,336,179,217,215,7,3,359,10,14,11,12,8,2,5,364,240
11334,KILLED,147,145,154,152,149,148,153,151,150,155,146,6,218,16,300,13,15,332,178,238,220,214,241,336,179,217,215,7,3,359,10,14,11,12,8,2,5,364,240
11335,KILLED,147,145,154,152,149,148,153,151,150,155,146,6,218,16,300,13,15,332,178,238,220,214,241,336,179,217,215,7,3,359,10,14,11,12,8,2,5,364,240
11336,KILLED,147,145,154,152,149,148,153,151,150,155,146,6,218,16,300,13,15,332,178,238,220,214,241,336,179,217,215,7,3,359,10,14,11,12,8,2,5,364,240
11337,KILLED,150
11338,KILLED,147,145,154,152,149,148,153,151,150,155,146,6,218,16,300,13,15,332,178,238,220,214,241,336,179,217,215,7,3,359,10,14,11,12,8,2,5,364,240
11339,KILLED,147,145,154,152,149,148,153,151,150,155,146,6,218,16,300,13,15,332,178,238,220,214,241,336,179,217,215,7,3,359,10,14,11,12,8,2,5,364,240
11340,KILLED,150
11341,KILLED,147,145,154,152,149,148,153,151,150,155,146,6,218,16,300,13,15,332,178,238,220,214,241,336,179,217,215,7,3,359,10,14,11,12,8,2,5,364,240
11342,KILLED,147,145,154,152,149,148,153,151,150,155,146,6,218,16,300,13,15,332,178,238,220,214,241,336,179,217,215,7,3,359,10,14,11,12,8,2,5,364,240
11343,KILLED,147,145,154,152,149,148,153,151,150,155,146,6,218,16,300,13,15,332,178,238,220,214,241,336,179,217,215,7,3,359,10,14,11,12,8,2,5,364,240
11344,KILLED,147,145,154,152,149,148,153,151,150,155,146,6,218,16,300,13,15,332,178,238,220,214,241,336,179,217,215,7,3,359,10,14,11,12,8,2,5,364,240
11345,KILLED,147,145,154,152,149,148,153,151,150,155,146,6,218,16,300,13,15,332,178,238,220,214,241,336,179,217,215,7,3,359,10,14,11,12,8,2,5,364,240
11346,KILLED,147,145,154,152,149,148,153,151,150,155,146,6,218,16,300,13,15,332,178,238,220,214,241,336,179,217,215,7,3,359,10,14,11,12,8,2,5,364,240
11347,KILLED,147,145,154,152,149,148,153,151,150,155,146,6,218,16,300,13,15,332,178,238,220,214,241,336,179,217,215,7,3,359,10,14,11,12,8,2,5,364,240
11348,KILLED,147,145,154,152,149,148,153,151,150,155,146,6,218,16,300,13,15,332,178,238,220,214,241,336,179,217,215,7,3,359,10,14,11,12,8,2,5,364,240
11349,KILLED,147,145,154,152,149,148,153,151,150,155,146,6,218,16,300,13,15,332,178,238,220,214,241,336,179,217,215,7,3,359,10,14,11,12,8,2,5,364,240
11350,SURVIVED
11351,SURVIVED
11352,KILLED,147,145,154,152,149,148,153,151,150,155,146,6,218,16,300,13,15,332,178,238,220,214,241,336,179,217,215,7,3,359,10,14,11,12,8,2,5,364,240
11353,KILLED,147,145,154,152,149,148,153,151,150,155,146,6,218,16,300,13,15,332,178,238,220,214,241,336,179,217,215,7,3,359,10,14,11,12,8,2,5,364,240
11354,KILLED,147,145,154,152,149,148,153,151,150,155,146,6,218,16,300,13,15,332,178,238,220,214,241,336,179,217,215,7,3,359,10,14,11,12,8,2,5,364,240
11355,KILLED,147,145,154,152,149,148,153,151,150,155,146,6,218,16,300,13,15,332,178,238,220,214,241,336,179,217,215,7,3,359,10,14,11,12,8,2,5,364,240
11356,SURVIVED
11357,KILLED,147,145,154,152,149,148,153,151,150,155,146,6,218,16,300,13,15,332,178,238,220,214,241,336,179,217,215,7,3,359,10,14,11,12,8,2,5,364,240
11358,KILLED,147,145,154,152,149,148,153,151,150,155,146,6,218,16,300,13,15,332,178,238,220,214,241,336,179,217,215,7,3,359,10,14,11,12,8,2,5,364,240
11359,KILLED,147,145,154,152,149,148,153,151,150,155,146,6,218,16,300,13,15,332,178,238,220,214,241,336,179,217,215,7,3,359,10,14,11,12,8,2,5,364,240
11360,KILLED,147,145,154,152,149,148,153,151,150,155,146,6,218,16,300,13,15,332,178,238,220,214,241,336,179,217,215,7,3,359,10,14,11,12,8,2,5,364,240
11361,KILLED,147,145,154,152,149,148,153,151,150,155,146,6,218,16,300,13,15,332,178,238,220,214,241,336,179,217,215,7,3,359,10,14,11,12,8,2,5,364,240
11362,KILLED,147,145,154,152,149,148,153,151,150,155,146,6,218,16,300,13,15,332,178,238,220,214,241,336,179,217,215,7,3,359,10,14,11,12,8,2,5,364,240
11363,SURVIVED
11364,SURVIVED
11365,SURVIVED
11366,SURVIVED
11367,SURVIVED
11368,KILLED,147,145,154,152,149,148,153,151,150,155,146,6,218,16,300,13,15,332,178,238,220,214,241,336,179,217,215,7,3,359,10,14,11,12,8,2,5,364,240
11369,KILLED,147,145,154,152,149,148,153,151,150,155,146,6,218,16,300,13,15,332,178,238,220,214,241,336,179,217,215,7,3,359,10,14,11,12,8,2,5,364,240
11370,SURVIVED
11371,SURVIVED
11372,KILLED,147,145,154,152,149,148,153,151,150,155,146,6,218,16,300,13,15,332,178,238,220,214,241,336,179,217,215,7,3,359,10,14,11,12,8,2,5,364,240
11373,KILLED,147,145,154,152,149,148,153,151,150,155,146,6,218,16,300,13,15,332,178,238,220,214,241,336,179,217,215,7,3,359,10,14,11,12,8,2,5,364,240
11374,KILLED,147,145,154,152,149,148,153,151,150,155,146,6,218,16,300,13,15,332,178,238,220,214,241,336,179,217,215,7,3,359,10,14,11,12,8,2,5,364,240
11375,KILLED,131,132
11376,KILLED,135,133,130,131,129,132,128
11377,KILLED,135,130,131,129,132
11378,KILLED,134,136,135,133,130,131,129,132,128
11379,KILLED,136
11380,KILLED,135,133,130,131,129,132,128
11381,KILLED,134,136
11382,KILLED,135,130,131,129,132
11383,SURVIVED
11384,KILLED,135,130,131,129,132
11385,KILLED,130,131,129,132
11386,KILLED,135,131,132
11387,SURVIVED
11388,TIMED_OUT
11389,KILLED,131,132
11390,SURVIVED
11391,KILLED,131,132
11392,SURVIVED
11393,KILLED,136,135,133,130,131,129,132,128
11394,KILLED,135,133,130,131,129,132,128
11395,KILLED,134,136,135,133,130,131,129,132,128
11396,KILLED,135,133,130,131,129,132,128
11397,KILLED,135,133,130,131,129,132,128
11398,KILLED,133,129,132
11399,SURVIVED
11400,KILLED,131,132
11401,KILLED,131,132
11402,KILLED,136
11403,KILLED,135,133,130,131,129,132,128
11404,KILLED,135,133,129,132
11405,KILLED,135,133,130,131,129,132,128
11406,KILLED,135,130,131,129,132
11407,KILLED,135,130,131,129,132
11408,KILLED,135,133,130,131,129,132,128
11409,KILLED,135,130,131,129,132
11410,KILLED,134,136,135,133,130,131,129,132,128
11411,SURVIVED
11412,KILLED,135,133,130,131,129,132,128
11413,KILLED,135,133,130,131,129,132,128
11414,KILLED,135,130,131,129,132
11415,KILLED,135,130,131,129,132
11416,SURVIVED
11417,SURVIVED
11418,SURVIVED
11419,SURVIVED
11420,SURVIVED
11421,SURVIVED
11422,NO_COVERAGE
11423,NO_COVERAGE
11424,NO_COVERAGE
11425,NO_COVERAGE
11426,KILLED,135
11427,KILLED,135
11428,KILLED,135,130,131,129,132
11429,NO_COVERAGE
11430,KILLED,135,130,131,129,132
11431,SURVIVED
11432,NO_COVERAGE
11433,NO_COVERAGE
11434,NO_COVERAGE
11435,NO_COVERAGE
11436,KILLED,135,130,131,129,132
11437,KILLED,135,130,131,129,132
11438,SURVIVED
11439,SURVIVED
11440,NO_COVERAGE
11441,NO_COVERAGE
11442,SURVIVED
11443,SURVIVED
11444,SURVIVED
11445,KILLED,131,132
11446,KILLED,135,130,131,129,132
11447,KILLED,135,130,131,129,132
11448,NO_COVERAGE
11449,NO_COVERAGE
11450,KILLED,135,130,131,129,132
11451,KILLED,135,130,131,129,132
11452,KILLED,135,131,132
11453,KILLED,135,130,131,129,132
11454,KILLED,135,130,131,129,132
11455,KILLED,135,130,131,129,132
11456,KILLED,135,130,131,129,132
11457,KILLED,135,130,131,129,132
11458,NO_COVERAGE
11459,NO_COVERAGE
11460,KILLED,135,131,132
11461,KILLED,131,132
11462,KILLED,131,132
11463,KILLED,135,130,131,129,132
11464,NO_COVERAGE
11465,KILLED,135,130,131,129,132
11466,SURVIVED
11467,KILLED,135,130,131,129,132
11468,SURVIVED
11469,KILLED,135,130,131,129,132
11470,KILLED,135,130,131,129,132
11471,KILLED,135,130,131,129,132
11472,SURVIVED
11473,NO_COVERAGE
11474,NO_COVERAGE
11475,NO_COVERAGE
11476,NO_COVERAGE
11477,NO_COVERAGE
11478,NO_COVERAGE
11479,NO_COVERAGE
11480,KILLED,135,130,131,129,132
11481,KILLED,131,132
11482,KILLED,135,130,131,129,132
11483,KILLED,131,132
11484,KILLED,131,132
11485,KILLED,135,130,131,129,132
11486,KILLED,135,130,131,129,132
11487,KILLED,135,130,131,129,132
11488,SURVIVED
11489,SURVIVED
11490,KILLED,135,130,131,129,132
11491,SURVIVED
11492,KILLED,135,130,131,129,132
11493,SURVIVED
11494,SURVIVED
11495,SURVIVED
11496,NO_COVERAGE
11497,NO_COVERAGE
11498,KILLED,135,130,131,129,132
11499,KILLED,131,132
11500,SURVIVED
11501,KILLED,135,130,131,129,132
11502,KILLED,131,132
11503,KILLED,135,131,132
11504,SURVIVED
11505,KILLED,135,130,131,129,132
11506,KILLED,135,130,131,129,132
11507,KILLED,135,130,131,129,132
11508,NO_COVERAGE
11509,NO_COVERAGE
11510,KILLED,135,131,132
11511,KILLED,131,132
11512,KILLED,131,132
11513,KILLED,135,130,131,129,132
11514,KILLED,135,130,131,129,132
11515,NO_COVERAGE
11516,NO_COVERAGE
11517,KILLED,135,130,131,129,132
11518,KILLED,135,131,132
11519,KILLED,135,130,131,129,132
11520,KILLED,130,131,129,132
11521,SURVIVED
11522,SURVIVED
11523,KILLED,135,130,131,129,132
11524,SURVIVED
11525,SURVIVED
11526,KILLED,135,130,131,129,132
11527,NO_COVERAGE
11528,NO_COVERAGE
11529,SURVIVED
11530,SURVIVED
11531,SURVIVED
11532,KILLED,135,130,131,129,132
11533,KILLED,131,132
11534,KILLED,131,132
11535,SURVIVED
11536,SURVIVED
11537,KILLED,135,130,131,129,132
11538,KILLED,131,132
11539,NO_COVERAGE
11540,KILLED,135,130,131,129,132
11541,KILLED,135,130,131,129,132
11542,KILLED,131,132
11543,KILLED,131,132
11544,TIMED_OUT
11545,KILLED,131,132
11546,KILLED,135,130,131,129,132
11547,KILLED,131,132
11548,KILLED,131,132
11549,KILLED,131,132
11550,KILLED,135,130,131,129,132
11551,KILLED,135,130,131,129,132
11552,KILLED,135,130,131,129,132
11553,KILLED,131,132
11554,TIMED_OUT
11555,TIMED_OUT
11556,KILLED,131,132
11557,SURVIVED
11558,NO_COVERAGE
11559,NO_COVERAGE
11560,NO_COVERAGE
11561,KILLED,135,130,131,129,132
11562,KILLED,135,130,131,129,132
11563,KILLED,131,132
11564,TIMED_OUT
11565,KILLED,130,131,129,132
11566,KILLED,131,132
11567,SURVIVED
11568,TIMED_OUT
11569,SURVIVED
11570,KILLED,130,131,129,132
11571,KILLED,131,132
11572,SURVIVED
11573,KILLED,131,132
11574,KILLED,135,130,131,129,132
11575,NO_COVERAGE
11576,KILLED,131,132
11577,NO_COVERAGE
11578,NO_COVERAGE
11579,KILLED,133,128
11580,KILLED,133,128
11581,SURVIVED
11582,KILLED,133,128
11583,NO_COVERAGE
11584,SURVIVED
11585,KILLED,133,128
11586,KILLED,133,128
11587,KILLED,133,128
11588,KILLED,160,162,393,383,159,397
11589,KILLED,133,128
11590,KILLED,133,128
11591,KILLED,160,133,162,393,383,159,128,397
11592,NO_COVERAGE
11593,KILLED,133,128
11594,KILLED,133,128
11595,KILLED,160,162,393,383,159,397
11596,SURVIVED
11597,SURVIVED
11598,KILLED,133,128
11599,KILLED,133,128
11600,NO_COVERAGE
11601,NO_COVERAGE
11602,KILLED,160,133,162,393,383,159,128,397
11603,KILLED,130,131,129,132
11604,TIMED_OUT
11605,SURVIVED
11606,TIMED_OUT
11607,SURVIVED
11608,SURVIVED
11609,SURVIVED
11610,SURVIVED
11611,NO_COVERAGE
11612,NO_COVERAGE
11613,NO_COVERAGE
11614,KILLED,131,132
11615,TIMED_OUT
11616,SURVIVED
11617,NO_COVERAGE
11618,KILLED,130,131,129,132
11619,KILLED,130,131,129,132
11620,NO_COVERAGE
11621,SURVIVED
11622,SURVIVED
11623,SURVIVED
11624,SURVIVED
11625,SURVIVED
11626,SURVIVED
11627,KILLED,130,131,129,132
11628,SURVIVED
11629,KILLED,130,131,129,132
11630,SURVIVED
11631,KILLED,130,131,129,132
11632,KILLED,130,131,129,132
11633,KILLED,131,132
11634,KILLED,131,132
11635,KILLED,131,132
11636,KILLED,130,131,129,132
11637,KILLED,131,132
11638,TIMED_OUT
11639,KILLED,131,132
11640,KILLED,130,131,129,132
11641,TIMED_OUT
11642,KILLED,130,131,129,132
11643,NO_COVERAGE
11644,KILLED,130,131,129,132
11645,KILLED,130,131,129,132
11646,NO_COVERAGE
11647,NO_COVERAGE
11648,NO_COVERAGE
11649,SURVIVED
11650,KILLED,130,131,129,132
11651,KILLED,131,132
11652,KILLED,131,132
11653,SURVIVED
11654,NO_COVERAGE
11655,KILLED,130,131,129,132
11656,SURVIVED
11657,SURVIVED
11658,SURVIVED
11659,KILLED,130,131,129,132
11660,NO_COVERAGE
11661,SURVIVED
11662,KILLED,130,131,129,132
11663,TIMED_OUT
11664,KILLED,131,132
11665,TIMED_OUT
11666,SURVIVED
11667,KILLED,130,131,129,132
11668,TIMED_OUT
11669,SURVIVED
11670,KILLED,131,132
11671,SURVIVED
11672,TIMED_OUT
11673,KILLED,131,132
11674,SURVIVED
11675,SURVIVED
11676,KILLED,130,131,129,132
11677,TIMED_OUT
11678,KILLED,131,132
11679,SURVIVED
11680,NO_COVERAGE
11681,SURVIVED
11682,NO_COVERAGE
11683,NO_COVERAGE
11684,KILLED,130,131,129,132
11685,KILLED,130,131,129,132
11686,KILLED,130,131,129,132
11687,KILLED,135,130,131,129,132
11688,NO_COVERAGE
11689,NO_COVERAGE
11690,NO_COVERAGE
11691,KILLED,135,133,130,131,129,132,128
11692,SURVIVED
11693,KILLED,135,133,130,131,129,132,128
11694,KILLED,135,133,130,131,129,132,128
11695,KILLED,135,133,130,131,129,132,128
11696,KILLED,135,133,130,131,129,132,128
11697,KILLED,135,133,130,131,129,132,128
11698,KILLED,135,133,130,131,129,132,128
11699,KILLED,135,133,130,131,129,132,128
11700,KILLED,135,133,130,131,129,132,128
11701,KILLED,135,130,131,129,132
11702,KILLED,135,130,131,129,132
11703,SURVIVED
11704,SURVIVED
11705,SURVIVED
11706,SURVIVED
11707,KILLED,135,133,130,131,129,132,128
11708,KILLED,135,133,130,131,129,132,128
11709,KILLED,135,133,130,131,129,132,128
11710,KILLED,135,133,130,131,129,132,128
11711,SURVIVED
11712,KILLED,135,133,130,131,129,132,128
11713,NO_COVERAGE
11714,NO_COVERAGE
11715,NO_COVERAGE
11716,KILLED,135,133,130,131,129,132,128
11717,SURVIVED
11718,KILLED,135,133,130,131,129,132,128
11719,KILLED,135,133,130,131,129,132,128
11720,KILLED,135,133,130,131,129,132,128
11721,KILLED,135,133,130,131,129,132,128
11722,KILLED,135,133,130,131,129,132,128
11723,KILLED,135,133,130,131,129,132,128
11724,KILLED,135,133,130,131,129,132,128
11725,KILLED,135,133,130,131,129,132,128
11726,KILLED,135,133,130,131,129,132,128
11727,KILLED,135,133,130,131,129,132,128
11728,SURVIVED
11729,SURVIVED
11730,SURVIVED
11731,SURVIVED
11732,KILLED,135,133,130,131,129,132,128
11733,KILLED,135,133,130,131,129,132,128
11734,KILLED,135,133,130,131,129,132,128
11735,KILLED,135,133,130,131,129,132,128
11736,SURVIVED
11737,NO_COVERAGE
11738,TIMED_OUT
11739,KILLED,131,132
11740,KILLED,131,132
11741,KILLED,131,132
11742,NO_COVERAGE
11743,NO_COVERAGE
11744,SURVIVED
11745,SURVIVED
11746,SURVIVED
11747,NO_COVERAGE
11748,KILLED,135,130,131,129,132
11749,NO_COVERAGE
11750,KILLED,135,130,131,129,132
11751,KILLED,135,130,131,129,132
11752,KILLED,131,132
11753,SURVIVED
11754,KILLED,131,132
11755,SURVIVED
11756,SURVIVED
11757,KILLED,131,132
11758,SURVIVED
11759,KILLED,130,131,129,132
11760,KILLED,130,131,129,132
11761,KILLED,135,130,131,129,132
11762,SURVIVED
11763,SURVIVED
11764,SURVIVED
11765,TIMED_OUT
11766,KILLED,135,130,131,129,132
11767,KILLED,135,130,131,129,132
11768,KILLED,135,130,131,129,132
11769,KILLED,135,130,131,129,132
11770,KILLED,135,130,131,129,132
11771,SURVIVED
11772,KILLED,135,130,131,129,132
11773,KILLED,135,130,131,129,132
11774,KILLED,135,130,131,129,132
11775,KILLED,131,132
11776,NO_COVERAGE
11777,SURVIVED
11778,KILLED,135,130,131,129,132
11779,KILLED,131,132
11780,KILLED,131,132
11781,KILLED,131,132
11782,KILLED,131,132
11783,KILLED,135,130,131,129,132
11784,NO_COVERAGE
11785,KILLED,135,130,131,129,132
11786,KILLED,135,130,131,129,132
11787,KILLED,131,132
11788,SURVIVED
11789,NO_COVERAGE
11790,KILLED,131,132
11791,KILLED,131,132
11792,KILLED,131,132
11793,NO_COVERAGE
11794,NO_COVERAGE
11795,NO_COVERAGE
11796,NO_COVERAGE
11797,KILLED,135,130,131,129,132
11798,KILLED,135,130,131,129,132
11799,KILLED,131,132
11800,TIMED_OUT
11801,KILLED,135,130,131,129,132
11802,KILLED,131,132
11803,TIMED_OUT
11804,KILLED,131,132
11805,KILLED,131,132
11806,KILLED,131,132
11807,KILLED,135,130,131,129,132
11808,KILLED,135,130,131,129,132
11809,SURVIVED
11810,SURVIVED
11811,NO_COVERAGE
11812,NO_COVERAGE
11813,NO_COVERAGE
11814,NO_COVERAGE
11815,NO_COVERAGE
11816,NO_COVERAGE
11817,NO_COVERAGE
11818,NO_COVERAGE
11819,NO_COVERAGE
11820,KILLED,135,130,131,129,132
11821,SURVIVED
11822,SURVIVED
11823,NO_COVERAGE
11824,NO_COVERAGE
11825,NO_COVERAGE
11826,KILLED,135,130,131,129,132
11827,KILLED,135,130,131,129,132
11828,KILLED,135,130,131,129,132
11829,KILLED,135,130,131,129,132
11830,SURVIVED
11831,SURVIVED
11832,SURVIVED
11833,NO_COVERAGE
11834,SURVIVED
11835,KILLED,131,132
11836,TIMED_OUT
11837,SURVIVED
11838,NO_COVERAGE
11839,SURVIVED
11840,SURVIVED
11841,KILLED,135,130,131,129,132
11842,KILLED,135,130,131,129,132
11843,KILLED,135,130,131,129,132
11844,KILLED,131,132
11845,NO_COVERAGE
11846,KILLED,135,130,131,129,132
11847,KILLED,131,132
11848,KILLED,131,132
11849,KILLED,135,130,131,129,132
11850,NO_COVERAGE
11851,KILLED,135,130,131,129,132
11852,KILLED,135,130,131,129,132
11853,SURVIVED
11854,KILLED,131,132
11855,KILLED,131,132
11856,SURVIVED
11857,SURVIVED
11858,TIMED_OUT
11859,NO_COVERAGE
11860,NO_COVERAGE
11861,NO_COVERAGE
11862,KILLED,23
11863,KILLED,22,30,29,23,24,185,474,455,459,480,479,473,472,463,465,462,458,387,383,397,470
11864,NO_COVERAGE
11865,SURVIVED
11866,KILLED,22,27,30,23,26,24,28,453,446,97,467,469,461,451,471,477,460,447,448,454,185,474,452,455,459,480,479,473,472,463,465,462,352,458,387,383,397,89,98,470
11867,KILLED,22,27,30,29,23,26,24,28,453,446,97,467,469,461,451,471,477,460,447,448,454,185,474,452,455,459,480,479,473,472,463,465,462,352,458,387,383,397,89,98,470
11868,KILLED,24,28,455,459,470
11869,KILLED,32,31,25,22,27,30,29,23,26,24,28,453,446,97,467,469,461,451,471,477,460,447,162,448,454,185,474,452,455,459,480,479,473,472,463,465,462,352,458,387,383,159,397,89,98,470
11870,SURVIVED
11871,KILLED,22,27,30,29,23,26,24,28,453,446,97,467,469,461,451,471,477,460,447,448,454,185,474,452,455,459,480,479,473,472,463,465,462,352,458,387,383,397,89,98,470
11872,KILLED,22,27,30,23,26,24,28,453,446,97,467,469,461,451,471,477,460,447,448,454,185,474,452,455,459,480,479,473,472,463,465,462,352,458,387,383,397,89,98,470
11873,KILLED,29,23,24,387,383
11874,NO_COVERAGE
11875,SURVIVED
11876,KILLED,28,452
11877,KILLED,30,474
11878,KILLED,30,474
11879,KILLED,30,474,473,465,462,458
11880,KILLED,30,474,473,465,462,458
11881,KILLED,30,474,473,462
11882,KILLED,30,474,473
11883,KILLED,30,474,473
11884,KILLED,30,474,473
11885,KILLED,30,474,473
11886,KILLED,30,474,473
11887,KILLED,30,474
11888,KILLED,30
11889,KILLED,30
11890,KILLED,30,474,480,479,473,472,463,465,462,458
11891,KILLED,30,474,480,479,473,472,463,465,462,458
11892,KILLED,30,474,473,465,462,458
11893,KILLED,30,474,480,479,473,472,463,465,462,458
11894,KILLED,30,474,473,465,462,458
11895,KILLED,30,474,480,479,473,472,463,465,462,458
11896,KILLED,465,458
11897,KILLED,462
11898,SURVIVED
11899,NO_COVERAGE
11900,SURVIVED
11901,SURVIVED
11902,NO_COVERAGE
11903,SURVIVED
11904,KILLED,473
11905,KILLED,473
11906,KILLED,30,474
11907,KILLED,30,474
11908,SURVIVED
11909,NO_COVERAGE
11910,SURVIVED
11911,NO_COVERAGE
11912,KILLED,30,474,473,465,462,458
11913,KILLED,465,458
11914,KILLED,462
11915,SURVIVED
11916,SURVIVED
11917,SURVIVED
11918,SURVIVED
11919,KILLED,473
11920,KILLED,30,474
11921,SURVIVED
11922,SURVIVED
11923,KILLED,30,474,480,479,473,472,463,465,462,458
11924,KILLED,30,474,473,462
11925,KILLED,30,474,473
11926,KILLED,30,474,473
11927,KILLED,30,474,473
11928,KILLED,30,474,473
11929,KILLED,30,474,473
11930,KILLED,30,474
11931,SURVIVED
11932,KILLED,30
11933,KILLED,30
11934,KILLED,465,458
11935,KILLED,462
11936,NO_COVERAGE
11937,NO_COVERAGE
11938,NO_COVERAGE
11939,NO_COVERAGE
11940,KILLED,473
11941,KILLED,30,474
11942,NO_COVERAGE
11943,NO_COVERAGE
11944,SURVIVED
11945,SURVIVED
11946,KILLED,352
11947,KILLED,24,28,459,352,387,383,470
11948,KILLED,24,28,459,352,387,383,470
11949,TIMED_OUT
11950,SURVIVED
11951,KILLED,89
11952,NO_COVERAGE
11953,SURVIVED
11954,KILLED,89
11955,KILLED,89
11956,SURVIVED
11957,SURVIVED
11958,SURVIVED
11959,KILLED,89
11960,KILLED,89
11961,NO_COVERAGE
11962,SURVIVED
11963,KILLED,23
11964,SURVIVED
11965,SURVIVED
11966,KILLED,23
11967,KILLED,23
11968,KILLED,23
11969,KILLED,23
11970,KILLED,23
11971,KILLED,23
11972,SURVIVED
11973,SURVIVED
11974,NO_COVERAGE
11975,SURVIVED
11976,SURVIVED
11977,KILLED,24,28,455,459,470
11978,KILLED,24,28,455,459,470
11979,SURVIVED
11980,KILLED,28,455,459,470
11981,KILLED,24,28,455,459,470
11982,KILLED,28,455,459,470
11983,KILLED,24,28,455,459,470
11984,KILLED,24,28,455,459,470
11985,KILLED,28,455,459,470
11986,KILLED,24,28,455,459,470
11987,KILLED,28,455,459,470
11988,KILLED,28,455,459,470
11989,KILLED,28,455,459,470
11990,TIMED_OUT
11991,KILLED,24,459
11992,KILLED,24,28,455,459,470
11993,SURVIVED
11994,KILLED,28,455,459,470
11995,KILLED,28,455,459,470
11996,KILLED,24,28,455,459,470
11997,KILLED,28,455,459,470
11998,SURVIVED
11999,KILLED,28,455,459,470
12000,KILLED,28,455,459,470
12001,KILLED,24,28,455,459,470
12002,SURVIVED
12003,NO_COVERAGE
12004,KILLED,24,28,455,459,470
12005,KILLED,28,455,459,470
12006,KILLED,28,455,459,470
12007,TIMED_OUT
12008,KILLED,30,24,453,446,97,452,459,462,352,387,383,98,470
12009,KILLED,446,97,452,352,387,383,98,470
12010,KILLED,29,23,24,185,452
12011,KILLED,453
12012,KILLED,22,27,30,29,23,26,24,28,453,446,97,467,469,461,451,471,477,460,447,448,454,185,474,452,455,459,480,479,473,472,463,465,462,352,458,387,383,397,89,98,470
12013,KILLED,453
12014,KILLED,29,23,24,185,452
12015,KILLED,22,30,29,24,28,185,474,452,455,459,480,479,473,472,463,465,462,458,387,383,470
12016,KILLED,22,27,30,23,26,24,28,453,446,97,467,469,461,451,471,477,460,447,448,454,185,474,452,455,459,480,479,473,472,463,465,462,352,458,387,383,397,89,98,470
12017,KILLED,30,29,23,24,28,185,452,459,462,387,383,470
12018,KILLED,22,27,30,23,26,24,28,453,446,97,467,469,461,451,471,477,460,447,448,454,185,474,452,455,459,480,479,473,472,463,465,462,352,458,387,383,397,89,98,470
12019,KILLED,22,30,26,24,28,446,97,467,469,461,451,471,477,460,447,448,454,185,474,452,455,459,480,479,473,472,463,465,462,352,458,387,383,397,89,98,470
12020,KILLED,459
12021,KILLED,22,30,26,24,28,446,97,467,469,461,451,471,477,460,447,448,454,185,474,452,455,459,480,479,473,472,463,465,462,352,458,387,383,397,89,98,470
12022,KILLED,24,28,455,470
12023,TIMED_OUT
12024,SURVIVED
12025,KILLED,29,23,24,185,452
12026,KILLED,22,27,30,23,26,24,28,453,446,97,467,469,461,451,471,477,460,447,448,454,185,474,452,455,459,480,479,473,472,463,465,462,352,458,387,383,397,89,98,470
12027,KILLED,453
12028,KILLED,30,24,28,474,455,459,480,479,473,472,463,465,462,458,470
12029,KILLED,459
12030,KILLED,459
12031,KILLED,459
12032,KILLED,24,28,455,470
12033,KILLED,24,28,455,470
12034,KILLED,24,28,455,470
12035,KILLED,30,474,480,479,473,472,463,465,462,458
12036,SURVIVED
12037,KILLED,29,23,24,185,452,387,383
12038,SURVIVED
12039,KILLED,30,29,23,24,28,185,452,459,462,387,383,470
12040,KILLED,29,23,24,387,383
12041,KILLED,459
12042,SURVIVED
12043,KILLED,24,28,455,470
12044,SURVIVED
12045,KILLED,30,474,480,479,473,472,463,465,462,458
12046,SURVIVED
12047,KILLED,22,27,30,23,26,24,28,453,446,97,467,469,461,451,471,477,460,447,448,454,185,474,452,455,459,480,479,473,472,463,465,462,352,458,387,383,397,89,98,470
12048,SURVIVED
12049,KILLED,22,27,30,23,26,24,28,453,446,97,467,469,461,451,471,477,460,447,448,454,185,474,452,455,459,480,479,473,472,463,465,462,352,458,387,383,397,89,98,470
12050,KILLED,22,30,26,24,28,446,97,467,469,461,451,471,477,460,447,448,454,185,474,452,455,459,480,479,473,472,463,465,462,352,458,387,383,397,89,98,470
12051,KILLED,459
12052,KILLED,22,30,26,24,28,446,97,467,469,461,451,471,477,460,447,448,454,185,474,452,455,459,480,479,473,472,463,465,462,352,458,387,383,397,89,98,470
12053,KILLED,24,28,455,470
12054,TIMED_OUT
12055,SURVIVED
12056,NO_COVERAGE
12057,KILLED,29,23,24,387,383
12058,NO_COVERAGE
12059,NO_COVERAGE
12060,KILLED,22,27,30,23,26,24,28,446,97,467,469,461,451,471,477,460,447,448,454,185,474,452,455,459,480,479,473,472,463,465,462,352,458,387,383,397,89,98,470
12061,KILLED,30,24,28,185,452,459,462,387,383,470
12062,KILLED,459
12063,KILLED,28,455,470
12064,KILLED,30,474,480,479,473,472,463,465,462,458
12065,SURVIVED
12066,SURVIVED
12067,KILLED,22,27,30,29,23,26,24,28,446,97,467,469,461,451,471,477,460,447,448,454,185,474,452,455,459,480,479,473,472,463,465,462,352,458,387,383,397,89,98,470
12068,KILLED,24,185,387,383
12069,KILLED,30,24,28,474,455,459,480,479,473,472,463,465,462,458,470
12070,KILLED,22,27,30,26,24,28,453,446,97,467,469,461,451,471,477,460,447,448,454,185,474,452,455,459,480,479,473,472,463,465,462,352,458,387,383,397,89,98,470
12071,KILLED,23,24,387,383
12072,KILLED,22,27,30,23,26,24,28,453,446,97,467,469,461,451,471,477,460,447,448,454,185,474,452,455,459,480,479,473,472,463,465,462,352,458,387,383,397,89,98,470
12073,KILLED,23,24,387,383
12074,KILLED,23,24,387,383
12075,KILLED,23,24,387,383
12076,KILLED,22,27,30,26,24,28,453,446,97,467,469,461,451,471,477,460,447,448,454,185,474,452,455,459,480,479,473,472,463,465,462,352,458,387,383,397,89,98,470
12077,SURVIVED
12078,KILLED,22,27,30,23,26,24,28,453,446,97,467,469,461,451,471,477,460,447,448,454,185,474,452,455,459,480,479,473,472,463,465,462,352,458,387,383,397,89,98,470
12079,SURVIVED
12080,KILLED,23
12081,KILLED,23,24,387,383
12082,NO_COVERAGE
12083,NO_COVERAGE
12084,KILLED,23,24,387,383
12085,KILLED,22,27,30,26,24,28,453,446,97,467,469,461,451,471,477,460,447,448,454,185,474,452,455,459,480,479,473,472,463,465,462,352,458,387,383,397,89,98,470
12086,KILLED,22,27,30,26,24,28,453,446,97,467,469,461,451,471,477,460,447,448,454,185,474,452,455,459,480,479,473,472,463,465,462,352,458,387,383,397,89,98,470
12087,KILLED,22,27,30,26,24,28,453,446,97,467,469,461,451,471,477,460,447,448,454,185,474,452,455,459,480,479,473,472,463,465,462,352,458,387,383,397,89,98,470
12088,KILLED,23,24,387,383
12089,KILLED,22,27,30,26,24,28,453,446,97,467,469,461,451,471,477,460,447,448,454,185,474,452,455,459,480,479,473,472,463,465,462,352,458,387,383,397,89,98,470
12090,KILLED,23,24,387,383
12091,SURVIVED
12092,KILLED,22,27,30,26,24,28,453,446,97,467,469,461,451,471,477,460,447,448,454,185,474,452,455,459,480,479,473,472,463,465,462,352,458,387,383,397,89,98,470
12093,KILLED,22,27,30,26,24,28,453,446,97,467,469,461,451,471,477,460,447,448,454,185,474,452,455,459,480,479,473,472,463,465,462,352,458,387,383,397,89,98,470
12094,NO_COVERAGE
12095,NO_COVERAGE
12096,SURVIVED
12097,SURVIVED
12098,KILLED,160
12099,SURVIVED
12100,SURVIVED
12101,SURVIVED
12102,SURVIVED
12103,NO_COVERAGE
12104,SURVIVED
12105,SURVIVED
12106,SURVIVED
12107,SURVIVED
12108,SURVIVED
12109,SURVIVED
12110,SURVIVED
12111,SURVIVED
12112,SURVIVED
12113,SURVIVED
12114,SURVIVED
12115,NO_COVERAGE
12116,KILLED,396,162,159
12117,SURVIVED
12118,SURVIVED
12119,NO_COVERAGE
12120,SURVIVED
12121,SURVIVED
12122,NO_COVERAGE
12123,SURVIVED
12124,NO_COVERAGE
12125,SURVIVED
12126,NO_COVERAGE
12127,SURVIVED
12128,SURVIVED
12129,NO_COVERAGE
12130,SURVIVED
12131,NO_COVERAGE
12132,SURVIVED
12133,NO_COVERAGE
12134,SURVIVED
12135,SURVIVED
12136,NO_COVERAGE
12137,SURVIVED
12138,NO_COVERAGE
12139,SURVIVED
12140,NO_COVERAGE
12141,SURVIVED
12142,SURVIVED
12143,NO_COVERAGE
12144,SURVIVED
12145,NO_COVERAGE
12146,SURVIVED
12147,SURVIVED
12148,KILLED,160
12149,NO_COVERAGE
12150,SURVIVED
12151,NO_COVERAGE
12152,KILLED,396,162,159
12153,KILLED,32,31,25,30,474,473,465,462,458
12154,KILLED,32,31,25,30,474,473,465,462,458
12155,KILLED,32,31,25,30,474,480,479,473,472,463,465,462,458
12156,KILLED,32,31,25,30,474,480,479,473,472,463,465,462,458
12157,NO_COVERAGE
12158,NO_COVERAGE
12159,KILLED,32,31,25,30,474,480,479,473,472,463,465,462,458
12160,KILLED,32,31,25,30,474,480,479,473,472,463,465,462,458
12161,KILLED,32,31,25,30,474,480,479,473,472,463,465,462,458
12162,KILLED,32,31,25,30,474,480,479,473,472,463,465,462,458
12163,KILLED,32,31,25,30,474,480,479,473,472,463,465,462,458
12164,TIMED_OUT
12165,KILLED,32,31,25,30,474,473,465,462,458
12166,SURVIVED
12167,KILLED,32,31,25,30,474,473,465,462,458
12168,KILLED,32,31,25,30,474,480,479,473,472,463,465,462,458
12169,KILLED,32,31,25,480,479,473,472,463,465,462,458
12170,KILLED,32,31,25,30,474,480,479,473,472,463,465,462,458
12171,KILLED,32,31,25,30,474,480,479,473,472,463,465,462,458
12172,TIMED_OUT
12173,KILLED,32,31,25,30,474,480,479,473,472,463,465,462,458
12174,KILLED,32,31,25,30,474,480,479,473,472,463,465,462,458
12175,KILLED,32,31,25,30,474,480,479,473,472,463,465,462,458
12176,KILLED,32,31,25,30,474,480,479,473,472,463,465,462,458
12177,KILLED,32,31,25,30,474,480,479,473,472,463,465,462,458
12178,TIMED_OUT
12179,KILLED,32,31,25,30,474,480,479,473,472,463,465,462,458
12180,KILLED,32,31,25,30,474,473,465,462,458
12181,KILLED,32,31,25,30,474,473,465,462,458
12182,KILLED,32,31,25,30,474,480,479,473,472,463,465,462,458
12183,SURVIVED
12184,TIMED_OUT
12185,TIMED_OUT
12186,KILLED,32,31,25,30,474,473,465,462,458
12187,KILLED,32,31,25,30,474,480,479,473,472,463,465,462,458
12188,NO_COVERAGE
12189,NO_COVERAGE
12190,NO_COVERAGE
12191,NO_COVERAGE
12192,NO_COVERAGE
12193,KILLED,32,31,25,30,474,473,465,462,458
12194,KILLED,32,31,25,30,474,473,465,462,458
12195,KILLED,32,31,25,30,474,473,465,462,458
12196,KILLED,32,31,25,30,474,473,465,462,458
12197,KILLED,32,31,25,30,474,473,465,462,458
12198,SURVIVED
12199,TIMED_OUT
12200,TIMED_OUT
12201,KILLED,32,31,25,30,474,480,479,473,472,463,465,462,458
12202,SURVIVED
12203,KILLED,32,31,25,30,474,473,465,462,458
12204,KILLED,32,31,25,30,474,480,479,473,472,463,465,462,458
12205,SURVIVED
12206,KILLED,32,31,25,30,474,480,479,473,472,463,465,462,458
12207,KILLED,32,31,25,30,474,473,465,462,458
12208,KILLED,32,31,25,30,474,480,479,473,472,463,465,462,458
12209,KILLED,32,31,25,30,474,480,479,473,472,463,465,462,458
12210,KILLED,30,474,480,479,473,472,463,465,462,458
12211,KILLED,30,462
12212,KILLED,30,474,473,465,462,458
12213,KILLED,27,30,474,480,479,473,472,463,465,462,352,458
12214,KILLED,30,24,28,474,455,459,480,479,473,472,463,465,462,458,387,383,470
12215,TIMED_OUT
12216,SURVIVED
12217,NO_COVERAGE
12218,KILLED,27
12219,SURVIVED
12220,TIMED_OUT
12221,KILLED,27
12222,NO_COVERAGE
12223,TIMED_OUT
12224,KILLED,27,30,28,474,455,459,473,465,462,458,387,383,470
12225,TIMED_OUT
12226,KILLED,27,30,24,28,446,474,455,459,480,479,473,472,463,465,462,352,458,387,383,470
12227,KILLED,30,24,28,446,474,455,459,480,479,473,472,463,465,462,352,458,387,383,470
12228,KILLED,27
12229,TIMED_OUT
12230,TIMED_OUT
12231,TIMED_OUT
12232,KILLED,27,30,28,474,455,459,473,465,462,458,387,383,470
12233,SURVIVED
12234,KILLED,27
12235,SURVIVED
12236,KILLED,27,30,24,28,446,474,455,459,480,479,473,472,463,465,462,352,458,387,383,470
12237,KILLED,30,24,28,446,474,455,459,480,479,473,472,463,465,462,352,458,387,383,470
12238,TIMED_OUT
12239,KILLED,27
12240,KILLED,27,30,28,474,455,459,473,465,462,458,387,383,470
12241,SURVIVED
12242,TIMED_OUT
12243,KILLED,30,28,474,455,459,480,479,473,472,463,465,462,352,458,387,383,470
12244,SURVIVED
12245,NO_COVERAGE
12246,TIMED_OUT
12247,NO_COVERAGE
12248,SURVIVED
12249,NO_COVERAGE
12250,NO_COVERAGE
12251,SURVIVED
12252,NO_COVERAGE
12253,NO_COVERAGE
12254,SURVIVED
12255,NO_COVERAGE
12256,NO_COVERAGE
12257,SURVIVED
12258,NO_COVERAGE
12259,NO_COVERAGE
12260,NO_COVERAGE
12261,KILLED,22,27,30,23,26,24,28,453,446,97,467,469,461,451,471,477,460,447,448,454,185,474,452,455,459,480,479,473,472,463,465,462,352,458,387,383,397,89,98,470
12262,KILLED,22,27,30,23,26,24,28,453,446,97,467,469,461,451,471,477,460,447,448,454,185,474,452,455,459,480,479,473,472,463,465,462,352,458,387,383,397,89,98,470
12263,SURVIVED
12264,KILLED,22,27,30,23,26,24,28,453,446,97,467,469,461,451,471,477,460,447,448,454,185,474,452,455,459,480,479,473,472,463,465,462,352,458,387,383,397,89,98,470
12265,NO_COVERAGE
12266,KILLED,22,27,30,23,26,24,28,453,446,97,467,469,461,451,471,477,460,447,448,454,185,474,452,455,459,480,479,473,472,463,465,462,352,458,387,383,397,89,98,470
12267,KILLED,23
12268,NO_COVERAGE
12269,NO_COVERAGE
12270,SURVIVED
12271,KILLED,29,23,24,185,452
12272,SURVIVED
12273,SURVIVED
12274,NO_COVERAGE
12275,KILLED,30,29,23,24,28,185,474,452,455,459,480,479,473,472,463,465,462,458,387,383,470
12276,KILLED,29,23,24,185,452,387,383
12277,SURVIVED
12278,SURVIVED
12279,SURVIVED
12280,SURVIVED
12281,SURVIVED
12282,NO_COVERAGE
12283,TIMED_OUT
12284,KILLED,23
12285,TIMED_OUT
12286,KILLED,30,23,24,28,185,452,459,462,387,383,470
12287,SURVIVED
12288,SURVIVED
12289,SURVIVED
12290,KILLED,30,29,24,28,185,474,452,455,459,480,479,473,472,463,465,462,458,387,470
12291,SURVIVED
12292,KILLED,27,30,23,24,28,185,474,452,455,459,480,479,473,472,463,465,462,458,387,470
12293,KILLED,30,24,28,185,452,459,462,387,383,470
12294,KILLED,30,24,28,185,452,459,462,387,383,470
12295,KILLED,27,30,24,28,185,474,452,459,480,479,473,472,463,462,387,470
12296,KILLED,30,24,28,185,452,459,462,387,383,470
12297,KILLED,30,24,28,185,452,459,462,387,383,470
12298,KILLED,30,24,28,185,452,459,462,387,383,470
12299,KILLED,30,24,28,185,452,459,462,387,383,470
12300,SURVIVED
12301,KILLED,30,24,28,185,452,459,462,387,383,470
12302,SURVIVED
12303,KILLED,23
12304,SURVIVED
12305,SURVIVED
12306,SURVIVED
12307,SURVIVED
12308,SURVIVED
12309,SURVIVED
12310,SURVIVED
12311,SURVIVED
12312,SURVIVED
12313,SURVIVED
12314,SURVIVED
12315,SURVIVED
12316,SURVIVED
12317,SURVIVED
12318,SURVIVED
12319,SURVIVED
12320,SURVIVED
12321,SURVIVED
12322,SURVIVED
12323,SURVIVED
12324,SURVIVED
12325,SURVIVED
12326,SURVIVED
12327,SURVIVED
12328,SURVIVED
12329,NO_COVERAGE
12330,NO_COVERAGE
12331,KILLED,215
12332,KILLED,214,215,367,388,377,381,364,368
12333,KILLED,215
12334,SURVIVED
12335,KILLED,215
12336,SURVIVED
12337,KILLED,215
12338,KILLED,215
12339,KILLED,215
12340,SURVIVED
12341,SURVIVED
12342,KILLED,214,215
12343,KILLED,215
12344,KILLED,215
12345,SURVIVED
12346,KILLED,214,367,388,377,381,364,368
12347,SURVIVED
12348,SURVIVED
12349,SURVIVED
12350,SURVIVED
12351,KILLED,91,90,376,389,348,262,259,346,260,286,220,214,146,336,353,179,217,221,215,7,3,10,14,1,365,11,367,12,8,2,5,388,400,386,377,381,364,351,368,402
12352,KILLED,90,348,262,259,346,260,286,258,336,353,179,221,365,367,388,400,386,377,381,364,351,368,402
12353,KILLED,353,365,367,382,384,388,400,386,377,381,364,351,368,402
12354,SURVIVED
12355,KILLED,94
12356,SURVIVED
12357,SURVIVED
12358,KILLED,90,348,262,259,346,260,286,258,336,353,179,221,365,367,388,400,386,377,381,364,351,368,402
12359,KILLED,353,365,367,382,384,388,400,386,377,381,364,351,368,402
12360,SURVIVED
12361,SURVIVED
12362,SURVIVED
12363,SURVIVED
12364,SURVIVED
12365,SURVIVED
12366,SURVIVED
12367,KILLED,91,90,376,389,348,262,259,346,260,286,220,214,146,336,353,179,217,221,215,7,3,10,14,1,365,11,367,12,8,2,5,388,400,386,377,381,364,351,368,402
12368,KILLED,382,386
12369,SURVIVED
12370,SURVIVED
12371,SURVIVED
12372,SURVIVED
12373,SURVIVED
12374,SURVIVED
12375,SURVIVED
12376,KILLED,285,287,403,401,409,405,51,52,382,400,386,402
12377,SURVIVED
12378,KILLED,285,287,403,401,409,405,51,52,382,400,386,351,402
12379,KILLED,382,386
12380,KILLED,400,351,402
12381,SURVIVED
12382,SURVIVED
12383,KILLED,285,287,403,401,409,405,51,52,382,400,386,402
12384,SURVIVED
12385,NO_COVERAGE
12386,SURVIVED
12387,SURVIVED
12388,SURVIVED
12389,SURVIVED
12390,SURVIVED
12391,SURVIVED
12392,SURVIVED
12393,SURVIVED
12394,SURVIVED
12395,SURVIVED
12396,KILLED,382,386
12397,SURVIVED
12398,SURVIVED
12399,SURVIVED
12400,SURVIVED
12401,KILLED,285,287,403,401,409,405,51,52,382,400,386,351,402
12402,SURVIVED
12403,SURVIVED
12404,SURVIVED
12405,KILLED,95,336
12406,KILLED,95
12407,KILLED,95,259,346,260,286,258,336,217,215,7,3,10,14,1,11,12,8,2,382,5,400,386,351,402
12408,KILLED,95,259,346,260,286,258,336,217,215,7,3,10,14,1,11,12,8,2,382,5,400,386,351,402
12409,KILLED,95,259,346,260,286,258,336,217,215,7,3,10,14,1,11,12,8,2,5,400,386,351,402
12410,KILLED,95
12411,KILLED,95,336
12412,KILLED,95
12413,KILLED,95
12414,SURVIVED
12415,KILLED,95,1,11,12,5
12416,KILLED,95,259,346,260,286,258,336,217,215,7,3,10,14,1,11,12,8,2,382,5,400,386,351,402
12417,KILLED,259,346,260,286,258,336,217,215,7,3,10,14,1,11,12,8,2,5,400,386,351,402
12418,KILLED,95,1,11,12,5
12419,KILLED,95
12420,NO_COVERAGE
12421,KILLED,95,259,346,260,286,258,336,217,215,7,3,10,14,1,11,12,8,2,5,400,386,351,402
12422,KILLED,93,92,179,1,11,12,8,2,5
12423,KILLED,179,1,11,12,5
12424,KILLED,93,92,147,179,217,215,7,3,10,14,1,11,12,8,2,5
12425,KILLED,93,92,179,1,11,12,5
12426,KILLED,93,92
12427,KILLED,93,92,179,1,11,12,8,2,5
12428,SURVIVED
12429,KILLED,179,1,11,12,5
12430,KILLED,93,92,147,179,217,215,7,3,10,14,1,11,12,8,2,5
12431,KILLED,93,92
12432,KILLED,93
12433,NO_COVERAGE
12434,KILLED,179,1,11,12,5
12435,NO_COVERAGE
12436,NO_COVERAGE
12437,NO_COVERAGE
12438,NO_COVERAGE
12439,NO_COVERAGE
12440,NO_COVERAGE
12441,NO_COVERAGE
12442,NO_COVERAGE
12443,NO_COVERAGE
12444,NO_COVERAGE
12445,NO_COVERAGE
12446,NO_COVERAGE
12447,KILLED,96
12448,KILLED,91,376,389
12449,KILLED,91
12450,KILLED,96,91
12451,KILLED,91,376,389
12452,KILLED,91,376,389
12453,KILLED,91,376,389
12454,NO_COVERAGE
12455,KILLED,96,91,376,389
12456,KILLED,91,376,389
12457,KILLED,91,376,389
12458,KILLED,91,376,389
12459,KILLED,91,376,389
12460,KILLED,91,376,389
12461,KILLED,91,376,389
12462,KILLED,91,376,389
12463,KILLED,91,376,389
12464,KILLED,91,376,389
12465,KILLED,91,376,389
12466,KILLED,91,376,389
12467,KILLED,91,376,389
12468,KILLED,91,376,389
12469,KILLED,91,376,389
12470,KILLED,91,376,389
12471,KILLED,91,376,389
12472,KILLED,91,376,389
12473,KILLED,91,376,389
12474,KILLED,91,376,389
12475,SURVIVED
12476,KILLED,91
12477,KILLED,91,376,389
12478,KILLED,91,376,389
12479,KILLED,91,376,389
12480,SURVIVED
12481,SURVIVED
12482,SURVIVED
12483,SURVIVED
12484,SURVIVED
12485,SURVIVED
12486,KILLED,91,376,389
12487,KILLED,91,376,389
12488,KILLED,91,376,389
12489,KILLED,91,376,389
12490,KILLED,91,376,389
12491,KILLED,91,376,389
12492,KILLED,91,376,389
12493,KILLED,91,376,389
12494,KILLED,91,376,389
12495,KILLED,91,376,389
12496,KILLED,91,376,389
12497,KILLED,91,376,389
12498,KILLED,91,376,389
12499,KILLED,91,376,389
12500,KILLED,91,376,389
12501,SURVIVED
12502,KILLED,91,376,389
12503,SURVIVED
12504,SURVIVED
12505,NO_COVERAGE
12506,KILLED,96
12507,KILLED,91,376,389
12508,KILLED,376,389
12509,KILLED,91,376,389
12510,KILLED,91,376,389
12511,KILLED,91,376,389
12512,KILLED,91,376,389
12513,KILLED,91,376,389
12514,KILLED,91,376,389
12515,KILLED,91,376,389
12516,KILLED,91,376,389
12517,KILLED,91,376,389
12518,KILLED,91,376,389
12519,KILLED,91,376,389
12520,KILLED,91,376,389
12521,KILLED,96,91
12522,SURVIVED
12523,KILLED,91,376,389
12524,KILLED,91,376,389
12525,NO_COVERAGE
12526,KILLED,91,376,389
12527,SURVIVED
12528,KILLED,91
12529,SURVIVED
12530,KILLED,91
12531,SURVIVED
12532,SURVIVED
12533,SURVIVED
12534,SURVIVED
12535,SURVIVED
12536,SURVIVED
12537,SURVIVED
12538,SURVIVED
12539,SURVIVED
12540,SURVIVED
12541,NO_COVERAGE
12542,NO_COVERAGE
12543,NO_COVERAGE
12544,KILLED,96
12545,KILLED,91,376,389
12546,SURVIVED
12547,KILLED,91,376,389,348,262,259,346,260,286,220,214,146,336,353,179,217,221,215,7,3,10,14,1,365,11,367,12,8,2,382,384,5,388,400,386,377,381,364,351,368,402
12548,KILLED,348,262,259,346,260,286,220,214,146,336,353,179,217,221,215,7,3,10,14,1,365,11,367,12,8,2,382,384,5,388,400,386,377,381,364,351,368,402
12549,KILLED,348,262,259,346,260,286,220,214,146,336,353,179,217,221,215,7,3,10,14,1,365,11,367,12,8,2,382,384,5,388,400,386,377,381,364,351,368,402
12550,KILLED,94
12551,KILLED,92,6,4,218,299,16,300,9,360,216,293,147,145,154,152,259,13,346,260,213,15,357,149,286,358,285,148,242,17,153,219,332,287,178,238,151,403,401,361,409,258,220,150,214,405,212,155,146,241,356,336,353,239,179,51,217,52,221,215,243,7,3,359,10,14,1,365,11,367,12,8,2,382,384,5,388,400,386,377,381,364,351,368,240,402
12552,KILLED,92,9,360,154,348,262,259,13,15,286,332,178,258,220,150,214,146,336,353,179,217,221,215,7,3,10,14,1,365,11,367,12,8,2,5,388,400,377,381,364,368,402
12553,KILLED,92,9,360,154,13,15,332,178,150,179,1,11,12,8,2,5
12554,KILLED,92,9,360,154,13,15,332,178,150,179,1,11,12,8,2,5
12555,KILLED,348,262,259,286,258,220,214,146,336,353,217,221,215,7,3,10,14,1,365,11,367,12,8,2,5,388,400,377,381,364,368,402
12556,KILLED,92,6,4,218,299,16,300,9,360,216,293,147,145,154,152,259,13,346,260,213,15,357,149,286,358,285,148,242,17,153,219,332,287,178,238,151,403,401,361,409,258,220,150,214,405,212,155,146,241,356,336,353,239,179,51,52,221,243,359,1,365,11,367,12,8,2,382,384,5,388,400,386,377,381,364,351,368,240,402
12557,KILLED,348,262,259,286,258,220,214,146,336,353,217,221,215,7,3,10,14,1,365,11,367,12,8,2,5,388,400,377,381,364,368,402
12558,SURVIVED
12559,KILLED,95,93,92,336
12560,KILLED,95,93,92,336
12561,KILLED,95,93,92,336,179,1,11,12,8,2,5
12562,KILLED,95,93,92,6,4,218,299,16,300,9,360,216,293,147,145,154,152,259,13,346,260,213,15,357,149,286,358,285,148,242,17,153,219,332,287,178,238,151,403,401,361,409,258,220,150,214,405,212,155,146,241,356,336,353,239,179,51,217,52,221,215,243,7,3,359,10,14,1,365,11,367,12,8,2,382,384,5,388,400,386,377,381,364,351,368,240,402
12563,KILLED,91,376,389,348,262,259,286,220,214,146,336,353,221,365,367,388,400,377,381,364,368,402
12564,SURVIVED
12565,SURVIVED
12566,KILLED,6,4,218,299,16,300,9,360,216,293,147,152,15,358,285,242,17,287,238,403,401,409,220,214,405,146,241,336,353,239,51,217,52,221,215,243,7,359,14,1,365,11,367,12,382,5,388,400,386,377,381,364,368,240,402
12567,KILLED,91,95,93,92,376,389,348,262,259,286,220,214,146,336,353,179,221,1,365,11,367,12,8,2,5,388,400,377,381,364,368,402
12568,SURVIVED
12569,KILLED,91,376,389,348,262,259,286,220,214,146,336,353,221,365,367,388,400,377,381,364,368,402
12570,SURVIVED
12571,KILLED,95,93,92,6,4,218,299,16,300,9,360,216,293,147,145,154,152,259,13,346,260,213,15,357,149,286,358,285,148,242,17,153,219,332,287,178,238,151,403,401,361,409,258,220,150,214,405,212,155,146,241,356,336,353,239,179,51,217,52,221,215,243,7,3,359,10,14,1,365,11,367,12,8,2,382,384,5,388,400,386,377,381,364,351,368,240,402
12572,KILLED,95,93,92,6,4,218,299,16,300,9,360,216,293,147,145,154,152,259,13,346,260,213,15,357,149,286,358,285,148,242,17,153,219,332,287,178,238,151,403,401,361,409,258,220,150,214,405,212,155,146,241,356,336,353,239,179,51,217,52,221,215,243,7,3,359,10,14,1,365,11,367,12,8,2,382,384,5,388,400,386,377,381,364,351,368,240,402
12573,NO_COVERAGE
12574,KILLED,95,93,92,6,4,218,299,16,300,9,360,216,293,147,145,154,152,259,13,346,260,213,15,357,149,286,358,285,148,242,17,153,219,332,287,178,238,151,403,401,361,409,258,220,150,214,405,212,155,146,241,356,336,353,239,179,51,217,52,221,215,243,7,3,359,10,14,1,365,11,367,12,8,2,382,384,5,388,400,386,377,381,364,351,368,240,402
12575,KILLED,91,376,389,348,262,259,286,220,214,146,336,353,221,365,367,388,400,377,381,364,368,402
12576,SURVIVED
12577,KILLED,91,376,389,348,262,259,286,220,214,146,336,353,221,365,367,388,400,377,381,364,368,402
12578,SURVIVED
12579,SURVIVED
12580,KILLED,95,93,92,336,179,1,11,12,8,2,5
12581,SURVIVED
12582,SURVIVED
12583,SURVIVED
12584,KILLED,95,93,92,6,4,218,299,16,300,9,360,216,293,147,145,154,152,259,13,346,260,213,15,357,149,286,358,285,148,242,17,153,219,332,287,178,238,151,403,401,361,409,258,220,150,214,405,212,155,146,241,356,336,353,239,179,51,217,52,221,215,243,7,3,359,10,14,1,365,11,367,12,8,2,382,384,5,388,400,386,377,381,364,351,368,240,402
12585,KILLED,91,376,389,348,262,259,286,220,214,146,336,353,221,365,367,388,400,377,381,364,368,402
12586,KILLED,95,93,92,6,4,218,299,16,300,9,360,216,293,147,145,154,152,259,13,346,260,213,15,357,149,286,358,285,148,242,17,153,219,332,287,178,238,151,403,401,361,409,258,220,150,214,405,212,155,146,241,356,336,353,239,179,51,217,52,221,215,243,7,3,359,10,14,1,365,11,367,12,8,2,382,384,5,388,400,386,377,381,364,351,368,240,402
12587,KILLED,90,218,299,300,216,293,147,152,348,262,259,13,346,260,213,357,149,286,358,285,242,153,219,287,238,403,401,361,409,220,214,405,212,146,241,336,353,239,179,51,217,52,221,215,243,7,3,359,10,14,1,365,11,367,12,8,2,382,384,5,388,400,386,377,381,364,351,368,240,402
12588,SURVIVED
12589,KILLED,178,220,214,217,215
12590,KILLED,178,220,214,217,215
12591,KILLED,178,220,214,217,215
12592,KILLED,348,262,259,286,258,220,214,146,336,353,221,1,365,367,388,400,377,381,364,368,402
12593,KILLED,1
12594,KILLED,1
12595,KILLED,348,262,259,286,258,220,214,146,336,353,221,365,367,388,400,377,381,364,368,402
12596,KILLED,348,262,259,346,260,286,258,220,214,146,336,353,179,217,221,215,7,3,10,14,1,365,11,367,12,8,2,382,384,5,388,400,386,377,381,364,351,368,402
12597,KILLED,90,218,216,293,152,348,262,259,13,346,260,357,149,286,358,285,242,153,219,287,238,403,401,361,409,258,405,212,146,241,336,353,239,179,51,52,221,243,359,365,367,382,384,388,400,386,377,381,364,351,368,240,402
12598,KILLED,6,4,218,299,16,300,9,360,216,293,147,145,154,152,13,213,15,149,285,148,242,153,332,287,238,151,403,401,409,220,150,214,405,212,146,241,336,239,179,51,217,52,221,215,243,7,3,359,10,14,1,365,11,367,12,8,2,382,384,5,388,400,386,377,381,364,368,240,402
12599,SURVIVED
12600,SURVIVED
12601,KILLED,6,4,218,299,16,300,9,360,216,293,147,145,154,152,13,213,15,149,285,148,242,153,332,287,238,151,403,401,409,220,150,214,405,212,146,241,336,239,179,51,217,52,221,215,243,7,3,359,10,14,1,365,11,367,12,8,2,382,384,5,388,400,386,377,381,364,368,240,402
12602,KILLED,96,94,6,4,218,299,16,300,9,360,216,293,147,145,154,152,348,262,259,13,346,260,213,15,149,286,285,148,242,153,332,287,178,238,151,403,401,361,409,258,220,150,214,405,212,155,146,241,336,353,239,179,51,217,52,221,215,243,7,3,359,10,14,1,365,11,367,12,8,2,382,384,5,388,400,386,377,381,364,351,368,240,402
12603,KILLED,94,360,154
12604,KILLED,16,17
12605,KILLED,16,17
12606,KILLED,16,17
12607,KILLED,16,17
12608,SURVIVED
12609,KILLED,16,17
12610,NO_COVERAGE
12611,KILLED,16,17
12612,KILLED,357,149,220,150,214,212,146,353,217,215,365,367,382,384,388,400,386,377,381,364,368,402
12613,SURVIVED
12614,SURVIVED
12615,SURVIVED
12616,SURVIVED
12617,SURVIVED
12618,KILLED,153
12619,SURVIVED
12620,SURVIVED
12621,SURVIVED
12622,SURVIVED
12623,SURVIVED
12624,NO_COVERAGE
12625,KILLED,6,218,16,300,147,145,154,152,348,262,259,13,346,260,15,149,286,148,153,332,178,238,151,258,220,150,214,155,146,241,336,353,179,217,221,215,7,3,359,10,14,1,365,11,367,12,8,2,382,384,5,388,400,386,377,381,364,351,368,240,402
12626,SURVIVED
12627,SURVIVED
12628,KILLED,94,287,178,403,401,409,220,214,405,212,51,217,52,215,365,367,382,384,388,400,386,377,381,364,368,402
12629,KILLED,94,217,215
12630,KILLED,94,220,214,212,217,215,377
12631,SURVIVED
12632,SURVIVED
12633,SURVIVED
12634,KILLED,153
12635,SURVIVED
12636,KILLED,153
12637,SURVIVED
12638,SURVIVED
12639,KILLED,153
12640,KILLED,153
12641,KILLED,92,6,218,16,300,147,145,154,152,13,15,149,148,153,332,178,238,151,220,150,214,155,146,241,336,179,217,215,7,3,359,10,14,11,12,8,2,5,364,240
12642,KILLED,92,147,145,154,13,15,149,148,153,332,178,151,150,155,336,179,217,215,7,3,10,14,11,12,8,2,5
12643,KILLED,92,178
12644,KILLED,92,145,154,13,15,148,153,332,178,151,150,155,179,3,10,11,12,8,2,5
12645,KILLED,92
12646,KILLED,92
12647,KILLED,92,6,218,16,300,154,152,13,15,178,238,220,214,146,241,336,359,364,240
12648,KILLED,92
12649,KILLED,92,147,217,215,7,3,10,14,11,12,8,2,5
12650,KILLED,92,178
12651,KILLED,92
12652,KILLED,92
12653,KILLED,92,145,154,13,15,149,148,153,332,178,151,150,155,336,179,3,10,11,12,8,2,5
12654,KILLED,92
12655,SURVIVED
12656,SURVIVED
12657,KILLED,92,147,217,215,7,3,10,14,11,12,8,2,5
12658,KILLED,92,178
12659,KILLED,92
12660,KILLED,92
12661,KILLED,92
12662,KILLED,92
12663,KILLED,92,178
12664,KILLED,92,6,218,16,300,147,145,154,152,13,15,149,148,153,332,178,238,151,220,150,214,155,146,241,336,179,217,215,7,3,359,10,14,11,12,8,2,5,364,240
12665,KILLED,9,360,154,13,15,332,178,150,336,179,1,11,12,8,2,5
12666,KILLED,92
12667,KILLED,92,178
12668,KILLED,92
12669,SURVIVED
12670,TIMED_OUT
12671,KILLED,93
12672,NO_COVERAGE
12673,KILLED,93
12674,KILLED,93,217,215,7,3,10,14,1,11,12,8,2,5
12675,KILLED,93,217,215,7,3,10,14,1,11,12,8,2,5
12676,KILLED,93,217,215,7,3,10,14,1,11,12,8,2,5
12677,SURVIVED
12678,KILLED,93
12679,KILLED,93,217,215,7,3,10,14,1,11,12,8,2,5
12680,KILLED,93,217,215,7,3,10,14,1,11,12,8,2,5
12681,KILLED,93
12682,NO_COVERAGE
12683,NO_COVERAGE
12684,NO_COVERAGE
12685,NO_COVERAGE
12686,NO_COVERAGE
12687,NO_COVERAGE
12688,NO_COVERAGE
12689,KILLED,92
12690,KILLED,92
12691,KILLED,92,6,218,16,300,147,145,154,152,13,15,149,148,153,332,178,238,151,220,150,214,155,146,241,336,179,217,215,7,3,359,10,14,11,12,8,2,5,364,240
12692,NO_COVERAGE
12693,KILLED,92,150
12694,KILLED,94
12695,SURVIVED
12696,KILLED,95,93,92,6,4,218,299,16,300,9,360,216,293,147,145,154,152,259,13,346,260,213,15,357,149,286,358,285,148,242,17,153,219,332,287,178,238,151,403,401,361,409,258,220,150,214,405,212,155,146,241,356,336,353,239,179,51,217,52,221,215,243,7,3,359,10,14,1,365,11,367,12,8,2,382,384,5,388,400,386,377,381,364,351,368,240,402
12697,KILLED,95,93,1
12698,KILLED,95,93,1
12699,NO_COVERAGE
12700,NO_COVERAGE
12701,SURVIVED
12702,KILLED,92,178
12703,KILLED,92,6,4,218,299,16,300,9,360,216,293,147,145,154,152,13,213,15,357,149,358,285,148,242,17,153,219,332,287,178,238,151,403,401,361,409,220,150,214,405,212,155,146,241,356,336,353,239,179,51,217,52,221,215,243,7,3,359,10,14,1,365,11,367,12,8,2,382,384,5,388,400,386,377,381,364,351,368,240,402
12704,NO_COVERAGE
12705,NO_COVERAGE
12706,NO_COVERAGE
12707,NO_COVERAGE
12708,NO_COVERAGE
12709,NO_COVERAGE
12710,NO_COVERAGE
12711,KILLED,92,9,360,178,1
12712,KILLED,95,93,92,9,360,150,1
12713,KILLED,95,93,92,6,4,218,299,16,300,9,360,216,293,147,145,154,152,13,213,15,357,149,358,285,148,242,17,153,219,332,287,178,238,151,403,401,361,409,220,150,214,405,212,155,146,241,356,336,353,239,179,51,217,52,221,215,243,7,3,359,10,14,1,365,11,367,12,8,2,382,384,5,388,400,386,377,381,364,351,368,240,402
12714,KILLED,95,93,92,9,360,147,145,154,13,213,15,357,149,285,148,153,219,332,287,178,151,403,401,361,409,150,405,212,155,356,336,179,51,217,52,215,7,3,359,10,14,1,11,12,8,2,382,384,5,400,386,351,402
12715,KILLED,95,93,92,9,360,145,154,13,213,15,357,149,285,148,153,219,332,287,178,151,403,401,361,409,150,405,212,155,356,336,179,51,52,3,359,10,1,11,12,8,2,382,384,5,400,386,351,402
12716,KILLED,95,93,92,9,360,150
12717,KILLED,95,93,92,6,4,218,299,16,300,9,360,216,293,147,152,15,358,285,242,17,287,238,403,401,409,220,150,214,405,146,241,336,353,239,51,217,52,221,215,243,7,359,14,1,365,11,367,12,382,384,5,388,400,386,377,381,364,351,368,240,402
12718,KILLED,95,93,92,9,360,145,154,13,213,15,357,149,285,148,153,219,332,287,178,151,403,401,361,409,150,405,212,155,356,336,179,51,52,3,359,10,1,11,12,8,2,382,384,5,400,386,351,402
12719,KILLED,95,93,92,9,360,150,336,1
12720,KILLED,95,93,92,9,360,150,1
12721,SURVIVED
12722,KILLED,95,93,92,9,360,145,154,13,213,15,357,149,285,148,153,219,332,287,178,151,403,401,361,409,150,405,212,155,356,336,179,51,52,3,359,10,1,11,12,8,2,382,384,5,400,386,351,402
12723,KILLED,95,93,92,9,360,150,1
12724,KILLED,95,93,92,6,4,218,299,16,300,9,360,216,293,147,145,154,152,13,213,15,357,149,358,285,148,242,17,153,219,332,287,178,238,151,403,401,361,409,220,150,214,405,212,155,146,241,356,336,353,239,179,51,217,52,221,215,243,7,3,359,10,14,1,365,11,367,12,8,2,382,384,5,388,400,386,377,381,364,351,368,240,402
12725,KILLED,95,93
12726,KILLED,95,93,92,9,360,147,145,154,13,213,15,357,149,285,148,153,219,332,287,178,151,403,401,361,409,150,405,212,155,356,336,179,51,217,52,215,7,3,359,10,14,1,11,12,8,2,382,384,5,400,386,351,402
12727,NO_COVERAGE
12728,TIMED_OUT
12729,KILLED,299,300,242,238,241,239,243,240
12730,SURVIVED
12731,KILLED,90,6,4,16,300,9,360,293,154,13,15,357,149,17,153,332,178,361,146,359
12732,NO_COVERAGE
12733,NO_COVERAGE
12734,KILLED,90,6,4,218,299,16,300,9,360,216,293,147,145,154,152,348,262,259,13,346,260,213,15,357,149,286,358,285,148,242,17,153,219,332,287,178,238,151,403,401,361,409,258,220,150,214,405,212,155,146,241,356,336,353,239,179,51,217,52,221,215,243,7,3,359,10,14,1,365,11,367,12,8,2,382,384,5,388,400,386,377,381,364,351,368,240,402
12735,NO_COVERAGE
12736,NO_COVERAGE
12737,NO_COVERAGE
12738,SURVIVED
12739,KILLED,90,6,4,218,299,16,300,9,360,216,293,147,145,154,152,348,262,259,13,346,260,213,15,357,149,286,358,285,148,242,17,153,219,332,287,178,238,151,403,401,361,409,258,220,150,214,405,212,155,146,241,356,336,353,239,179,51,217,52,221,215,243,7,3,359,10,14,1,365,11,367,12,8,2,382,384,5,388,400,386,377,381,364,351,368,240,402
12740,KILLED,90,218,216,293,147,152,348,262,259,13,346,260,213,357,149,286,358,285,242,153,219,287,238,403,401,361,409,220,214,405,212,146,241,336,353,239,179,51,217,52,221,215,243,7,3,359,10,14,1,365,11,367,12,8,2,382,384,5,388,400,386,377,381,364,351,368,240,402
12741,KILLED,360,154
12742,KILLED,360,154
12743,KILLED,360,154
12744,KILLED,360,154
12745,KILLED,360,154
12746,KILLED,360,154
12747,SURVIVED
12748,KILLED,360,154
12749,KILLED,6,4,16,9,360,216,154,152,13,213,15,285,242,287,238,403,401,409,220,214,405,212,146,241,239,179,51,52,243,7,3,359,10,14,1,11,367,12,8,2,382,384,5,388,386,377,381,364,368
12750,KILLED,360,154
12751,KILLED,360,154
12752,KILLED,360,154
12753,SURVIVED
12754,SURVIVED
12755,SURVIVED
12756,KILLED,6,4,218,299,16,300,9,360,216,293,147,145,154,152,13,213,15,149,285,148,242,153,332,287,238,151,403,401,409,220,150,214,405,212,146,241,336,239,179,51,217,52,221,215,243,7,3,359,10,14,1,365,11,367,12,8,2,382,384,5,388,400,386,377,381,364,368,240,402
12757,KILLED,6,4,218,299,16,300,9,216,293,147,145,152,13,213,15,149,285,148,242,153,332,287,238,151,403,401,409,220,150,214,405,212,146,241,336,239,179,51,217,52,221,215,243,7,3,359,10,14,1,365,11,367,12,8,2,382,384,5,388,400,386,377,381,364,368,240,402
12758,KILLED,16,17
12759,SURVIVED
12760,KILLED,300,360,293,147,154,259,153,332,178,361,336,179,217,215,359
12761,NO_COVERAGE
12762,KILLED,300,360,293,147,154,259,153,332,178,361,336,179,217,215,359
12763,KILLED,6,4,218,299,16,300,9,360,216,293,147,145,154,152,348,262,259,13,346,260,213,15,357,149,286,358,285,148,242,17,153,219,332,287,178,238,151,403,401,361,409,220,150,214,405,212,155,146,241,356,336,353,239,179,51,217,52,221,215,243,7,3,359,10,14,1,365,11,367,12,8,2,382,384,5,388,400,386,377,381,364,351,368,240,402
12764,SURVIVED
12765,KILLED,6,4,218,299,16,300,9,360,216,293,147,145,154,152,348,262,259,13,346,260,213,15,357,149,286,358,285,148,242,17,153,219,332,287,178,238,151,403,401,361,409,220,150,214,405,212,155,146,241,356,336,353,239,179,51,217,52,221,215,243,7,3,359,10,14,1,365,11,367,12,8,2,382,384,5,388,400,386,377,381,364,351,368,240,402
12766,KILLED,357,149,242,220,150,214,146,239,217,215,243,1,400,402
12767,KILLED,94
12768,KILLED,94
12769,KILLED,94
12770,KILLED,94
12771,KILLED,94
12772,KILLED,94
12773,KILLED,94
12774,KILLED,94
12775,KILLED,94
12776,KILLED,94
12777,KILLED,94
12778,KILLED,94
12779,KILLED,94
12780,KILLED,94
12781,KILLED,94
12782,KILLED,94
12783,KILLED,94
12784,KILLED,94
12785,KILLED,94
12786,KILLED,94
12787,KILLED,177
12788,KILLED,177
12789,KILLED,176
12790,KILLED,176
12791,KILLED,176
12792,KILLED,176,177,179
12793,SURVIVED
12794,KILLED,176,179
12795,KILLED,176
12796,KILLED,176,179
12797,KILLED,176,177,179
12798,KILLED,176,177,179
12799,KILLED,176,179
12800,KILLED,176
12801,KILLED,176
12802,SURVIVED
12803,KILLED,176
12804,KILLED,176,177,179
12805,KILLED,176
12806,KILLED,176,177,179
12807,KILLED,176
12808,KILLED,176,177,179
12809,KILLED,177
12810,KILLED,177
12811,KILLED,177
12812,KILLED,177
12813,KILLED,177
12814,KILLED,177
12815,KILLED,177
12816,KILLED,177
12817,KILLED,177
12818,KILLED,177
12819,SURVIVED
12820,SURVIVED
12821,KILLED,177
12822,SURVIVED
12823,SURVIVED
12824,KILLED,177
12825,SURVIVED
12826,SURVIVED
12827,SURVIVED
12828,SURVIVED
12829,SURVIVED
12830,KILLED,177
12831,KILLED,177
12832,SURVIVED
12833,SURVIVED
12834,SURVIVED
12835,SURVIVED
12836,SURVIVED
12837,SURVIVED
12838,SURVIVED
12839,SURVIVED
12840,SURVIVED
12841,KILLED,177
12842,SURVIVED
12843,KILLED,177
12844,SURVIVED
12845,SURVIVED
12846,KILLED,177
12847,SURVIVED
12848,SURVIVED
12849,KILLED,177
12850,SURVIVED
12851,SURVIVED
12852,KILLED,177
12853,KILLED,177
12854,KILLED,176,178
12855,KILLED,176,178
12856,KILLED,176,178
12857,KILLED,176,178
12858,KILLED,176,178
12859,KILLED,176,178
12860,KILLED,176
12861,KILLED,176,178
12862,KILLED,176,180
12863,KILLED,180,179
12864,KILLED,180,179,384
12865,KILLED,180,179,384
12866,KILLED,180
12867,KILLED,180,179,384
12868,KILLED,180
12869,KILLED,180
12870,KILLED,176,180,179,384
12871,KILLED,176,180,179
12872,KILLED,176,180,179
12873,KILLED,176,180
12874,KILLED,176,180,179,384
12875,KILLED,176,180,179
12876,KILLED,176,180,179
12877,KILLED,176,180
12878,KILLED,176,180,179,384
12879,KILLED,176
12880,KILLED,176
12881,KILLED,176
12882,KILLED,176
12883,KILLED,176
12884,KILLED,176
12885,KILLED,176
12886,KILLED,176
12887,KILLED,176,180
12888,KILLED,176,180
12889,KILLED,181,178,179,145,213,357,149,148,153,332,151,361,212,155,356,384
12890,KILLED,180,178,179,145,213,357,149,148,153,332,151,361,212,155,356,384
12891,KILLED,180,178,145,213,357,149,148,153,332,151,361,212,155,356,384
12892,KILLED,180
12893,SURVIVED
12894,KILLED,180,178,179,145,213,357,149,148,153,332,151,361,212,155,356,384
12895,KILLED,180
12896,KILLED,180,178,179
12897,KILLED,180,178,179
12898,KILLED,180,178,179,145,213,357,149,148,153,332,151,361,212,155,356,384
12899,KILLED,180,178,179,145,213,357,149,148,153,332,151,361,212,155,356,384
12900,KILLED,180,178
12901,KILLED,180
12902,KILLED,180,178,145,213,357,149,148,153,332,151,361,212,155,356,384
12903,KILLED,180,178,145,213,357,149,148,153,332,151,361,212,155,356,384
12904,KILLED,180
12905,KILLED,180
12906,KILLED,180
12907,KILLED,180
12908,KILLED,180,178,179
12909,KILLED,180,178
12910,KILLED,180
12911,KILLED,180,178,179,145,149,148,153,332,151,155,384
12912,KILLED,180,178
12913,KILLED,180,178,145,149,148,153,332,151,155
12914,KILLED,180
12915,KILLED,180
12916,KILLED,180,178,179,145,213,357,149,148,153,332,151,361,212,155,356,384
12917,KILLED,180,178,179,145,213,357,149,148,153,332,151,361,212,155,356,384
12918,KILLED,180,178,179,145,213,357,149,148,153,332,151,361,212,155,356,384
12919,KILLED,180,178,145,213,357,149,148,153,332,151,361,212,155,356,384
12920,KILLED,180
12921,KILLED,180,178,179
12922,KILLED,180,178
12923,KILLED,180,178
12924,KILLED,180
12925,KILLED,180
12926,KILLED,180
12927,KILLED,180
12928,KILLED,178,145,149,148,153,332,151,155
12929,KILLED,180
12930,SURVIVED
12931,KILLED,180,178,179,145,149,148,153,332,151,155,384
12932,KILLED,180,178,179
12933,KILLED,180,178
12934,KILLED,180
12935,KILLED,180,178,179
12936,KILLED,180,178
12937,KILLED,180
12938,SURVIVED
12939,KILLED,176,180,178,179,145,213,357,149,148,153,332,151,361,212,155,356,384
12940,KILLED,176,180,178,179,145,213,357,149,148,153,332,151,361,212,155,356,384
12941,KILLED,176,180
12942,KILLED,176,180
12943,KILLED,176,180
12944,KILLED,176,180
12945,KILLED,176,180
12946,KILLED,176,180
12947,KILLED,176,180,178,179,145,213,357,149,148,153,332,151,361,212,155,356,384
12948,KILLED,176,180,178,145,213,357,149,148,153,332,151,361,212,155,356,384
12949,KILLED,176,180
12950,KILLED,176,180,178,179,145,213,357,149,148,153,332,151,361,212,155,356,384
12951,KILLED,176,180,178,145,213,357,149,148,153,332,151,361,212,155,356,384
12952,KILLED,176,180,178,145,213,357,149,148,153,332,151,361,212,155,356,384
12953,KILLED,176,180
12954,KILLED,176,180
12955,KILLED,176,180,178,179,145,213,357,149,148,153,332,151,361,212,155,356,384
12956,KILLED,176,180,178,145,213,357,149,148,153,332,151,361,212,155,356,384
12957,KILLED,176,180,178,145,213,357,149,148,153,332,151,361,212,155,356,384
12958,KILLED,176,180
12959,KILLED,176,180
12960,KILLED,176,180
12961,KILLED,176,180
12962,SURVIVED
12963,KILLED,176,180
12964,SURVIVED
12965,KILLED,176,180,178,179,145,213,357,149,148,153,332,151,361,212,155,356,384
12966,KILLED,176,178,179
12967,KILLED,176,178,179
12968,KILLED,176,178,179
12969,KILLED,176,178,179
12970,KILLED,176,178,179
12971,KILLED,176,178,179
12972,KILLED,176
12973,KILLED,176,178,179
12974,KILLED,176,180
12975,SURVIVED
12976,SURVIVED
12977,SURVIVED
12978,SURVIVED
12979,SURVIVED
12980,SURVIVED
12981,SURVIVED
12982,KILLED,177
12983,SURVIVED
12984,SURVIVED
12985,SURVIVED
12986,KILLED,177
12987,KILLED,177
12988,KILLED,177
12989,SURVIVED
12990,SURVIVED
12991,SURVIVED
12992,SURVIVED
12993,SURVIVED
12994,SURVIVED
12995,SURVIVED
12996,SURVIVED
12997,KILLED,177
12998,KILLED,177
12999,KILLED,177
13000,SURVIVED
13001,KILLED,176,180,179
13002,KILLED,176,180
13003,KILLED,176,180
13004,SURVIVED
13005,KILLED,180
13006,KILLED,180,178
13007,KILLED,180
13008,KILLED,180,178,179,145,213,357,149,148,153,332,151,361,212,155,356,384
13009,KILLED,180,178
13010,KILLED,180
13011,KILLED,180,178,179,145,149,148,153,332,151,155
13012,KILLED,180,178,145,149,148,153,332,151,155
13013,SURVIVED
13014,SURVIVED
13015,KILLED,180,178
13016,KILLED,180
13017,KILLED,180,178
13018,KILLED,180
13019,KILLED,180
13020,KILLED,180,178,179,145,213,357,149,148,153,332,151,361,212,155,356,384
13021,KILLED,180,178
13022,KILLED,180,178
13023,KILLED,180
13024,KILLED,180
13025,KILLED,180,178,179,145,213,357,149,148,153,332,151,361,212,155,356,384
13026,KILLED,180,178
13027,KILLED,180
13028,KILLED,180
13029,KILLED,180
13030,SURVIVED
13031,KILLED,180,178
13032,KILLED,180
13033,KILLED,180
13034,KILLED,180
13035,SURVIVED
13036,KILLED,180,178,179
13037,KILLED,180,178,179,145,213,357,149,148,153,332,151,361,212,155,356,384
13038,KILLED,180,178
13039,KILLED,180
13040,KILLED,180,178,179
13041,KILLED,178
13042,SURVIVED
13043,SURVIVED
13044,SURVIVED
13045,SURVIVED
13046,SURVIVED
13047,SURVIVED
13048,SURVIVED
13049,KILLED,176,177
13050,KILLED,177
13051,SURVIVED
13052,SURVIVED
13053,SURVIVED
13054,SURVIVED
13055,SURVIVED
13056,SURVIVED
13057,SURVIVED
13058,SURVIVED
13059,SURVIVED
13060,SURVIVED
13061,SURVIVED
13062,SURVIVED
13063,SURVIVED
13064,SURVIVED
13065,KILLED,176,180,177
13066,KILLED,176,177
13067,KILLED,177
13068,SURVIVED
13069,SURVIVED
13070,SURVIVED
13071,SURVIVED
13072,SURVIVED
13073,SURVIVED
13074,SURVIVED
13075,SURVIVED
13076,SURVIVED
13077,SURVIVED
13078,SURVIVED
13079,SURVIVED
13080,SURVIVED
13081,SURVIVED
13082,KILLED,176,180,177
13083,KILLED,176,180,177,178,179
13084,KILLED,176,180,177,178,179
13085,KILLED,176,180,177,178,179
13086,KILLED,176,180
13087,KILLED,176,180,177,178
13088,KILLED,176,180,177,178
13089,KILLED,176,180,177,178
13090,KILLED,176,180
13091,KILLED,176,180,177
13092,KILLED,176,180,177
13093,KILLED,176,180,177
13094,KILLED,176,180
13095,KILLED,176,180,177,178
13096,KILLED,176,180,177,178
13097,KILLED,176,180,177
13098,KILLED,176,180,177,178,179
13099,KILLED,176,180,177,178
13100,KILLED,176,180,177
13101,KILLED,176,180,177,178,179
13102,KILLED,176,180,177,178
13103,KILLED,176,180,177
13104,KILLED,176,180
13105,KILLED,176,180
13106,KILLED,176,180
13107,KILLED,176,180
13108,KILLED,176,180,178,179
13109,KILLED,176,180,178
13110,KILLED,176,180
13111,KILLED,176,177,179
13112,KILLED,177,179
13113,SURVIVED
13114,SURVIVED
13115,SURVIVED
13116,SURVIVED
13117,SURVIVED
13118,SURVIVED
13119,SURVIVED
13120,SURVIVED
13121,SURVIVED
13122,SURVIVED
13123,SURVIVED
13124,SURVIVED
13125,SURVIVED
13126,SURVIVED
13127,KILLED,176,180,177,179
13128,KILLED,177
13129,KILLED,177
13130,KILLED,177
13131,KILLED,177
13132,KILLED,177
13133,KILLED,177
13134,KILLED,177
13135,KILLED,177
13136,SURVIVED
13137,SURVIVED
13138,KILLED,177
13139,SURVIVED
13140,SURVIVED
13141,KILLED,177
13142,KILLED,177
13143,SURVIVED
13144,SURVIVED
13145,KILLED,177
13146,KILLED,177
13147,SURVIVED
13148,SURVIVED
13149,KILLED,177
13150,KILLED,177
13151,SURVIVED
13152,KILLED,177
13153,KILLED,177
13154,KILLED,177
13155,KILLED,177
13156,KILLED,177
13157,KILLED,177
13158,KILLED,177
13159,SURVIVED
13160,SURVIVED
13161,SURVIVED
13162,SURVIVED
13163,SURVIVED
13164,SURVIVED
13165,KILLED,177
13166,KILLED,391,392,484,483,486,482,372,192,370,355
13167,SURVIVED
13168,KILLED,391,392,484,483,486,482,372,192,370,355
13169,KILLED,391,392,484,483,486,482,372,192,370,355
13170,KILLED,391,392,484,483,486,482,372,192,370,355
13171,KILLED,391,392,484,483,486,482,372,192,370,355
13172,KILLED,391,392,484,483,486,482,372,192,370,355
13173,SURVIVED
13174,SURVIVED
13175,SURVIVED
13176,SURVIVED
13177,SURVIVED
13178,KILLED,391,392,484,483,486,482,372,192,370,355
13179,KILLED,391,392,484,483,486,482,372,192,370,355
13180,KILLED,391,392,484,483,486,482,372,192,370,355
13181,KILLED,391,392,484,483,486,482,372,192,370,355
13182,KILLED,391,392,484,483,486,482,372,192,370,355
13183,KILLED,391,392,484,483,486,482,372,192,370,355
13184,SURVIVED
13185,KILLED,392
13186,KILLED,392
13187,SURVIVED
13188,KILLED,392
13189,KILLED,392
13190,SURVIVED
13191,SURVIVED
13192,SURVIVED
13193,SURVIVED
13194,KILLED,392
13195,SURVIVED
13196,KILLED,392
13197,KILLED,392
13198,KILLED,391,392,484,483,486,482,372,192,370,355
13199,KILLED,391,392,484,483,486,482,372,192,370,355
13200,SURVIVED
13201,KILLED,392
13202,KILLED,392
13203,KILLED,392
13204,SURVIVED
13205,SURVIVED
13206,SURVIVED
13207,KILLED,392
13208,SURVIVED
13209,SURVIVED
13210,SURVIVED
13211,SURVIVED
13212,KILLED,391,392,484,483,486,482,372,192,370,355
13213,KILLED,391,392,484,483,486,482,372,192,370,355
13214,KILLED,391,392,484,486,482,372,192,370,355
13215,KILLED,391,392,484,486,482,372,192,370
13216,SURVIVED
13217,SURVIVED
13218,SURVIVED
13219,SURVIVED
13220,SURVIVED
13221,SURVIVED
13222,SURVIVED
13223,NO_COVERAGE
13224,KILLED,391,192
13225,KILLED,391,192
13226,KILLED,391,192
13227,KILLED,391,192
13228,KILLED,391,192
13229,SURVIVED
13230,KILLED,391,192
13231,KILLED,391,192
13232,SURVIVED
13233,SURVIVED
13234,NO_COVERAGE
13235,NO_COVERAGE
13236,NO_COVERAGE
13237,KILLED,392
13238,KILLED,392
13239,KILLED,392
13240,KILLED,392
13241,KILLED,392
13242,KILLED,392
13243,SURVIVED
13244,KILLED,392
13245,KILLED,392
13246,KILLED,392
13247,KILLED,392
13248,KILLED,392
13249,NO_COVERAGE
13250,NO_COVERAGE
13251,NO_COVERAGE
13252,SURVIVED
13253,KILLED,392
13254,KILLED,392
13255,KILLED,392
13256,KILLED,392
13257,SURVIVED
13258,KILLED,392
13259,SURVIVED
13260,KILLED,392
13261,KILLED,392
13262,TIMED_OUT
13263,KILLED,372,370
13264,KILLED,391,192
13265,SURVIVED
13266,KILLED,391,392,484,483,486,482,372,192,370,355
13267,SURVIVED
13268,KILLED,391,392,484,483,486,482,372,192,370,355
13269,NO_COVERAGE
13270,NO_COVERAGE
13271,NO_COVERAGE
13272,NO_COVERAGE
13273,NO_COVERAGE
13274,NO_COVERAGE
13275,NO_COVERAGE
13276,NO_COVERAGE
13277,KILLED,391,392,484,483,486,482,372,192,370,355
13278,KILLED,391,392,484,483,486,482,372,192,370,355
13279,KILLED,391,392,484,483,486,482,372,192,370,355
13280,KILLED,391,392,484,483,486,482,372,192,370,355
13281,SURVIVED
13282,KILLED,391,392,484,483,486,482,372,192,370,355
13283,KILLED,391,392,484,483,486,482,372,192,370,355
13284,KILLED,392
13285,SURVIVED
13286,NO_COVERAGE
13287,NO_COVERAGE
13288,KILLED,392
13289,SURVIVED
13290,SURVIVED
13291,KILLED,372,370
13292,SURVIVED
13293,KILLED,391,392,484,483,486,482,372,192,370,355
13294,NO_COVERAGE
13295,KILLED,391,192
13296,KILLED,391,192
13297,KILLED,391,392,484,483,486,482,372,192,370,355
13298,KILLED,391,392,484,483,486,482,372,192,370,355
13299,KILLED,391,392,484,483,486,482,372,192,370,355
13300,SURVIVED
13301,KILLED,391,392,484,483,486,482,372,192,370,355
13302,KILLED,391,392,484,483,486,482,372,192,370,355
13303,KILLED,370
13304,KILLED,391,392,484,483,486,482,372,192,370,355
13305,KILLED,391,392,484,483,486,482,372,192,370,355
13306,SURVIVED
13307,KILLED,391,392,484,483,486,482,372,192,370,355
13308,KILLED,391,392,484,483,486,482,372,192,370,355
13309,KILLED,391,392,484,486,482,372,192,370
13310,KILLED,391,392,484,483,486,482,372,192,370,355
13311,KILLED,391,484,483,486,482,372,192,370,355
13312,KILLED,372,370
13313,KILLED,372,370
13314,KILLED,391,392,484,483,486,482,372,192,370,355
13315,KILLED,391,392,484,483,486,482,372,192,370,355
13316,NO_COVERAGE
13317,NO_COVERAGE
13318,NO_COVERAGE
13319,NO_COVERAGE
13320,NO_COVERAGE
13321,NO_COVERAGE
13322,NO_COVERAGE
13323,NO_COVERAGE
13324,KILLED,482,370
13325,KILLED,391,392,484,483,486,482,372,192,370,355
13326,KILLED,391,392,484,483,486,482,372,192,370,355
13327,KILLED,391,392,484,483,486,482,372,192,370,355
13328,KILLED,391,392,484,483,486,482,372,192,370,355
13329,SURVIVED
13330,KILLED,391,392,484,483,486,482,372,192,370,355
13331,KILLED,391,392,484,483,486,482,372,192,370,355
13332,KILLED,391,392,484,483,486,482,372,192,370,355
13333,KILLED,391,392,484,483,486,482,372,192,370,355
13334,KILLED,391,392,484,483,486,482,372,192,370,355
13335,NO_COVERAGE
13336,NO_COVERAGE
13337,NO_COVERAGE
13338,NO_COVERAGE
13339,NO_COVERAGE
13340,NO_COVERAGE
13341,NO_COVERAGE
13342,NO_COVERAGE
13343,KILLED,391,392,484,483,486,482,372,192,370,355
13344,KILLED,391,392,484,483,486,482,372,192,370,355
13345,KILLED,392
13346,KILLED,392
13347,KILLED,392
13348,KILLED,391,392,484,486,482,372,192,370,355
13349,SURVIVED
13350,NO_COVERAGE
13351,NO_COVERAGE
13352,KILLED,392
13353,KILLED,392
13354,SURVIVED
13355,KILLED,392
13356,KILLED,391,192
13357,KILLED,391,192
13358,KILLED,391,192
13359,SURVIVED
13360,SURVIVED
13361,KILLED,484,486
13362,KILLED,392,482,372,370
13363,KILLED,391,392,484,483,486,482,372,192,370,355
13364,SURVIVED
13365,SURVIVED
13366,KILLED,482,370
13367,KILLED,391,392,482,372,192,370
13368,SURVIVED
13369,SURVIVED
13370,KILLED,392
13371,SURVIVED
13372,KILLED,392
13373,KILLED,391,192
13374,KILLED,391,392,484,483,486,482,372,192,370,355
13375,KILLED,391,392,482,372,192,370
13376,KILLED,391,392,484,483,486,482,372,192,370,355
13377,KILLED,391,392,484,483,486,482,372,192,370,355
13378,KILLED,391,392,484,483,486,482,372,192,370,355
13379,KILLED,391,392,484,483,486,482,372,192,370,355
13380,KILLED,391,392,484,483,486,482,372,192,370,355
13381,KILLED,391,392,484,483,486,482,372,192,370,355
13382,KILLED,391,392,484,483,486,482,372,192,370,355
13383,KILLED,391,392,484,486,482,372,192,370
13384,KILLED,391,484,483,486,482,372,192,370,355
13385,KILLED,484,483,486,482,372,370,355
13386,SURVIVED
13387,SURVIVED
13388,SURVIVED
13389,KILLED,391,392,484,483,486,482,372,192,370,355
13390,KILLED,370
13391,KILLED,391,392,484,483,486,482,372,192,370,355
13392,NO_COVERAGE
13393,KILLED,391,392,482,372,192,370
13394,KILLED,392
13395,KILLED,391,392,484,483,486,482,372,192,370,355
13396,KILLED,392,482,372,370
13397,KILLED,391,392,482,372,192,370
13398,SURVIVED
13399,SURVIVED
13400,KILLED,391,392,484,483,486,482,372,192,370,355
13401,TIMED_OUT
13402,TIMED_OUT
13403,KILLED,391,392,483,482,372,192,370,355
13404,KILLED,391,392,483,482,372,192,370,355
13405,KILLED,391,192
13406,KILLED,484,483,486,482,372,370,355
13407,KILLED,391,192
13408,KILLED,391,484,483,486,482,372,192,370,355
13409,KILLED,391,192
13410,KILLED,391,192
13411,KILLED,391,192
13412,SURVIVED
13413,KILLED,484,483,486,482,372,370,355
13414,KILLED,391,484,483,486,482,372,192,370,355
13415,KILLED,392
13416,KILLED,391,484,483,486,482,372,192,370,355
13417,KILLED,392
13418,KILLED,391,392,484,483,486,482,372,192,370,355
13419,KILLED,392
13420,KILLED,392
13421,KILLED,392
13422,SURVIVED
13423,KILLED,391,484,483,486,482,372,192,370,355
13424,KILLED,391,392,484,483,486,482,372,192,370,355
13425,KILLED,392
13426,KILLED,391,392,484,483,486,482,372,192,370,355
13427,SURVIVED
13428,SURVIVED
13429,NO_COVERAGE
13430,KILLED,483,482,372,192,370,393
13431,KILLED,483,482,372,192,370,393
13432,KILLED,160,161,133,396,162,393,363,374,378,362,383,385,159,373,379,380,369,375,128,397
13433,KILLED,483,482,372,192,370,393
13434,KILLED,483,482,372,192,370,393
13435,NO_COVERAGE
13436,KILLED,483,482,372,192,370,393
13437,KILLED,483,482,372,192,370,393
13438,NO_COVERAGE
13439,KILLED,483,482,372,192,370,393
13440,KILLED,483,482,372,192,370,393
13441,NO_COVERAGE
13442,KILLED,483,482,372,192,370,393
13443,KILLED,483,482,372,192,370,393
13444,NO_COVERAGE
13445,KILLED,483,482,372,192,370,393
13446,KILLED,483,482,372,192,370,393
13447,NO_COVERAGE
13448,KILLED,483,482,372,192,370,393
13449,KILLED,483,482,372,192,370,393
13450,NO_COVERAGE
13451,KILLED,483,482,372,192,370,393
13452,KILLED,483,482,372,192,370,393
13453,NO_COVERAGE
13454,KILLED,483,482,372,192,370,393
13455,KILLED,483,482,372,192,370,393
13456,KILLED,483,482,372,192,370,393
13457,KILLED,483,482,372,192,370,393
13458,KILLED,483,482,372,192,370,393
13459,KILLED,483,482,372,192,370,393
13460,KILLED,483,482,372,192,370,393
13461,KILLED,483,482,372,192,370,393
13462,KILLED,483,482,372,192,370,393
13463,KILLED,483,482,372,192,370,393
13464,SURVIVED
13465,SURVIVED
13466,SURVIVED
13467,SURVIVED
13468,SURVIVED
13469,SURVIVED
13470,SURVIVED
13471,SURVIVED
13472,KILLED,483,482,372,192,370,393
13473,KILLED,483,482,372,192,370,393
13474,KILLED,483,482,372,192,370,393
13475,KILLED,483,482,372,192,370,393
13476,KILLED,483,482,372,192,370,393
13477,KILLED,483,482,372,192,370,393
13478,KILLED,483,482,372,192,370,393
13479,KILLED,483,482,372,192,370,393
13480,SURVIVED
13481,KILLED,483,482,372,192,370,393
13482,NO_COVERAGE
13483,KILLED,160,161,133,396,162,393,363,374,378,362,383,385,159,373,379,380,369,375,128,397
13484,NO_COVERAGE
13485,NO_COVERAGE
13486,NO_COVERAGE
13487,NO_COVERAGE
13488,NO_COVERAGE
13489,NO_COVERAGE
13490,NO_COVERAGE
13491,KILLED,483,482,372,192,370,393
13492,KILLED,391,355
13493,KILLED,391,392,484,483,486,482,372,192,370,355
13494,SURVIVED
13495,TIMED_OUT
13496,SURVIVED
13497,TIMED_OUT
13498,SURVIVED
13499,KILLED,392,482,372,192,370
13500,KILLED,482,372,370
13501,KILLED,392,482,372,370
13502,KILLED,391,392,484,483,486,482,372,192,370,355
13503,KILLED,391,392,482,372,192,370
13504,KILLED,391,392,482,372,192,370
13505,KILLED,392,482,372,370
13506,KILLED,392,482,372,370
13507,TIMED_OUT
13508,TIMED_OUT
13509,KILLED,482,372,370
13510,KILLED,391,392,484,483,486,482,372,192,370,355
13511,KILLED,391,392,482,372,192,370
13512,KILLED,391,392,482,372,192,370
13513,KILLED,391,392,482,372,192,370
13514,SURVIVED
13515,TIMED_OUT
13516,SURVIVED
13517,TIMED_OUT
13518,TIMED_OUT
13519,SURVIVED
13520,KILLED,391,392,482,372,192,370
13521,KILLED,392
13522,NO_COVERAGE
13523,NO_COVERAGE
13524,SURVIVED
13525,KILLED,392
13526,KILLED,392
13527,KILLED,392
13528,KILLED,392
13529,NO_COVERAGE
13530,NO_COVERAGE
13531,NO_COVERAGE
13532,NO_COVERAGE
13533,NO_COVERAGE
13534,SURVIVED
13535,KILLED,392
13536,SURVIVED
13537,KILLED,392
13538,KILLED,133,135,130,131,129,132,128
13539,SURVIVED
13540,SURVIVED
13541,SURVIVED
13542,SURVIVED
13543,KILLED,133,135,130,131,129,132,128
13544,SURVIVED
13545,SURVIVED
13546,KILLED,254
13547,SURVIVED
13548,SURVIVED
13549,SURVIVED
13550,SURVIVED
13551,KILLED,254
13552,SURVIVED
13553,SURVIVED
13554,SURVIVED
13555,KILLED,255
13556,KILLED,255
13557,SURVIVED
13558,SURVIVED
13559,SURVIVED
13560,SURVIVED
13561,KILLED,255
13562,SURVIVED
13563,SURVIVED
13564,NO_COVERAGE
13565,NO_COVERAGE
13566,NO_COVERAGE
13567,NO_COVERAGE
13568,NO_COVERAGE
13569,NO_COVERAGE
13570,NO_COVERAGE
13571,NO_COVERAGE
13572,NO_COVERAGE
13573,NO_COVERAGE
13574,NO_COVERAGE
13575,NO_COVERAGE
13576,NO_COVERAGE
13577,NO_COVERAGE
13578,NO_COVERAGE
13579,NO_COVERAGE
13580,NO_COVERAGE
13581,NO_COVERAGE
13582,NO_COVERAGE
13583,NO_COVERAGE
13584,NO_COVERAGE
13585,NO_COVERAGE
13586,NO_COVERAGE
13587,NO_COVERAGE
13588,NO_COVERAGE
13589,NO_COVERAGE
13590,NO_COVERAGE
13591,NO_COVERAGE
13592,NO_COVERAGE
13593,NO_COVERAGE
13594,NO_COVERAGE
13595,NO_COVERAGE
13596,NO_COVERAGE
13597,NO_COVERAGE
13598,NO_COVERAGE
13599,NO_COVERAGE
13600,NO_COVERAGE
13601,NO_COVERAGE
13602,NO_COVERAGE
13603,NO_COVERAGE
13604,NO_COVERAGE
13605,NO_COVERAGE
13606,NO_COVERAGE
13607,NO_COVERAGE
13608,NO_COVERAGE
13609,NO_COVERAGE
13610,NO_COVERAGE
13611,NO_COVERAGE
13612,NO_COVERAGE
13613,NO_COVERAGE
13614,KILLED,131,132
13615,NO_COVERAGE
13616,NO_COVERAGE
13617,KILLED,133,135,130,131,129,132,128
13618,KILLED,133,135,130,131,129,132,128
13619,NO_COVERAGE
13620,NO_COVERAGE
13621,KILLED,133,135,130,131,129,132,128
13622,KILLED,133,135,130,131,129,132,128
13623,KILLED,131,132
13624,KILLED,131,132
13625,NO_COVERAGE
13626,NO_COVERAGE
13627,NO_COVERAGE
13628,KILLED,254,255,130,131,129,132
13629,NO_COVERAGE
13630,NO_COVERAGE
13631,KILLED,254,255
13632,NO_COVERAGE
13633,KILLED,254,255
13634,SURVIVED
13635,KILLED,131,132
13636,KILLED,131,132
13637,KILLED,131,132
13638,SURVIVED
13639,KILLED,131,132
13640,NO_COVERAGE
13641,NO_COVERAGE
13642,NO_COVERAGE
13643,NO_COVERAGE
13644,NO_COVERAGE
13645,NO_COVERAGE
13646,NO_COVERAGE
13647,NO_COVERAGE
13648,NO_COVERAGE
13649,NO_COVERAGE
13650,NO_COVERAGE
13651,NO_COVERAGE
13652,NO_COVERAGE
13653,NO_COVERAGE
13654,NO_COVERAGE
13655,NO_COVERAGE
13656,NO_COVERAGE
13657,KILLED,255,130,131,129,132
13658,KILLED,254,131,132
13659,KILLED,254,255,130,131,129,132
13660,KILLED,255,130,131,129,132
13661,KILLED,254,131,132
13662,KILLED,254,255,130,131,129,132
13663,NO_COVERAGE
13664,NO_COVERAGE
13665,NO_COVERAGE
13666,NO_COVERAGE
13667,NO_COVERAGE
13668,NO_COVERAGE
13669,NO_COVERAGE
13670,NO_COVERAGE
13671,NO_COVERAGE
13672,NO_COVERAGE
13673,NO_COVERAGE
13674,NO_COVERAGE
13675,NO_COVERAGE
13676,NO_COVERAGE
13677,NO_COVERAGE
13678,NO_COVERAGE
13679,NO_COVERAGE
13680,NO_COVERAGE
13681,KILLED,135,130,131,129,132
13682,KILLED,135,130,131,129,132
13683,SURVIVED
13684,KILLED,135,130,131,129,132
13685,SURVIVED
13686,KILLED,135,130,131,129,132
13687,KILLED,135,130,131,129,132
13688,SURVIVED
13689,KILLED,135,130,131,129,132
13690,KILLED,135,130,131,129,132
13691,KILLED,133,135,130,131,129,132,128
13692,KILLED,133,135,130,131,129,132,128
13693,SURVIVED
13694,SURVIVED
13695,KILLED,131,132
13696,KILLED,131,132
13697,KILLED,130,131,129,132
13698,SURVIVED
13699,SURVIVED
13700,SURVIVED
13701,SURVIVED
13702,SURVIVED
13703,SURVIVED
13704,SURVIVED
13705,SURVIVED
13706,SURVIVED
13707,SURVIVED
13708,KILLED,133,135,130,131,129,132,128
13709,KILLED,133,135,130,131,129,132,128
13710,SURVIVED
13711,SURVIVED
13712,SURVIVED
13713,KILLED,133,135,130,131,129,132,128
13714,KILLED,133,135,130,131,129,132,128
13715,KILLED,133,135,130,131,129,132,128
13716,KILLED,133,135,130,131,129,132,128
13717,KILLED,133,135,130,131,129,132,128
13718,SURVIVED
13719,KILLED,131,132
13720,KILLED,130,131,129,132
13721,KILLED,130,131,129,132
13722,KILLED,130,131,129,132
13723,SURVIVED
13724,TIMED_OUT
13725,SURVIVED
13726,SURVIVED
13727,SURVIVED
13728,SURVIVED
13729,SURVIVED
13730,SURVIVED
13731,SURVIVED
13732,SURVIVED
13733,SURVIVED
13734,SURVIVED
13735,SURVIVED
13736,SURVIVED
13737,SURVIVED
13738,SURVIVED
13739,SURVIVED
13740,KILLED,133,135,130,131,129,132,128
13741,SURVIVED
13742,SURVIVED
13743,SURVIVED
13744,SURVIVED
13745,KILLED,135,130,131,129,132
13746,KILLED,133,135,130,131,129,132,128
13747,KILLED,133,135,130,131,129,132,128
13748,KILLED,130,131,129,132
13749,KILLED,130,131,129,132
13750,KILLED,133,135,130,131,129,132,128
13751,SURVIVED
13752,SURVIVED
13753,KILLED,133,135,130,131,129,132,128
13754,SURVIVED
13755,SURVIVED
13756,KILLED,133,135,130,131,129,132,128
13757,SURVIVED
13758,SURVIVED
13759,SURVIVED
13760,SURVIVED
13761,SURVIVED
13762,SURVIVED
13763,KILLED,133,135,130,131,129,132,128
13764,KILLED,133,135,130,131,129,132,128
13765,KILLED,133,135,130,131,129,132,128
13766,SURVIVED
13767,SURVIVED
13768,KILLED,131,132
13769,KILLED,131,132
13770,KILLED,130,131,129,132
13771,KILLED,130,131,129,132
13772,SURVIVED
13773,KILLED,131,132
13774,SURVIVED
13775,SURVIVED
13776,SURVIVED
13777,SURVIVED
13778,SURVIVED
13779,SURVIVED
13780,SURVIVED
13781,SURVIVED
13782,SURVIVED
13783,KILLED,133,135,130,131,129,132,128
13784,KILLED,133,135,130,131,129,132,128
13785,SURVIVED
13786,SURVIVED
13787,SURVIVED
13788,KILLED,133,135,130,131,129,132,128
13789,SURVIVED
13790,SURVIVED
13791,SURVIVED
13792,SURVIVED
13793,SURVIVED
13794,SURVIVED
13795,SURVIVED
13796,KILLED,133,135,130,131,129,132,128
13797,KILLED,130,131,129,132
13798,SURVIVED
13799,KILLED,131,132
13800,SURVIVED
13801,SURVIVED
13802,SURVIVED
13803,SURVIVED
13804,KILLED,135,130,131,129,132
13805,SURVIVED
13806,SURVIVED
13807,SURVIVED
13808,SURVIVED
13809,SURVIVED
13810,TIMED_OUT
13811,SURVIVED
13812,SURVIVED
13813,NO_COVERAGE
13814,NO_COVERAGE
13815,NO_COVERAGE
13816,NO_COVERAGE
13817,SURVIVED
13818,SURVIVED
13819,SURVIVED
13820,SURVIVED
13821,SURVIVED
13822,SURVIVED
13823,SURVIVED
13824,SURVIVED
13825,KILLED,255,135,130,131,129,132
13826,KILLED,254,135,130,131,129,132
13827,KILLED,254,255,131,132
13828,KILLED,254,255,131,132
13829,KILLED,255,131,132
13830,KILLED,254,255,131,132
13831,KILLED,255,131,132
13832,SURVIVED
13833,KILLED,255,135,130,131,129,132
13834,KILLED,255,135,130,131,129,132
13835,KILLED,255,135,130,131,129,132
13836,KILLED,254,131,132
13837,KILLED,254,130,131,129,132
13838,KILLED,254,255,131,132
13839,KILLED,255,131,132
13840,KILLED,255,131,132
13841,KILLED,254,131,132
13842,SURVIVED
13843,KILLED,254,131,132
13844,SURVIVED
13845,KILLED,255
13846,KILLED,254,255
13847,KILLED,254,255,130,131,129,132
13848,NO_COVERAGE
13849,SURVIVED
13850,SURVIVED
13851,KILLED,131,132
13852,KILLED,255,130,131,129,132
13853,SURVIVED
13854,NO_COVERAGE
13855,NO_COVERAGE
13856,NO_COVERAGE
13857,NO_COVERAGE
13858,NO_COVERAGE
13859,NO_COVERAGE
13860,NO_COVERAGE
13861,NO_COVERAGE
13862,NO_COVERAGE
13863,NO_COVERAGE
13864,NO_COVERAGE
13865,NO_COVERAGE
13866,NO_COVERAGE
13867,NO_COVERAGE
13868,NO_COVERAGE
13869,NO_COVERAGE
13870,NO_COVERAGE
13871,NO_COVERAGE
13872,NO_COVERAGE
13873,NO_COVERAGE
13874,NO_COVERAGE
13875,NO_COVERAGE
13876,NO_COVERAGE
13877,NO_COVERAGE
13878,NO_COVERAGE
13879,NO_COVERAGE
13880,NO_COVERAGE
13881,NO_COVERAGE
13882,NO_COVERAGE
13883,NO_COVERAGE
13884,NO_COVERAGE
13885,NO_COVERAGE
13886,NO_COVERAGE
13887,NO_COVERAGE
13888,NO_COVERAGE
13889,NO_COVERAGE
13890,NO_COVERAGE
13891,NO_COVERAGE
13892,NO_COVERAGE
13893,NO_COVERAGE
13894,KILLED,257,250,249,350,363,374,378,362,385,373,379,380,369,375
13895,KILLED,349,253,252,251,248,258,373,375
13896,KILLED,349,253,248
13897,NO_COVERAGE
13898,SURVIVED
13899,KILLED,349,257,253,252,292,250,251,249,248,398,350,363,374,378,362,385,373,379,380,369,375
13900,SURVIVED
13901,SURVIVED
13902,SURVIVED
13903,SURVIVED
13904,SURVIVED
13905,SURVIVED
13906,SURVIVED
13907,SURVIVED
13908,SURVIVED
13909,SURVIVED
13910,KILLED,88
13911,KILLED,88
13912,KILLED,87
13913,KILLED,87
13914,NO_COVERAGE
13915,NO_COVERAGE
13916,SURVIVED
13917,SURVIVED
13918,SURVIVED
13919,SURVIVED
13920,SURVIVED
13921,SURVIVED
13922,SURVIVED
13923,SURVIVED
13924,SURVIVED
13925,SURVIVED
13926,SURVIVED
13927,SURVIVED
13928,SURVIVED
13929,SURVIVED
13930,KILLED,88
13931,SURVIVED
13932,KILLED,87
13933,KILLED,87
13934,NO_COVERAGE
13935,NO_COVERAGE
13936,SURVIVED
13937,SURVIVED
13938,KILLED,88,87,349,257,253,252,292,250,251,249,248,398,350,258,363,374,378,362,385,373,379,380,369,375
13939,KILLED,88,349,257,253,252,250,251,249,248,398,350,258,363,374,378,362,385,373,379,380,369,375
13940,KILLED,87
13941,SURVIVED
13942,SURVIVED
13943,SURVIVED
13944,SURVIVED
13945,SURVIVED
13946,KILLED,292
13947,KILLED,88,87,349,257,253,252,292,250,251,249,248,398,350,258,363,374,378,362,385,373,379,380,369,375
13948,NO_COVERAGE
13949,NO_COVERAGE
13950,KILLED,250
13951,SURVIVED
13952,SURVIVED
13953,KILLED,250,249
13954,KILLED,250,249
13955,KILLED,257,292,250,249,350,363,374,378,362,385,373,379,380,369,375
13956,KILLED,250,249,363,374,378,362,385,373,379,380,369,375
13957,KILLED,257,292,249,350,363,374,378,362,385,373,379,380,369,375
13958,KILLED,257,292,249,350,363,374,378,362,385,373,379,380,369,375
13959,KILLED,257,292,249,350,363,374,378,362,385,373,379,380,369,375
13960,KILLED,250
13961,KILLED,257,292,249,350,363,374,378,362,385,373,379,380,369,375
13962,NO_COVERAGE
13963,NO_COVERAGE
13964,NO_COVERAGE
13965,NO_COVERAGE
13966,KILLED,250,249
13967,KILLED,257,292,249,350,363,374,378,362,385,373,379,380,369,375
13968,KILLED,250
13969,KILLED,257,292,249,350,363,374,378,362,385,373,379,380,369,375
13970,KILLED,250
13971,KILLED,249,363,374,378,362,385,373,379,380,369,375
13972,SURVIVED
13973,KILLED,250
13974,SURVIVED
13975,KILLED,250,249
13976,KILLED,349,257,253,252,292,250,251,249,248,350,258,363,374,378,362,385,373,379,380,369,375
13977,KILLED,257,292,249,350,363,374,378,362,385,373,379,380,369,375
13978,NO_COVERAGE
13979,KILLED,88,87,349,257,253,252,250,251,249,248,398,350,258,363,374,378,362,385,373,379,380,369,375
13980,SURVIVED
13981,KILLED,88,87,349,257,253,252,250,251,249,248,398,350,258,363,374,378,362,385,373,379,380,369,375
13982,SURVIVED
13983,KILLED,88,87,349,257,253,252,250,251,249,248,398,350,258,363,374,378,362,385,373,379,380,369,375
13984,NO_COVERAGE
13985,SURVIVED
13986,SURVIVED
13987,KILLED,292
13988,SURVIVED
13989,KILLED,292
13990,NO_COVERAGE
13991,NO_COVERAGE
13992,NO_COVERAGE
13993,NO_COVERAGE
13994,NO_COVERAGE
13995,NO_COVERAGE
13996,NO_COVERAGE
13997,NO_COVERAGE
13998,NO_COVERAGE
13999,NO_COVERAGE
14000,NO_COVERAGE
14001,NO_COVERAGE
14002,NO_COVERAGE
14003,NO_COVERAGE
14004,NO_COVERAGE
14005,NO_COVERAGE
14006,NO_COVERAGE
14007,NO_COVERAGE
14008,NO_COVERAGE
14009,NO_COVERAGE
14010,NO_COVERAGE
14011,NO_COVERAGE
14012,NO_COVERAGE
14013,NO_COVERAGE
14014,NO_COVERAGE
14015,NO_COVERAGE
14016,NO_COVERAGE
14017,NO_COVERAGE
14018,NO_COVERAGE
14019,NO_COVERAGE
14020,NO_COVERAGE
14021,NO_COVERAGE
14022,KILLED,87
14023,SURVIVED
14024,KILLED,88
14025,SURVIVED
14026,KILLED,88
14027,KILLED,87
14028,KILLED,87,248,363,374,378,362,385,373,379,380,369,375
14029,KILLED,87
14030,KILLED,88,87
14031,SURVIVED
14032,KILLED,87
14033,KILLED,87
14034,KILLED,88
14035,SURVIVED
14036,KILLED,87
14037,KILLED,88
14038,SURVIVED
14039,SURVIVED
14040,SURVIVED
14041,SURVIVED
14042,SURVIVED
14043,SURVIVED
14044,KILLED,349,257,253,252,292,250,251,249,248,398,350,258,363,374,378,362,385,373,379,380,369,375
14045,SURVIVED
14046,KILLED,88
14047,SURVIVED
14048,KILLED,88,87
14049,KILLED,88
14050,KILLED,88,87
14051,KILLED,88,87
14052,KILLED,87
14053,KILLED,88,87,252,250,251,249,248,363,374,378,362,385,373,379,380,369,375
14054,KILLED,87
14055,KILLED,88,87
14056,KILLED,88,87
14057,KILLED,88,87
14058,SURVIVED
14059,KILLED,88,87
14060,KILLED,87
14061,SURVIVED
14062,KILLED,87
14063,KILLED,88
14064,SURVIVED
14065,KILLED,87
14066,KILLED,88
14067,NO_COVERAGE
14068,SURVIVED
14069,KILLED,252,250,251,249
14070,KILLED,252,250,251,249
14071,KILLED,252,250,251,249
14072,KILLED,252,250,251,249
14073,KILLED,252,250,251,249
14074,SURVIVED
14075,SURVIVED
14076,KILLED,250,251
14077,SURVIVED
14078,SURVIVED
14079,SURVIVED
14080,SURVIVED
14081,KILLED,250,251
14082,SURVIVED
14083,SURVIVED
14084,KILLED,88,87,349,257,253,252,292,250,251,249,248,398,350,258,363,374,378,362,385,373,379,380,369,375
14085,SURVIVED
14086,SURVIVED
14087,SURVIVED
14088,SURVIVED
14089,SURVIVED
14090,SURVIVED
14091,SURVIVED
14092,SURVIVED
14093,SURVIVED
14094,SURVIVED
14095,SURVIVED
14096,SURVIVED
14097,SURVIVED
14098,SURVIVED
14099,SURVIVED
14100,SURVIVED
14101,SURVIVED
14102,KILLED,88,87,349,257,253,252,292,250,251,249,248,398,350,363,374,378,362,385,373,379,380,369,375
14103,KILLED,252,250,251,249
14104,SURVIVED
14105,NO_COVERAGE
14106,NO_COVERAGE
14107,NO_COVERAGE
14108,NO_COVERAGE
14109,NO_COVERAGE
14110,NO_COVERAGE
14111,NO_COVERAGE
14112,NO_COVERAGE
14113,NO_COVERAGE
14114,NO_COVERAGE
14115,NO_COVERAGE
14116,NO_COVERAGE
14117,NO_COVERAGE
14118,NO_COVERAGE
14119,NO_COVERAGE
14120,NO_COVERAGE
14121,NO_COVERAGE
14122,NO_COVERAGE
14123,NO_COVERAGE
14124,NO_COVERAGE
14125,NO_COVERAGE
14126,NO_COVERAGE
14127,NO_COVERAGE
14128,NO_COVERAGE
14129,NO_COVERAGE
14130,NO_COVERAGE
14131,NO_COVERAGE
14132,NO_COVERAGE
14133,NO_COVERAGE
14134,SURVIVED
14135,KILLED,250,251
14136,KILLED,250,251
14137,KILLED,252,249,363,374,378,362,385,373,379,380,369,375
14138,KILLED,252,250,251,249,363,374,378,362,385,373,379,380,369,375
14139,KILLED,250,251
14140,KILLED,250,251
14141,KILLED,252,249,363,374,378,362,385,373,379,380,369,375
14142,KILLED,252,250,251,249,363,374,378,362,385,373,379,380,369,375
14143,NO_COVERAGE
14144,NO_COVERAGE
14145,NO_COVERAGE
14146,NO_COVERAGE
14147,NO_COVERAGE
14148,NO_COVERAGE
14149,NO_COVERAGE
14150,NO_COVERAGE
14151,NO_COVERAGE
14152,NO_COVERAGE
14153,NO_COVERAGE
14154,NO_COVERAGE
14155,NO_COVERAGE
14156,NO_COVERAGE
14157,NO_COVERAGE
14158,NO_COVERAGE
14159,NO_COVERAGE
14160,NO_COVERAGE
14161,NO_COVERAGE
14162,NO_COVERAGE
14163,NO_COVERAGE
14164,NO_COVERAGE
14165,NO_COVERAGE
14166,NO_COVERAGE
14167,NO_COVERAGE
14168,NO_COVERAGE
14169,NO_COVERAGE
14170,NO_COVERAGE
14171,NO_COVERAGE
14172,NO_COVERAGE
14173,NO_COVERAGE
14174,NO_COVERAGE
14175,NO_COVERAGE
14176,NO_COVERAGE
14177,NO_COVERAGE
14178,NO_COVERAGE
14179,NO_COVERAGE
14180,NO_COVERAGE
14181,NO_COVERAGE
14182,NO_COVERAGE
14183,NO_COVERAGE
14184,NO_COVERAGE
14185,NO_COVERAGE
14186,NO_COVERAGE
14187,NO_COVERAGE
14188,SURVIVED
14189,KILLED,87
14190,SURVIVED
14191,SURVIVED
14192,SURVIVED
14193,SURVIVED
14194,SURVIVED
14195,SURVIVED
14196,SURVIVED
14197,SURVIVED
14198,NO_COVERAGE
14199,NO_COVERAGE
14200,SURVIVED
14201,KILLED,88,87,257,252,292,250,251,249,248,350,363,374,378,362,385,373,379,380,369,375
14202,NO_COVERAGE
14203,NO_COVERAGE
14204,NO_COVERAGE
14205,NO_COVERAGE
14206,NO_COVERAGE
14207,NO_COVERAGE
14208,NO_COVERAGE
14209,KILLED,250,251
14210,SURVIVED
14211,SURVIVED
14212,KILLED,250,251
14213,SURVIVED
14214,KILLED,88,87,257,252,292,249,248,350,363,374,378,362,385,373,379,380,369,375
14215,SURVIVED
14216,SURVIVED
14217,SURVIVED
14218,KILLED,88,87,257,252,292,250,251,249,248,350,363,374,378,362,385,373,379,380,369,375
14219,KILLED,88,87,349,257,253,252,292,250,251,249,248,398,350,363,374,378,362,385,373,379,380,369,375
14220,SURVIVED
14221,SURVIVED
14222,SURVIVED
14223,SURVIVED
14224,SURVIVED
14225,SURVIVED
14226,SURVIVED
14227,KILLED,88,87,292,250,251,248,363,374,378,362,385,373,379,380,369,375
14228,SURVIVED
14229,NO_COVERAGE
14230,NO_COVERAGE
14231,KILLED,88,87,292,250,251,248,363,374,378,362,385,373,379,380,369,375
14232,SURVIVED
14233,KILLED,88,87,349,257,253,252,292,250,251,249,248,350,363,374,378,362,385,373,379,380,369,375
14234,KILLED,88,87,349,257,253,252,292,250,251,249,248,350,363,374,378,362,385,373,379,380,369,375
14235,NO_COVERAGE
14236,NO_COVERAGE
14237,NO_COVERAGE
14238,NO_COVERAGE
14239,KILLED,88,87,349,257,253,252,292,250,251,249,248,350,363,374,378,362,385,373,379,380,369,375
14240,SURVIVED
14241,SURVIVED
14242,KILLED,88,87,349,257,253,252,292,250,251,249,248,350,363,374,378,362,385,373,379,380,369,375
14243,KILLED,88,87,349,257,253,252,292,249,248,350,363,374,378,362,385,373,379,380,369,375
14244,KILLED,252,250,251,249
14245,SURVIVED
14246,KILLED,284,283,282,393
14247,NO_COVERAGE
14248,NO_COVERAGE
14249,NO_COVERAGE
14250,SURVIVED
14251,SURVIVED
14252,KILLED,284,283,282,393
14253,KILLED,284,283,282,393
14254,KILLED,284,283,282,393
14255,KILLED,284,283,282,393
14256,KILLED,284,283,282,393
14257,NO_COVERAGE
14258,SURVIVED
14259,SURVIVED
14260,KILLED,284,283,282,393
14261,KILLED,284,283,282,393
14262,SURVIVED
14263,SURVIVED
14264,KILLED,284,283,282,393
14265,SURVIVED
14266,KILLED,284,283,282,393
14267,NO_COVERAGE
14268,NO_COVERAGE
14269,NO_COVERAGE
14270,NO_COVERAGE
14271,NO_COVERAGE
14272,NO_COVERAGE
14273,NO_COVERAGE
14274,NO_COVERAGE
14275,NO_COVERAGE
14276,NO_COVERAGE
14277,SURVIVED
14278,NO_COVERAGE
14279,NO_COVERAGE
14280,SURVIVED
14281,KILLED,283
14282,KILLED,283
14283,KILLED,284,283,282
14284,SURVIVED
14285,KILLED,284,283,282
14286,KILLED,284,283,282
14287,SURVIVED
14288,SURVIVED
14289,KILLED,284,283,282
14290,SURVIVED
14291,KILLED,284,283,282
14292,SURVIVED
14293,KILLED,284,283,282
14294,KILLED,283
14295,SURVIVED
14296,KILLED,284,283,282
14297,KILLED,283
14298,SURVIVED
14299,SURVIVED
14300,SURVIVED
14301,KILLED,284,283,282
14302,KILLED,283
14303,SURVIVED
14304,SURVIVED
14305,SURVIVED
14306,SURVIVED
14307,KILLED,393
14308,KILLED,393
14309,KILLED,393
14310,KILLED,393
14311,KILLED,393
14312,KILLED,393
14313,KILLED,393
14314,KILLED,160,161,133,162,393,383,159,128,397
14315,KILLED,393
14316,KILLED,393
14317,KILLED,393
14318,KILLED,393
14319,KILLED,393
14320,KILLED,393
14321,KILLED,393
14322,SURVIVED
14323,SURVIVED
14324,KILLED,393
14325,SURVIVED
14326,KILLED,160,161,133,162,393,383,159,128,397
14327,TIMED_OUT
14328,NO_COVERAGE
14329,NO_COVERAGE
14330,NO_COVERAGE
14331,KILLED,283
14332,KILLED,283
14333,NO_COVERAGE
14334,NO_COVERAGE
14335,NO_COVERAGE
14336,TIMED_OUT
14337,SURVIVED
14338,SURVIVED
14339,KILLED,283
14340,KILLED,283
14341,TIMED_OUT
14342,KILLED,284,283,282,393
14343,SURVIVED
14344,KILLED,284,283,282,393
14345,KILLED,284,283,282,393
14346,KILLED,284,283,282,393
14347,KILLED,284,283,282,393
14348,KILLED,284,283,282,393
14349,SURVIVED
14350,KILLED,284,283,282,393
14351,SURVIVED
14352,KILLED,284,283,282,393
14353,KILLED,284,283,282,393
14354,KILLED,284,283,282,393
14355,SURVIVED
14356,SURVIVED
14357,TIMED_OUT
14358,KILLED,284,283,282,393
14359,SURVIVED
14360,SURVIVED
14361,SURVIVED
14362,SURVIVED
14363,SURVIVED
14364,SURVIVED
14365,SURVIVED
14366,SURVIVED
14367,SURVIVED
14368,SURVIVED
14369,SURVIVED
14370,SURVIVED
14371,SURVIVED
14372,SURVIVED
14373,SURVIVED
14374,SURVIVED
14375,SURVIVED
14376,SURVIVED
14377,SURVIVED
14378,SURVIVED
14379,SURVIVED
14380,SURVIVED
14381,SURVIVED
14382,KILLED,284,283,282,393
14383,SURVIVED
14384,SURVIVED
14385,KILLED,284,283,282,393
14386,SURVIVED
14387,SURVIVED
14388,SURVIVED
14389,SURVIVED
14390,SURVIVED
14391,KILLED,284,283,282,393
14392,KILLED,284,283,282,393
14393,KILLED,284,283,282,393
14394,SURVIVED
14395,SURVIVED
14396,KILLED,284,283,282,393
14397,KILLED,284,283,282,393
14398,KILLED,284,283,282,393
14399,KILLED,284,283,282,393
14400,SURVIVED
14401,TIMED_OUT
14402,KILLED,284,283,282,393
14403,KILLED,284,283,282,393
14404,KILLED,284,283,282,393
14405,SURVIVED
14406,SURVIVED
14407,KILLED,283
14408,KILLED,284,283,282,393
14409,KILLED,284,283,282,393
14410,SURVIVED
14411,SURVIVED
14412,KILLED,284,283,282,393
14413,SURVIVED
14414,SURVIVED
14415,KILLED,284,283,282,393
14416,SURVIVED
14417,KILLED,283
14418,KILLED,284,283,282,393
14419,KILLED,284,283,282,393
14420,KILLED,284,283,282,393
14421,SURVIVED
14422,KILLED,284,283,282
14423,KILLED,284,283,282
14424,KILLED,284,283,282
14425,KILLED,284,283,282
14426,KILLED,284,283,282
14427,KILLED,284,283,282
14428,KILLED,284,283,282
14429,NO_COVERAGE
14430,NO_COVERAGE
14431,KILLED,284,283,282
14432,KILLED,283
14433,KILLED,284,283,282
14434,KILLED,283
14435,SURVIVED
14436,NO_COVERAGE
14437,KILLED,284,283,282
14438,KILLED,283
14439,KILLED,284,282
14440,KILLED,283
14441,NO_COVERAGE
14442,KILLED,284,283,282
14443,KILLED,284,283,282
14444,NO_COVERAGE
14445,KILLED,284,283,282
14446,KILLED,284,283,282
14447,KILLED,284,283,282
14448,KILLED,284,283,282
14449,KILLED,284,283,282
14450,KILLED,284,283,282
14451,KILLED,284,283,282
14452,KILLED,284,283,282
14453,KILLED,284,283,282
14454,KILLED,284,283,282
14455,KILLED,283,282
14456,KILLED,284,283,282
14457,KILLED,283,282
14458,KILLED,282
14459,KILLED,282
14460,SURVIVED
14461,SURVIVED
14462,KILLED,284,283,282
14463,SURVIVED
14464,KILLED,283
14465,NO_COVERAGE
14466,NO_COVERAGE
14467,NO_COVERAGE
14468,SURVIVED
14469,SURVIVED
14470,KILLED,283
14471,NO_COVERAGE
14472,KILLED,284,283,282
14473,NO_COVERAGE
14474,SURVIVED
14475,KILLED,284,283,282
14476,KILLED,283
14477,KILLED,284,283,282
14478,KILLED,284,283,282
14479,SURVIVED
14480,SURVIVED
14481,NO_COVERAGE
14482,NO_COVERAGE
14483,SURVIVED
14484,SURVIVED
14485,KILLED,282
14486,SURVIVED
14487,SURVIVED
14488,SURVIVED
14489,SURVIVED
14490,KILLED,284,282
14491,KILLED,283
14492,KILLED,284,283,282
14493,KILLED,283
14494,SURVIVED
14495,KILLED,282
14496,SURVIVED
14497,SURVIVED
14498,KILLED,284,283,282
14499,SURVIVED
14500,SURVIVED
14501,SURVIVED
14502,KILLED,284,283,282,393
14503,NO_COVERAGE
14504,KILLED,284,283,282,393
14505,KILLED,284,283,282,393
14506,KILLED,284,283,282,393
14507,KILLED,284,283,282,393
14508,KILLED,284,283,282,393
14509,NO_COVERAGE
14510,NO_COVERAGE
14511,SURVIVED
14512,SURVIVED
14513,SURVIVED
14514,SURVIVED
14515,NO_COVERAGE
14516,SURVIVED
14517,SURVIVED
14518,NO_COVERAGE
14519,KILLED,284,283,282,393
14520,SURVIVED
14521,KILLED,284,283,282,393
14522,NO_COVERAGE
14523,KILLED,284,283,282,393
14524,KILLED,284,283,282,393
14525,KILLED,284,283,393
14526,KILLED,284,283,393
14527,KILLED,284,283,393
14528,SURVIVED
14529,SURVIVED
14530,SURVIVED
14531,SURVIVED
14532,SURVIVED
14533,SURVIVED
14534,SURVIVED
14535,SURVIVED
14536,SURVIVED
14537,SURVIVED
14538,SURVIVED
14539,SURVIVED
14540,SURVIVED
14541,SURVIVED
14542,SURVIVED
14543,SURVIVED
14544,SURVIVED
14545,SURVIVED
14546,SURVIVED
14547,NO_COVERAGE
14548,NO_COVERAGE
14549,SURVIVED
14550,NO_COVERAGE
14551,KILLED,284,283,282,393
14552,NO_COVERAGE
14553,SURVIVED
14554,SURVIVED
14555,SURVIVED
14556,KILLED,284,283,282,393
14557,KILLED,284,283,282,393
14558,SURVIVED
14559,SURVIVED
14560,NO_COVERAGE
14561,NO_COVERAGE
14562,SURVIVED
14563,SURVIVED
14564,SURVIVED
14565,SURVIVED
14566,SURVIVED
14567,SURVIVED
14568,SURVIVED
14569,SURVIVED
14570,SURVIVED
14571,SURVIVED
14572,SURVIVED
14573,SURVIVED
14574,SURVIVED
14575,SURVIVED
14576,SURVIVED
14577,SURVIVED
14578,SURVIVED
14579,SURVIVED
14580,SURVIVED
14581,NO_COVERAGE
14582,KILLED,284,283,282,393
14583,KILLED,284,283,282
14584,NO_COVERAGE
14585,KILLED,284,283,282
14586,SURVIVED
14587,KILLED,284,283,282
14588,KILLED,284,283,282,393
14589,NO_COVERAGE
14590,KILLED,284,283,282
14591,SURVIVED
14592,KILLED,284,283,282,393
14593,SURVIVED
14594,KILLED,284,283,282
14595,NO_COVERAGE
14596,KILLED,284,283,282
14597,KILLED,80,79,81,82,170,172,171
14598,KILLED,80,79,81,82,170,172,171
14599,KILLED,81
14600,SURVIVED
14601,KILLED,80,79,81,82,170,172,171
14602,SURVIVED
14603,KILLED,81
14604,SURVIVED
14605,KILLED,80,79,81,82,170,172,171
14606,KILLED,80,79,81,82,170,172,171
14607,KILLED,81
14608,KILLED,81
14609,KILLED,81
14610,KILLED,81
14611,KILLED,81
14612,KILLED,81
14613,KILLED,81
14614,KILLED,81
14615,KILLED,81
14616,KILLED,81
14617,KILLED,81
14618,KILLED,81
14619,KILLED,81
14620,KILLED,81
14621,KILLED,82,170,172,171
14622,SURVIVED
14623,KILLED,82,170,172,171
14624,SURVIVED
14625,SURVIVED
14626,SURVIVED
14627,KILLED,83,80,79,81,82,170,172,171
14628,SURVIVED
14629,KILLED,83
14630,KILLED,83,170
14631,KILLED,83,120,170,390
14632,KILLED,83,80,79,81,82,170,172,171
14633,KILLED,83,170
14634,KILLED,83,80,79,81,82,170,172,171
14635,KILLED,83
14636,KILLED,83,170
14637,KILLED,83,80,79,81,82,170,172,171
14638,SURVIVED
14639,KILLED,83
14640,KILLED,83,80,79,81,82,120,170,172,171,390
14641,KILLED,83,170
14642,KILLED,80,81
14643,KILLED,81
14644,KILLED,81
14645,SURVIVED
14646,SURVIVED
14647,KILLED,81
14648,KILLED,81
14649,KILLED,81
14650,KILLED,81
14651,KILLED,80,81
14652,SURVIVED
14653,KILLED,81
14654,KILLED,81
14655,TIMED_OUT
14656,KILLED,79,81,82,170,172,171
14657,KILLED,80,79,81,82,170,172,171
14658,TIMED_OUT
14659,KILLED,80,79,81,82,170,172,171
14660,KILLED,79,81,82,170,172,171
14661,TIMED_OUT
14662,KILLED,81
14663,KILLED,80,79,81,82,170,172,171
14664,SURVIVED
14665,KILLED,81,82,170,172,171
14666,KILLED,79,81,82,170,172,171
14667,TIMED_OUT
14668,KILLED,79,81,82,170,172,171
14669,KILLED,80,79,81,82,170,172,171
14670,KILLED,79,81,82,170,172,171
14671,NO_COVERAGE
14672,KILLED,79,81,82,170,172,171
14673,KILLED,79,81,82,170,172,171
14674,KILLED,79,81,82,170,172,171
14675,KILLED,79,82,170,172,171
14676,KILLED,79,81,82,170,172,171
14677,KILLED,79,81,82,170,172,171
14678,KILLED,79,81,82,170,172,171
14679,KILLED,79,81,82,170,172,171
14680,KILLED,79,81,82,170,172,171
14681,KILLED,79,81,82,170,172,171
14682,KILLED,79,81,82,170,172,171
14683,KILLED,79,81,82,170,172,171
14684,KILLED,79,81,82,170,172,171
14685,KILLED,79,81,82,170,172,171
14686,KILLED,79,81,82,170,172,171
14687,SURVIVED
14688,KILLED,79,81,82,170,172,171
14689,KILLED,79,81,82,170,172,171
14690,KILLED,79,81,82,170,172,171
14691,KILLED,79,81,82,170,172,171
14692,KILLED,170,172,171
14693,TIMED_OUT
14694,KILLED,79,81
14695,KILLED,79,82,170,172,171
14696,SURVIVED
14697,KILLED,79
14698,KILLED,80
14699,SURVIVED
14700,KILLED,80
14701,KILLED,80
14702,KILLED,79,81,82,170,172,171
14703,KILLED,79,81,82,170,172,171
14704,NO_COVERAGE
14705,NO_COVERAGE
14706,KILLED,79,81,82,170,172,171
14707,KILLED,79,81,82,170,172,171
14708,SURVIVED
14709,KILLED,79
14710,SURVIVED
14711,KILLED,79
14712,KILLED,80,79,81,82,170,172,171
14713,SURVIVED
14714,KILLED,80
14715,KILLED,80
14716,KILLED,79,81,82,170,172,171
14717,KILLED,79,81
14718,KILLED,79,81
14719,KILLED,79,82,170,172,171
14720,KILLED,79,81
14721,SURVIVED
14722,KILLED,80,79,81,82,170,172,171
14723,KILLED,80,79,81,82,170,172,171
14724,KILLED,80,79,81,82,170,172,171
14725,KILLED,80,79,81,82,170,172,171
14726,KILLED,79
14727,KILLED,80,79,81,82,170,172,171
14728,KILLED,80
14729,KILLED,79,81,82,170,172,171
14730,KILLED,79,81,82,170,172,171
14731,TIMED_OUT
14732,KILLED,80
14733,KILLED,80
14734,KILLED,80
14735,SURVIVED
14736,KILLED,80
14737,KILLED,80
14738,KILLED,80
14739,KILLED,80
14740,KILLED,79,81
14741,KILLED,79,81
14742,KILLED,79,81
14743,KILLED,79,81,82,170,172,171
14744,KILLED,79,81,82,170,172,171
14745,KILLED,79,82,170,172,171
14746,KILLED,170,172,171
14747,NO_COVERAGE
14748,NO_COVERAGE
14749,NO_COVERAGE
14750,NO_COVERAGE
14751,KILLED,79,82,170,172,171
14752,KILLED,79
14753,KILLED,80,79,81,82,170,172,171
14754,KILLED,79,81
14755,KILLED,79,81,82,170,172,171
14756,KILLED,80,79,81,82,170,172,171
14757,KILLED,80,79,81,82,170,172,171
14758,KILLED,79
14759,KILLED,79,81,82,170,172,171
14760,SURVIVED
14761,KILLED,79
14762,KILLED,79
14763,KILLED,80
14764,KILLED,80
14765,KILLED,80,79,81,82,170,172,171
14766,SURVIVED
14767,KILLED,79,81,82,170,172,171
14768,SURVIVED
14769,SURVIVED
14770,KILLED,79
14771,SURVIVED
14772,KILLED,79
14773,KILLED,79
14774,KILLED,79
14775,KILLED,79
14776,KILLED,170,172,171
14777,KILLED,79,81
14778,SURVIVED
14779,KILLED,79,81
14780,KILLED,79,81
14781,SURVIVED
14782,SURVIVED
14783,KILLED,79,81,82,170,172,171
14784,KILLED,79,81
14785,KILLED,79,81
14786,TIMED_OUT
14787,SURVIVED
14788,TIMED_OUT
14789,TIMED_OUT
14790,SURVIVED
14791,SURVIVED
14792,KILLED,79,81
14793,KILLED,170,172,171
14794,KILLED,79,81,82,170,172,171
14795,KILLED,79,81
14796,KILLED,79,81
14797,KILLED,80,79,81,82,170,172,171
14798,KILLED,81,82,170,172,171
14799,KILLED,79,81,82,170,172,171
14800,KILLED,79,81
14801,TIMED_OUT
14802,KILLED,170,172,171
14803,TIMED_OUT
14804,KILLED,170,172,171
14805,KILLED,79,81
14806,TIMED_OUT
14807,KILLED,79,81
14808,KILLED,79,81,82,170,172,171
14809,SURVIVED
14810,KILLED,79,81,82,170,172,171
14811,KILLED,79,81
14812,SURVIVED
14813,KILLED,80,79,81,82,170,172,171
14814,KILLED,81,82,170,172,171
14815,KILLED,79,81,82,170,172,171
14816,SURVIVED
14817,TIMED_OUT
14818,TIMED_OUT
14819,SURVIVED
14820,SURVIVED
14821,KILLED,170,172,171
14822,KILLED,79,81,82,170,172,171
14823,KILLED,79,81
14824,SURVIVED
14825,KILLED,79,81,82,170,172,171
14826,KILLED,170,172,171
14827,KILLED,80,79,81,82,170,172,171
14828,KILLED,79,82,170,172,171
14829,KILLED,80,79,81,82,170,172,171
14830,KILLED,80,79,81,82,170,172,171
14831,KILLED,80,79,81,82,170,172,171
14832,KILLED,80,79,81,82,170,172,171
14833,KILLED,79,82,170,172,171
14834,KILLED,80,79,81,82,170,172,171
14835,KILLED,79,82,170,172,171
14836,KILLED,170,172,171
14837,TIMED_OUT
14838,NO_COVERAGE
14839,KILLED,79,81,82,170,172,171
14840,SURVIVED
14841,KILLED,79,81
14842,TIMED_OUT
14843,TIMED_OUT
14844,KILLED,79,81,82,170,172,171
14845,SURVIVED
14846,KILLED,82,170,172,171
14847,KILLED,82,170,172,171
14848,KILLED,79,81,82,170,172,171
14849,KILLED,79,81,82,170,172,171
14850,KILLED,79,81,82,170,172,171
14851,KILLED,79,81,82,170,172,171
14852,SURVIVED
14853,KILLED,79,81,82,170,172,171
14854,KILLED,79,81,82,170,172,171
14855,KILLED,79,81,82,170,172,171
14856,KILLED,79,81,82,170,172,171
14857,KILLED,79,81,82,170,172,171
14858,NO_COVERAGE
14859,KILLED,80,79,81,82,170,172,171
14860,KILLED,80,79,81,82,170,172,171
14861,SURVIVED
14862,KILLED,80,79,81,82,170,172,171
14863,KILLED,80,79,81,82,170,172,171
14864,KILLED,80,79,81,82,170,172,171
14865,KILLED,80,79,81,82,170,172,171
14866,KILLED,80,79,81,82,170,172,171
14867,SURVIVED
14868,SURVIVED
14869,KILLED,80,79,81,82,170,172,171
14870,KILLED,170,172,171
14871,KILLED,79
14872,NO_COVERAGE
14873,KILLED,79
14874,KILLED,79
14875,KILLED,79
14876,SURVIVED
14877,KILLED,79
14878,SURVIVED
14879,KILLED,84,79,81,82,170,172,171
14880,KILLED,84,79,81,82,170,172,171
14881,KILLED,84,79,81,82,170,172,171
14882,KILLED,84,79,81,82,170,172,171
14883,KILLED,84,79,81,82,170,172,171
14884,KILLED,84,79,81,82,170,172,171
14885,KILLED,84,79,81,82,170,172,171
14886,KILLED,84,79,81,82,170,172,171
14887,KILLED,84,79,81,82,170,172,171
14888,KILLED,84,79,81,82,170,172,171
14889,KILLED,84,79,81,82,170,172,171
14890,KILLED,84,79,81,82,170,172,171
14891,SURVIVED
14892,NO_COVERAGE
14893,SURVIVED
14894,SURVIVED
14895,KILLED,80,79,81,82,170,172,171
14896,KILLED,79,81,82,170,172,171
14897,KILLED,79,81,82,170,172,171
14898,SURVIVED
14899,KILLED,79,81,82,170,172,171
14900,SURVIVED
14901,KILLED,80,79,81,82,170,172,171
14902,KILLED,79,82
14903,KILLED,79
14904,SURVIVED
14905,KILLED,104,106,334
14906,KILLED,104,106,334
14907,KILLED,104,106,334
14908,KILLED,104,106,334
14909,KILLED,106
14910,KILLED,104,106,334
14911,KILLED,106
14912,KILLED,105,334
14913,KILLED,105
14914,KILLED,105
14915,KILLED,105
14916,KILLED,105,334,332
14917,KILLED,105
14918,KILLED,105,334,332
14919,KILLED,105
14920,KILLED,105
14921,KILLED,105
14922,SURVIVED
14923,KILLED,105,334,332
14924,KILLED,105
14925,KILLED,105,334,332
14926,KILLED,90,358,242,238,241,239,243,240
14927,KILLED,90,218,299,300,216
14928,KILLED,90,299,300,358,242,238,241,239,243,240
14929,KILLED,90,218,216,358,242,238,241,239,243,240
14930,KILLED,90,358,242,238,241,239,243,240
14931,KILLED,90,358,242,238,241,239,243,240
14932,KILLED,90,358,242,238,241,239,243,240
14933,KILLED,90,358,242,238,241,239,243,240
14934,KILLED,299,300
14935,KILLED,90,218,216
14936,KILLED,90,218,299,300,216,358,242,238,241,239,243,240
14937,KILLED,299,300
14938,NO_COVERAGE
14939,NO_COVERAGE
14940,KILLED,299,300,293,147,152,348,262,259,13,346,260,213,357,149,286,358,285,242,153,219,287,238,403,401,361,409,220,214,405,212,146,241,336,353,239,179,51,217,52,221,215,243,7,3,359,10,14,1,365,11,367,12,8,2,382,384,5,388,400,386,377,381,364,351,368,240,402
14941,KILLED,293,147,152,348,262,259,13,346,260,213,357,149,286,358,285,242,153,219,287,238,403,401,361,409,220,214,405,212,146,241,336,353,239,179,51,217,52,221,215,243,7,3,359,10,14,1,365,11,367,12,8,2,382,384,5,388,400,386,377,381,364,351,368,240,402
14942,NO_COVERAGE
14943,KILLED,293,147,152,348,262,259,13,346,260,213,357,149,286,358,285,242,153,219,287,238,403,401,361,409,220,214,405,212,146,241,336,353,239,179,51,217,52,221,215,243,7,3,359,10,14,1,365,11,367,12,8,2,382,384,5,388,400,386,377,381,364,351,368,240,402
14944,KILLED,293,147,152,348,262,259,13,346,260,213,357,149,286,358,285,242,153,219,287,238,403,401,361,409,220,214,405,212,146,241,336,353,239,179,51,217,52,221,215,243,7,3,359,10,14,1,365,11,367,12,8,2,382,384,5,388,400,386,377,381,364,351,368,240,402
14945,NO_COVERAGE
14946,NO_COVERAGE
14947,KILLED,299,300
14948,SURVIVED
14949,NO_COVERAGE
14950,KILLED,293,147,152,348,262,259,13,346,260,213,357,149,286,358,285,242,153,219,287,238,403,401,361,409,220,214,405,212,146,241,336,353,239,179,51,217,52,221,215,243,7,3,359,10,14,1,365,11,367,12,8,2,382,384,5,388,400,386,377,381,364,351,368,240,402
14951,KILLED,293,147,152,348,262,259,13,346,260,213,357,149,286,358,285,242,153,219,287,238,403,401,361,409,220,214,405,212,146,241,336,353,239,179,51,217,52,221,215,243,7,3,359,10,14,1,365,11,367,12,8,2,382,384,5,388,400,386,377,381,364,351,368,240,402
14952,NO_COVERAGE
14953,KILLED,102,124,123,125,126,95,93,122,92,145,154,13,213,15,219,150,212,356,359,384
14954,KILLED,102,124,123,125,126,95,93,122,92,145,154,13,213,15,219,150,212,356,359,384
14955,KILLED,102,124,123,125,126,95,93,122,92,145,154,13,213,15,219,150,212,356,359,384
14956,KILLED,102,124,123,125,126,95,93,122,92,145,150
14957,SURVIVED
14958,KILLED,102,124,123,125,126,95,93,122,92,145,150
14959,NO_COVERAGE
14960,KILLED,125,122
14961,KILLED,284,6,4,218,299,16,300,9,360,216,293,147,145,154,152,13,213,15,357,149,358,285,148,242,17,153,219,332,287,178,238,151,403,401,361,409,220,150,214,405,212,155,146,241,356,336,353,239,179,51,217,52,221,215,243,7,3,359,10,14,1,365,11,367,12,8,2,382,384,5,388,400,386,377,381,364,351,368,240,402
14962,KILLED,284,178,220,214,217,215
14963,KILLED,284,178,220,214,217,215
14964,KILLED,284,178,220,214,217,215
14965,KILLED,178
14966,KILLED,284,178,220,214,217,215
14967,KILLED,284,178,220,214,217,215
14968,KILLED,284,178,220,214,217,215
14969,KILLED,284,178,220,214,217,215
14970,KILLED,284,178,220,214,217,215
14971,KILLED,284,178,220,214,217,215
14972,KILLED,284,178
14973,KILLED,284,178,220,214,217,215
14974,KILLED,284,178,220,214,217,215
14975,KILLED,284,178
14976,KILLED,284,220,214,217,215
14977,KILLED,284,220,214,217,215
14978,KILLED,284,178
14979,KILLED,284,178,220,214,217,215
14980,SURVIVED
14981,KILLED,284,178,220,214,217,215
14982,KILLED,284
14983,KILLED,284,178,220,214,217,215
14984,KILLED,284,178,220,214,217,215
14985,KILLED,284,178,220,214,217,215
14986,KILLED,284,178,220,214,217,215
14987,KILLED,284,178,220,214,217,215
14988,KILLED,284,178,220,214,217,215
14989,KILLED,284,178,220,214,217,215
14990,KILLED,284,178,220,214,217,215
14991,KILLED,284,178,220,214,217,215
14992,KILLED,284,178,220,214,217,215
14993,KILLED,284,178,220,214,217,215
14994,KILLED,284,178,220,214,217,215
14995,KILLED,284,178,220,214,217,215
14996,KILLED,284,178,220,214,217,215
14997,KILLED,284,6,4,218,299,16,300,9,360,216,293,147,145,154,152,13,213,15,357,149,358,285,148,242,17,153,219,332,287,178,238,151,403,401,361,409,220,150,214,405,212,155,146,241,356,336,353,239,179,51,217,52,221,215,243,7,3,359,10,14,1,365,11,367,12,8,2,382,384,5,388,400,386,377,381,364,351,368,240,402
14998,KILLED,284,6,4,218,299,16,300,9,360,216,293,147,145,154,152,13,213,15,357,149,358,285,148,242,17,153,219,332,287,178,238,151,403,401,361,409,220,150,214,405,212,155,146,241,356,336,353,239,179,51,217,52,221,215,243,7,3,359,10,14,1,365,11,367,12,8,2,382,384,5,388,400,386,377,381,364,351,368,240,402
14999,KILLED,284,178,220,214,217,215
15000,KILLED,284
15001,KILLED,284,178
15002,KILLED,178
15003,KILLED,284,178
15004,KILLED,284,178
15005,KILLED,284,178
15006,KILLED,284,178
15007,KILLED,284
15008,NO_COVERAGE
15009,NO_COVERAGE
15010,NO_COVERAGE
15011,NO_COVERAGE
15012,NO_COVERAGE
15013,KILLED,9,360,154,13,1,11
15014,KILLED,218,299,300,9,360,216,145,154,152,13,213,357,149,358,285,148,242,153,219,332,287,178,238,151,361,150,212,155,241,356,239,243,359,1,11,382,384,386,240
15015,KILLED,9,360,154,13,1,11
15016,KILLED,9,360,154,13,1,11
15017,KILLED,9,360,154,13,1,11
15018,KILLED,9,360,154,13,1,11
15019,KILLED,9,360,154,13,1,11
15020,KILLED,9,360,154,13,1,11
15021,KILLED,9,360,154,13,1,11
15022,KILLED,218,299,300,9,360,216,145,154,152,13,213,357,149,358,285,148,242,153,219,332,287,178,238,151,361,150,212,155,241,356,239,243,359,1,11,382,384,386,240
15023,SURVIVED
15024,KILLED,9,360,154,13,1,11
15025,NO_COVERAGE
15026,KILLED,218,299,300,9,360,216,145,154,152,13,213,357,149,358,285,148,242,153,219,332,287,178,238,151,361,150,212,155,241,356,239,243,359,1,11,382,384,386,240
15027,KILLED,9,360,154,13,1,11
15028,KILLED,104
15029,SURVIVED
15030,KILLED,104
15031,KILLED,104
15032,KILLED,104
15033,KILLED,104
15034,SURVIVED
15035,KILLED,104
15036,KILLED,104,331,334
15037,KILLED,104,334
15038,KILLED,104,334
15039,KILLED,104
15040,KILLED,104
15041,KILLED,104
15042,SURVIVED
15043,KILLED,104,334
15044,KILLED,104,331,334
15045,KILLED,104
15046,KILLED,104,334
15047,KILLED,104,334
15048,KILLED,104,331,334
15049,KILLED,104,334
15050,SURVIVED
15051,KILLED,104,331,334
15052,KILLED,103,334,332
15053,KILLED,103,334,357,149,148,153,332,178,151,361,155
15054,KILLED,103,334,357,149,148,153,332,178,151,361,155
15055,KILLED,103,334,332
15056,KILLED,103,334,332
15057,KILLED,103,334,357,149,148,153,332,178,151,361,155
15058,KILLED,103,334,357,149,148,153,332,178,151,361,155
15059,KILLED,103,334,357,149,148,153,332,178,151,361,155
15060,KILLED,103,334,357,149,148,153,332,178,151,361,155
15061,KILLED,103,334,332
15062,KILLED,103,334,332
15063,KILLED,103,334,357,149,148,153,332,178,151,361,155
15064,KILLED,103,334,357,149,148,153,332,178,151,361,155
15065,TIMED_OUT
15066,SURVIVED
15067,KILLED,218,299,300,9,360,216,145,154,152,13,213,149,285,148,242,153,332,287,238,151,150,212,241,239,243,359,1,11,382,384,386,240
15068,KILLED,9,360,154,13,1,11
15069,KILLED,299,9,360,216,213,357,358,285,242,219,287,361,212,356,239,243,359,1,382,384,386
15070,SURVIVED
15071,NO_COVERAGE
15072,KILLED,9,360,154,13,1,11
15073,KILLED,9,360,154,13,1,11
15074,KILLED,9,360,154,13,1,11
15075,SURVIVED
15076,NO_COVERAGE
15077,NO_COVERAGE
15078,KILLED,9,360,154,13,1,11
15079,KILLED,9,360,154,13,1,11
15080,SURVIVED
15081,NO_COVERAGE
15082,KILLED,218,299,300,9,216,145,152,13,213,149,285,148,242,153,332,287,238,151,150,212,241,239,243,359,1,11,382,384,386,240
15083,SURVIVED
15084,KILLED,299,9,360,216,213,357,358,285,242,219,287,361,212,356,239,243,359,1,382,384,386
15085,NO_COVERAGE
15086,SURVIVED
15087,SURVIVED
15088,KILLED,9,360,154,13,1,11
15089,NO_COVERAGE
15090,KILLED,99,334
15091,KILLED,99
15092,KILLED,99
15093,KILLED,99,334,357,149,148,153,332,178,151,361,155
15094,KILLED,99,334,357,149,148,153,332,178,151,361,155
15095,KILLED,99
15096,KILLED,99,334,148,153,332,178,151,361,155
15097,KILLED,99
15098,KILLED,90,293,147,152,348,262,259,13,346,260,213,357,149,286,358,285,242,153,219,287,238,403,401,361,409,220,214,405,212,146,241,336,353,239,179,51,217,52,221,215,243,7,3,359,10,14,1,365,11,367,12,8,2,382,384,5,388,400,386,377,381,364,351,368,240,402
15099,KILLED,299,300
15100,KILLED,90,299,300,293,147,152,348,262,259,13,346,260,213,357,149,286,358,285,242,153,219,287,238,403,401,361,409,220,214,405,212,146,241,336,353,239,179,51,217,52,221,215,243,7,3,359,10,14,1,365,11,367,12,8,2,382,384,5,388,400,386,377,381,364,351,368,240,402
15101,KILLED,90,218,299,300,216,293,147,152,348,262,259,13,346,260,213,357,149,286,358,285,242,153,219,287,238,403,401,361,409,220,214,405,212,146,241,336,353,239,179,51,217,52,221,215,243,7,3,359,10,14,1,365,11,367,12,8,2,382,384,5,388,400,386,377,381,364,351,368,240,402
15102,KILLED,299,300
15103,KILLED,90,293,147,152,348,262,259,13,346,260,213,357,149,286,358,285,242,153,219,287,238,403,401,361,409,220,214,405,212,146,241,336,353,239,179,51,217,52,221,215,243,7,3,359,10,14,1,365,11,367,12,8,2,382,384,5,388,400,386,377,381,364,351,368,240,402
15104,KILLED,299,300
15105,KILLED,90,299,300,293,147,152,348,262,259,13,346,260,213,357,149,286,358,285,242,153,219,287,238,403,401,361,409,220,214,405,212,146,241,336,353,239,179,51,217,52,221,215,243,7,3,359,10,14,1,365,11,367,12,8,2,382,384,5,388,400,386,377,381,364,351,368,240,402
15106,KILLED,90,293,147,348,262,259,346,260,213,286,285,219,287,403,401,409,220,214,405,212,336,353,179,51,217,52,221,215,7,3,359,10,14,1,365,11,367,12,8,2,382,384,5,388,400,386,377,381,364,351,368,402
15107,KILLED,90,293,147,152,348,262,259,13,346,260,213,357,149,286,358,285,242,153,219,287,238,403,401,361,409,220,214,405,212,146,241,336,353,239,179,51,217,52,221,215,243,7,3,359,10,14,1,365,11,367,12,8,2,382,384,5,388,400,386,377,381,364,351,368,240,402
15108,KILLED,90,218,216
15109,KILLED,90,218,216,13,357,149,153,361,146,359
15110,KILLED,90,218,216,152,358
15111,KILLED,90,218,216,242,238,241,239,243,240
15112,KILLED,90,218,216,293,147,348,262,259,346,260,213,286,285,219,287,403,401,409,220,214,405,212,336,353,179,51,217,52,221,215,7,3,359,10,14,1,365,11,367,12,8,2,382,384,5,388,400,386,377,381,364,351,368,402
15113,KILLED,90,218,216
15114,KILLED,152,358
15115,KILLED,152,358
15116,KILLED,242,238,241,239,243,240
15117,KILLED,242,238,241,239,243,240
15118,KILLED,90,293,147,348,262,259,346,260,213,286,285,219,287,403,401,409,220,214,405,212,336,353,179,51,217,52,221,215,7,3,359,10,14,1,365,11,367,12,8,2,382,384,5,388,400,386,377,381,364,351,368,402
15119,KILLED,90,218,216
15120,KILLED,90,218,216
15121,KILLED,90,218,216
15122,KILLED,90,293,147,348,262,259,346,260,213,286,285,219,287,403,401,409,220,214,405,212,336,353,179,51,217,52,221,215,7,3,359,10,14,1,365,11,367,12,8,2,382,384,5,388,400,386,377,381,364,351,368,402
15123,KILLED,90,13,357,149,153,361,146,359
15124,KILLED,152,358
15125,KILLED,242,238,241,239,243,240
15126,KILLED,90,218,216
15127,KILLED,90,218,216,293,147,152,348,262,259,13,346,260,213,357,149,286,358,285,242,153,219,287,238,403,401,361,409,220,214,405,212,146,241,336,353,239,179,51,217,52,221,215,243,7,3,359,10,14,1,365,11,367,12,8,2,382,384,5,388,400,386,377,381,364,351,368,240,402
15128,KILLED,101,220,214,217,215
15129,KILLED,102
15130,KILLED,101,220,214,217,215
15131,KILLED,101,220,214,217,215
15132,SURVIVED
15133,KILLED,101,220,214,217,215
15134,KILLED,101,220,214,217,215
15135,SURVIVED
15136,KILLED,101,220,214,217,215
15137,SURVIVED
15138,SURVIVED
15139,KILLED,101,220,214,217,215
15140,KILLED,101,220,214,217,215
15141,KILLED,101,220,214,217,215
15142,KILLED,101,220,214,217,215
15143,KILLED,101,220,214,217,215
15144,KILLED,101,220,214,217,215
15145,KILLED,101,220,214,217,215
15146,KILLED,101,220,214,217,215
15147,SURVIVED
15148,KILLED,101,220,214,217,215
15149,KILLED,101,220,214,217,215
15150,KILLED,101,220,214,217,215
15151,KILLED,101,220,214,217,215
15152,KILLED,101,220,214,217,215
15153,KILLED,101,220,214,217,215
15154,KILLED,101,220,214,217,215
15155,KILLED,101,220,214,217,215
15156,KILLED,101,220,214,217,215
15157,KILLED,101,220,214,217,215
15158,KILLED,101,220,214,217,215
15159,KILLED,101,220,214,217,215
15160,KILLED,101,220,214,217,215
15161,KILLED,101,220,214,217,215
15162,KILLED,101,220,214,217,215
15163,KILLED,101,220,214,217,215
15164,KILLED,101,220,214,217,215
15165,KILLED,102,101,348,262,259,346,260,286,258,220,214,146,336,353,179,217,221,215,7,3,10,14,1,365,11,367,12,8,2,382,384,5,388,400,386,377,381,364,351,368,402
15166,KILLED,101,220,214,217,215
15167,KILLED,102
15168,KILLED,101,220,214,217,215
15169,KILLED,101,220,214,217,215
15170,KILLED,101,220,214,217,215
15171,KILLED,101,220,214,217,215
15172,KILLED,101,220,214,217,215
15173,KILLED,101,348,262,259,346,260,286,258,220,214,146,336,353,179,217,221,215,7,3,10,14,1,365,11,367,12,8,2,382,384,5,388,400,386,377,381,364,351,368,402
15174,SURVIVED
15175,KILLED,101,220,214,217,215
15176,KILLED,102
15177,KILLED,101,348,262,259,346,260,286,258,220,214,146,336,353,179,217,221,215,7,3,10,14,1,365,11,367,12,8,2,382,384,5,388,400,386,377,381,364,351,368,402
15178,SURVIVED
15179,KILLED,101
15180,KILLED,101
15181,KILLED,101
15182,KILLED,101
15183,KILLED,100
15184,KILLED,100,177
15185,SURVIVED
15186,KILLED,100
15187,KILLED,100
15188,KILLED,100
15189,SURVIVED
15190,KILLED,100
15191,SURVIVED
15192,KILLED,100,334,177,357,149,148,153,332,178,151,361,155
15193,KILLED,100,334,177,357,149,148,153,332,178,151,361,155
15194,SURVIVED
15195,KILLED,100
15196,KILLED,100
15197,KILLED,100
15198,SURVIVED
15199,KILLED,100,334,177,357,149,148,153,332,178,151,361,155
15200,KILLED,100
15201,SURVIVED
15202,KILLED,100
15203,KILLED,100,334,177,357,149,148,153,332,178,151,361,155
15204,SURVIVED
15205,KILLED,100,334,148,153,332,178,151,155
15206,KILLED,100
15207,SURVIVED
15208,SURVIVED
15209,KILLED,79,81,170,172,171,82
15210,SURVIVED
15211,SURVIVED
15212,KILLED,82
15213,KILLED,79,81,170,172,171,82
15214,SURVIVED
15215,SURVIVED
15216,KILLED,79,81,170,172,171,82
15217,KILLED,79,81,170,172,171,82
15218,KILLED,79,81,170,172,171,82
15219,SURVIVED
15220,SURVIVED
15221,SURVIVED
15222,KILLED,79,81,170,172,171,82
15223,KILLED,79,81,170,172,171,82
15224,KILLED,79,81,170,172,171,82
15225,SURVIVED
15226,SURVIVED
15227,KILLED,170,172,171
15228,SURVIVED
15229,SURVIVED
15230,SURVIVED
15231,NO_COVERAGE
15232,KILLED,170,172,171
15233,KILLED,79,81,170,172,171,82
15234,SURVIVED
15235,KILLED,170,172,171
15236,KILLED,170,172,171
15237,KILLED,170,172,171
15238,SURVIVED
15239,SURVIVED
15240,KILLED,79,170,172,171,82
15241,KILLED,170,172,171
15242,KILLED,170,172,171
15243,KILLED,170,172,171,82
15244,KILLED,170,172,171,82
15245,KILLED,79,81,170,172,171,82
15246,KILLED,79,81
15247,KILLED,79,81,170,172,171,82
15248,KILLED,79,81,170,172,171,82
15249,KILLED,79,81,170,172,171,82
15250,KILLED,170,172,171,82
15251,KILLED,170,172,171,82
15252,KILLED,79,170,172,171,82
15253,KILLED,79,81,170,172,171,82
15254,KILLED,79,81,170,172,171,82
15255,KILLED,170,172,171
15256,KILLED,79,170,172,171,82
15257,KILLED,79,81,170,172,171,82
15258,KILLED,170,172,171,82
15259,KILLED,79,170,172,171,82
15260,SURVIVED
15261,KILLED,79,81,170,172,171,82
15262,KILLED,79,81,170,172,171,82
15263,KILLED,79,81,170,172,171,82
15264,SURVIVED
15265,KILLED,170,172,171
15266,SURVIVED
15267,KILLED,170,172,171,82
15268,SURVIVED
15269,KILLED,79,81,170,172,171,82
15270,KILLED,170,172,171
15271,KILLED,79,170,172,171,82
15272,SURVIVED
15273,KILLED,79,170,172,171,82
15274,KILLED,79,170,172,171,82
15275,KILLED,170,172,171,82
15276,KILLED,79,81,170,172,171,82
15277,KILLED,170,172,171,82
15278,KILLED,170,172,171
15279,KILLED,170,172,171,82
15280,KILLED,79,81,170,172,171,82
15281,KILLED,170,172,171,82
15282,KILLED,170,172,171
15283,KILLED,79,81,170,172,171,82
15284,KILLED,79,81,170,172,171,82
15285,SURVIVED
15286,NO_COVERAGE
15287,SURVIVED
15288,SURVIVED
15289,KILLED,79,170,172,171,82
15290,KILLED,79,81,170,172,171,82
15291,KILLED,79,170,172,171,82
15292,KILLED,79,81,170,172,171,82
15293,KILLED,79,170,172,171,82
15294,KILLED,79,81,170,172,171,82
15295,SURVIVED
15296,KILLED,79,81,170,172,171,82
15297,SURVIVED
15298,KILLED,79,170,172,171,82
15299,KILLED,79,170,172,171,82
15300,KILLED,170,172,171
15301,KILLED,79,81,170,172,171,82
15302,KILLED,81,82
15303,KILLED,79,81,170,172,171,82
15304,KILLED,79,170,172,171,82
15305,TIMED_OUT
15306,SURVIVED
15307,SURVIVED
15308,KILLED,79,81,170,172,171,82
15309,TIMED_OUT
15310,KILLED,170,172,171,82
15311,KILLED,170,172,171,82
15312,KILLED,170,172,171,82
15313,KILLED,170,172,171,82
15314,KILLED,79,81,170,172,171,82
15315,KILLED,79,81,170,172,171,82
15316,KILLED,170,172,171,82
15317,NO_COVERAGE
15318,NO_COVERAGE
15319,NO_COVERAGE
15320,NO_COVERAGE
15321,NO_COVERAGE
15322,KILLED,79,81,170,172,171,82
15323,TIMED_OUT
15324,TIMED_OUT
15325,KILLED,170,172,171,82
15326,KILLED,170,172,171,82
15327,KILLED,170,172,171,82
15328,KILLED,170,172,171,82
15329,TIMED_OUT
15330,KILLED,79,81,170,172,171,82
15331,KILLED,170,172,171,82
15332,KILLED,79,81,170,172,171,82
15333,NO_COVERAGE
15334,NO_COVERAGE
15335,NO_COVERAGE
15336,NO_COVERAGE
15337,NO_COVERAGE
15338,NO_COVERAGE
15339,NO_COVERAGE
15340,NO_COVERAGE
15341,KILLED,79,81,170,172,171,82
15342,KILLED,79,170,172,171,82
15343,KILLED,81,170,172,171,82
15344,TIMED_OUT
15345,KILLED,79,170,172,171,82
15346,KILLED,170,172,171,82
15347,KILLED,79,170,172,171,82
15348,NO_COVERAGE
15349,TIMED_OUT
15350,KILLED,79,81,170,172,171,82
15351,KILLED,79,81,170,172,171,82
15352,KILLED,79,81,170,172,171,82
15353,KILLED,170,172,171,82
15354,KILLED,170,172,171,82
15355,KILLED,79,81,170,172,171,82
15356,KILLED,79,170,172,171,82
15357,KILLED,79,81,170,172,171,82
15358,NO_COVERAGE
15359,NO_COVERAGE
15360,NO_COVERAGE
15361,NO_COVERAGE
15362,NO_COVERAGE
15363,TIMED_OUT
15364,SURVIVED
15365,SURVIVED
15366,SURVIVED
15367,NO_COVERAGE
15368,KILLED,81,170,172,171,82
15369,KILLED,79,170,172,171,82
15370,KILLED,170,172,171,82
15371,KILLED,79,170,172,171,82
15372,NO_COVERAGE
15373,TIMED_OUT
15374,KILLED,79,81,170,172,171,82
15375,TIMED_OUT
15376,KILLED,79,170,172,171,82
15377,KILLED,79,81,170,172,171,82
15378,KILLED,170,172,171,82
15379,KILLED,79,81,170,172,171,82
15380,SURVIVED
15381,KILLED,79,81,170,172,171,82
15382,NO_COVERAGE
15383,NO_COVERAGE
15384,NO_COVERAGE
15385,NO_COVERAGE
15386,NO_COVERAGE
15387,NO_COVERAGE
15388,NO_COVERAGE
15389,NO_COVERAGE
15390,NO_COVERAGE
15391,NO_COVERAGE
15392,NO_COVERAGE
15393,NO_COVERAGE
15394,NO_COVERAGE
15395,NO_COVERAGE
15396,KILLED,81,170,172,171,82
15397,SURVIVED
15398,SURVIVED
15399,TIMED_OUT
15400,SURVIVED
15401,KILLED,79,81,170,172,171,82
15402,KILLED,79,81,170,172,171,82
15403,TIMED_OUT
15404,KILLED,79,81,170,172,171,82
15405,KILLED,81
15406,TIMED_OUT
15407,TIMED_OUT
15408,TIMED_OUT
15409,KILLED,79,81,170,172,171,82
15410,TIMED_OUT
15411,KILLED,82
15412,SURVIVED
15413,KILLED,79,81,170,172,171,82
15414,TIMED_OUT
15415,KILLED,79,81,170,172,171,82
15416,TIMED_OUT
15417,KILLED,79,81,170,172,171,82
15418,KILLED,82
15419,TIMED_OUT
15420,KILLED,170,172,171,82
15421,KILLED,82
15422,NO_COVERAGE
15423,NO_COVERAGE
15424,NO_COVERAGE
15425,NO_COVERAGE
15426,NO_COVERAGE
15427,KILLED,79,81,170,172,171,82
15428,KILLED,79,81,170,172,171,82
15429,KILLED,170,172,171,82
15430,KILLED,82
15431,KILLED,82
15432,NO_COVERAGE
15433,NO_COVERAGE
15434,NO_COVERAGE
15435,NO_COVERAGE
15436,NO_COVERAGE
15437,NO_COVERAGE
15438,NO_COVERAGE
15439,NO_COVERAGE
15440,NO_COVERAGE
15441,NO_COVERAGE
15442,KILLED,79,81,170,172,171,82
15443,KILLED,79,81,170,172,171,82
15444,KILLED,170,172,171,82
15445,KILLED,82
15446,KILLED,82
15447,NO_COVERAGE
15448,NO_COVERAGE
15449,NO_COVERAGE
15450,NO_COVERAGE
15451,NO_COVERAGE
15452,NO_COVERAGE
15453,NO_COVERAGE
15454,KILLED,79,81,170,172,171,82
15455,KILLED,170,172,171,82
15456,KILLED,82
15457,SURVIVED
15458,SURVIVED
15459,KILLED,79,81,170,172,171,82
15460,NO_COVERAGE
15461,KILLED,79,81,170,172,171,82
15462,KILLED,170,172,171
15463,KILLED,79,81,170,172,171,82
15464,KILLED,79,81,170,172,171,82
15465,KILLED,79,81,170,172,171,82
15466,KILLED,79,81,170,172,171,82
15467,SURVIVED
15468,KILLED,79,81,170,172,171,82
15469,KILLED,79,81,170,172,171,82
15470,KILLED,170,172,171
15471,TIMED_OUT
15472,KILLED,79,170,172,171,82
15473,KILLED,79,170,172,171,82
15474,SURVIVED
15475,TIMED_OUT
15476,KILLED,170,172,171,82
15477,KILLED,79,81,170,172,171,82
15478,KILLED,82
15479,KILLED,79,170,172,171,82
15480,TIMED_OUT
15481,KILLED,170,172,171,82
15482,KILLED,79,81,170,172,171,82
15483,KILLED,79,81,170,172,171,82
15484,KILLED,79,81,170,172,171,82
15485,KILLED,79,81,170,172,171,82
15486,KILLED,79,81,170,172,171,82
15487,KILLED,170,172,171,82
15488,KILLED,79,170,172,171,82
15489,TIMED_OUT
15490,KILLED,82
15491,KILLED,82
15492,SURVIVED
15493,TIMED_OUT
15494,KILLED,82
15495,KILLED,82
15496,TIMED_OUT
15497,KILLED,82
15498,SURVIVED
15499,KILLED,272,266,271,265,263,97,82
15500,KILLED,272,273,266,271,265,263,97,390,82
15501,KILLED,272,273,266,271,265,263,97,390,82
15502,KILLED,272,273,266,271,265,263,97,390,82
15503,KILLED,272,266,271,97,82
15504,SURVIVED
15505,SURVIVED
15506,KILLED,272,266,271,263,97,82
15507,KILLED,272,273,271,263,97,82
15508,KILLED,272,271
15509,SURVIVED
15510,KILLED,272,266,271,82
15511,SURVIVED
15512,KILLED,272,266,271,265,263,97,82
15513,SURVIVED
15514,KILLED,272,266,271,82
15515,KILLED,272,273,266,271,263,97,82
15516,SURVIVED
15517,KILLED,272,273,266,271,265,263,97,390,82
15518,KILLED,272,273,266,271,265,263,97,390,82
15519,SURVIVED
15520,KILLED,272,271
15521,KILLED,272,273,266,271,265,263,97,390,82
15522,KILLED,273,265,263,390
15523,KILLED,272,266,271,97,82
15524,KILLED,272
15525,KILLED,272,266,271,82
15526,SURVIVED
15527,SURVIVED
15528,SURVIVED
15529,KILLED,272,266,271,82
15530,SURVIVED
15531,SURVIVED
15532,SURVIVED
15533,SURVIVED
15534,KILLED,265
15535,NO_COVERAGE
15536,NO_COVERAGE
15537,KILLED,272,273,266,271,265,263,97,390,82
15538,NO_COVERAGE
15539,NO_COVERAGE
15540,NO_COVERAGE
15541,KILLED,265
15542,KILLED,265
15543,NO_COVERAGE
15544,KILLED,272
15545,KILLED,272
15546,KILLED,272,273,266,271,265,263,97,390,82
15547,KILLED,272,273,266,271,265,263,97,390,82
15548,KILLED,272,273,266,271,265,263,97,390,82
15549,SURVIVED
15550,KILLED,265
15551,KILLED,265,263
15552,NO_COVERAGE
15553,SURVIVED
15554,NO_COVERAGE
15555,SURVIVED
15556,SURVIVED
15557,SURVIVED
15558,KILLED,272
15559,KILLED,272,273,266,271,265,263,97,390,82
15560,KILLED,265
15561,KILLED,272,273,266,271,265,263,97,390,82
15562,NO_COVERAGE
15563,NO_COVERAGE
15564,KILLED,266,97
15565,KILLED,272,266,271,97,82
15566,KILLED,272,266,271,263,97,82
15567,KILLED,272
15568,KILLED,272
15569,KILLED,272,273,266,271,265,263,97,390,82
15570,KILLED,272,273,266,271,265,263,97,390,82
15571,NO_COVERAGE
15572,KILLED,272,273,266,271,265,263,97,390,82
15573,KILLED,272,273,266,271,265,263,97,390,82
15574,KILLED,272,273,266,271,265,263,97,390,82
15575,NO_COVERAGE
15576,KILLED,272,266,271,265,263,97,82
15577,KILLED,272,266,271,265,263,97,82
15578,KILLED,272,266,271,263,97,82
15579,KILLED,272,273,266,271,265,263,97,390,82
15580,KILLED,272,273,266,271,265,263,97,390,82
15581,KILLED,272,273,266,271,265,263,97,390,82
15582,NO_COVERAGE
15583,NO_COVERAGE
15584,NO_COVERAGE
15585,NO_COVERAGE
15586,KILLED,272,266,271,265,263,97,82
15587,KILLED,272,266,271,265,97,82
15588,KILLED,266,265,97
15589,KILLED,266,265,97
15590,NO_COVERAGE
15591,NO_COVERAGE
15592,NO_COVERAGE
15593,KILLED,272,271,265,263,82
15594,KILLED,265,263
15595,NO_COVERAGE
15596,KILLED,272
15597,KILLED,272
15598,KILLED,272,273,266,271,265,263,97,390,82
15599,SURVIVED
15600,NO_COVERAGE
15601,SURVIVED
15602,SURVIVED
15603,SURVIVED
15604,KILLED,272,271,265,263,82
15605,KILLED,265,263
15606,SURVIVED
15607,KILLED,272
15608,SURVIVED
15609,SURVIVED
15610,KILLED,272,273,266,271,265,263,97,390,82
15611,NO_COVERAGE
15612,KILLED,272,273,266,271,265,263,97,390,82
15613,KILLED,272,273,266,271,265,263,97,390,82
15614,KILLED,272,273,266,271,265,263,97,390,82
15615,KILLED,266,97
15616,KILLED,272,266,271,97,82
15617,KILLED,272,266,271,263,97,82
15618,NO_COVERAGE
15619,NO_COVERAGE
15620,KILLED,272
15621,KILLED,272
15622,KILLED,265
15623,KILLED,265
15624,NO_COVERAGE
15625,KILLED,265
15626,KILLED,265
15627,KILLED,265
15628,KILLED,272
15629,KILLED,272
15630,NO_COVERAGE
15631,KILLED,265
15632,SURVIVED
15633,KILLED,265
15634,SURVIVED
15635,SURVIVED
15636,SURVIVED
15637,KILLED,390
15638,KILLED,390
15639,KILLED,170,390
15640,KILLED,390
15641,KILLED,390
15642,KILLED,120
15643,KILLED,390
15644,KILLED,390
15645,KILLED,390
15646,KILLED,120,390
15647,SURVIVED
15648,KILLED,120
15649,KILLED,390
15650,KILLED,390
15651,SURVIVED
15652,KILLED,390
15653,SURVIVED
15654,KILLED,170,390
15655,KILLED,120
15656,KILLED,390
15657,KILLED,272,271
15658,KILLED,272,271
15659,KILLED,272,271
15660,KILLED,272,271
15661,KILLED,272,271
15662,KILLED,272,271
15663,KILLED,272,271
15664,KILLED,272,271
15665,KILLED,272,271
15666,KILLED,272,271
15667,KILLED,272,271
15668,KILLED,272,271
15669,KILLED,272,271
15670,TIMED_OUT
15671,KILLED,272,266,271,263,82
15672,KILLED,272
15673,TIMED_OUT
15674,NO_COVERAGE
15675,NO_COVERAGE
15676,NO_COVERAGE
15677,KILLED,272,273,266,271,263,82
15678,NO_COVERAGE
15679,NO_COVERAGE
15680,TIMED_OUT
15681,TIMED_OUT
15682,SURVIVED
15683,KILLED,272,266,271,263,97,82
15684,SURVIVED
15685,KILLED,272,266,271,263,82
15686,KILLED,272
15687,KILLED,272,266,271,263,82
15688,SURVIVED
15689,KILLED,82
15690,KILLED,272,273,266,97,82
15691,KILLED,272,273,266,271,263,97,82
15692,KILLED,272,266,271,263,82
15693,KILLED,272,266,271,263,82
15694,KILLED,272,273,271,263,97,82
15695,TIMED_OUT
15696,TIMED_OUT
15697,KILLED,272,266,271,263,97,82
15698,TIMED_OUT
15699,KILLED,272,266,271,263,82
15700,KILLED,272,266,271,263,82
15701,KILLED,272,266,271,263,82
15702,KILLED,272,271
15703,KILLED,272
15704,KILLED,272,271,263,82
15705,TIMED_OUT
15706,TIMED_OUT
15707,TIMED_OUT
15708,TIMED_OUT
15709,KILLED,272,266,271,263,82
15710,KILLED,272,266,271,263,82
15711,KILLED,272,266,271,263,82
15712,KILLED,272,266,271,263,82
15713,KILLED,272,266,271,263,82
15714,KILLED,272,266,271,263,82
15715,KILLED,272
15716,KILLED,272,266,271,263,82
15717,TIMED_OUT
15718,SURVIVED
15719,TIMED_OUT
15720,SURVIVED
15721,SURVIVED
15722,SURVIVED
15723,KILLED,272
15724,KILLED,272
15725,SURVIVED
15726,KILLED,272,273,271,263,97,82
15727,KILLED,266,82
15728,KILLED,272,266,271,263,97,82
15729,KILLED,266,97,82
15730,KILLED,272,266,271,263,82
15731,KILLED,272,266,271,263,82
15732,KILLED,272,266,271,263,82
15733,KILLED,271
15734,KILLED,272
15735,KILLED,272,271,263,82
15736,TIMED_OUT
15737,TIMED_OUT
15738,TIMED_OUT
15739,KILLED,263,82
15740,TIMED_OUT
15741,KILLED,272,266,271,263,82
15742,KILLED,272,266,271,263,97,82
15743,KILLED,272,266,271,263,82
15744,SURVIVED
15745,KILLED,272,266,271,263,82
15746,SURVIVED
15747,TIMED_OUT
15748,SURVIVED
15749,SURVIVED
15750,KILLED,272,266,271,263,82
15751,KILLED,272,266,271,265,263,82
15752,KILLED,272,266,271,265,263,82
15753,KILLED,272,266,271,263,82
15754,KILLED,272,266,271,265,263,82
15755,KILLED,272,266,271,265,263,82
15756,KILLED,272,266,271,265,263,82
15757,KILLED,272,266,271,265,263,82
15758,KILLED,272,266,271,263,82
15759,KILLED,272,266,271,265,263,82
15760,KILLED,272,266,271,265,263,97,82
15761,KILLED,272,266,271,265,263,97,82
15762,KILLED,272,266,271,265,263,97,82
15763,KILLED,272,266,271,265,263,97,82
15764,KILLED,272,266,271,265,263,82
15765,KILLED,272,271,265,263,82
15766,SURVIVED
15767,KILLED,272,271,265,263,82
15768,KILLED,272,271,265,263,82
15769,KILLED,272,271,265,263,82
15770,KILLED,272,271,265,263,82
15771,KILLED,272,271,265,263,82
15772,KILLED,272,271,265,263,82
15773,KILLED,265
15774,SURVIVED
15775,SURVIVED
15776,KILLED,191
15777,KILLED,191,192,354,485,256,484,483,486,482,372,370,258,355
15778,SURVIVED
15779,SURVIVED
15780,SURVIVED
15781,SURVIVED
15782,KILLED,191,192,354,485,256,484,483,486,482,372,370,258,355
15783,KILLED,256,372,370,355
15784,KILLED,256
15785,KILLED,256,372,370,355
15786,KILLED,256
15787,SURVIVED
15788,SURVIVED
15789,NO_COVERAGE
15790,KILLED,256
15791,KILLED,192,482,372,370
15792,KILLED,192,482,372,370
15793,SURVIVED
15794,KILLED,192,354,485,256,484,483,486,482,372,370,355
15795,KILLED,192,482,372,370
15796,KILLED,192,354,485,256,484,483,486,482,372,370,355
15797,KILLED,192,354,485,256,484,483,486,482,372,370,355
15798,KILLED,192,354,485,256,484,483,486,482,372,370,355
15799,KILLED,192,482,372,370
15800,SURVIVED
15801,KILLED,192,354,485,256,484,483,486,482,372,370,355
15802,KILLED,256
15803,KILLED,482,370
15804,KILLED,192,354,485,256,484,483,486,482,372,370,355
15805,SURVIVED
15806,KILLED,192,354,485,256,484,483,486,482,372,370,355
15807,KILLED,192,482,372,370
15808,KILLED,482,370
15809,KILLED,192,354,485,256,484,483,486,482,372,370,355
15810,NO_COVERAGE
15811,KILLED,256,355
15812,KILLED,256,355
15813,SURVIVED
15814,KILLED,256,355
15815,KILLED,256,355
15816,SURVIVED
15817,KILLED,192,484,483,486,482,372,370,355
15818,TIMED_OUT
15819,SURVIVED
15820,KILLED,192,484,483,486,482,372,370,355
15821,KILLED,192,484,483,486,482,372,370,355
15822,KILLED,192,484,483,486,482,372,370,355
15823,KILLED,192,484,483,486,482,372,370,355
15824,KILLED,192,484,483,486,482,372,370,355
15825,KILLED,192,484,483,486,482,372,370,355
15826,SURVIVED
15827,TIMED_OUT
15828,KILLED,192,484,483,486,482,372,370,355
15829,KILLED,192,484,483,486,482,372,370,355
15830,TIMED_OUT
15831,KILLED,256,258
15832,KILLED,256
15833,KILLED,256
15834,KILLED,192,354,485,256,484,483,486,482,372,370,258,355
15835,KILLED,192,354,485,256,484,483,486,482,372,370,355
15836,KILLED,256,258
15837,KILLED,256
15838,KILLED,192,354,485,256,484,483,486,482,372,370,355
15839,KILLED,192,354,485,256,484,483,486,482,372,370,355
15840,KILLED,256
15841,NO_COVERAGE
15842,NO_COVERAGE
15843,NO_COVERAGE
15844,KILLED,192,485,483,482,372,370
15845,KILLED,192,354,485,256,484,483,486,482,372,370,258,355
15846,KILLED,191,192,354,485,256,484,483,486,482,372,370,258,355
15847,KILLED,191,192,354,485,256,484,483,486,482,372,370,258,355
15848,KILLED,485,483,482,370
15849,KILLED,485,483,482,370
15850,KILLED,192,484,483,486,482,372,370,355
15851,KILLED,485,483,482,370
15852,NO_COVERAGE
15853,NO_COVERAGE
15854,NO_COVERAGE
15855,NO_COVERAGE
15856,NO_COVERAGE
15857,NO_COVERAGE
15858,KILLED,191,192,484,483,486,482,372,370,355
15859,SURVIVED
15860,KILLED,191,192,354,485,256,484,483,486,482,372,370,258,355
15861,SURVIVED
15862,SURVIVED
15863,KILLED,191,192,354,485,256,484,483,486,482,372,370,258,355
15864,KILLED,482,370
15865,KILLED,485,483,482,370
15866,KILLED,485,483,482,370
15867,NO_COVERAGE
15868,KILLED,192,354,485,256,484,483,486,482,372,370,355
15869,KILLED,192,485,483,482,370
15870,KILLED,192,354,485,256,484,483,486,482,372,370,258,355
15871,KILLED,192
15872,KILLED,192,354,485,256,484,483,486,482,372,370,258,355
15873,KILLED,192,484,483,486,482,372,370,355
15874,KILLED,192,484,483,486,482,372,370,355
15875,KILLED,485,483,482,370
15876,KILLED,192,484,483,486,482,372,370,355
15877,SURVIVED
15878,KILLED,485,483,482,370
15879,KILLED,191,192,354,485,256,484,483,486,482,372,370,258,355
15880,SURVIVED
15881,KILLED,192,484,483,486,482,372,370,355
15882,KILLED,192,484,483,486,482,372,370,355
15883,KILLED,192,484,483,486,482,372,370,355
15884,KILLED,192,484,483,486,482,372,370,355
15885,KILLED,192,484,483,486,482,372,370,355
15886,KILLED,192,484,483,486,482,372,370,355
15887,KILLED,192,484,483,486,482,372,370,355
15888,SURVIVED
15889,SURVIVED
15890,SURVIVED
15891,SURVIVED
15892,SURVIVED
15893,SURVIVED
15894,SURVIVED
15895,SURVIVED
15896,KILLED,191
15897,KILLED,191
15898,KILLED,192
15899,KILLED,192,354,485,256,484,483,486,482,372,370,258,355
15900,NO_COVERAGE
15901,KILLED,192,354,485,256,484,483,486,482,372,370,258,355
15902,NO_COVERAGE
15903,KILLED,192,354,485,256,484,483,486,482,372,370,258,355
15904,NO_COVERAGE
15905,KILLED,192,354,485,256,484,483,486,482,372,370,258,355
15906,NO_COVERAGE
15907,NO_COVERAGE
15908,KILLED,192,484,483,486,482,372,370,355
15909,KILLED,484,486,482
15910,KILLED,191,192
15911,SURVIVED
15912,KILLED,192
15913,SURVIVED
15914,SURVIVED
15915,KILLED,192
15916,SURVIVED
15917,KILLED,192,484,486,482,372,370
15918,SURVIVED
15919,SURVIVED
15920,KILLED,192,484,483,486,482,372,370,355
15921,SURVIVED
15922,SURVIVED
15923,KILLED,192,484,483,486,482,372,370,355
15924,SURVIVED
15925,SURVIVED
15926,KILLED,192,484,483,486,482,372,370,355
15927,KILLED,482
15928,SURVIVED
15929,SURVIVED
15930,KILLED,192,484,483,486,482,372,370,355
15931,KILLED,484,486,482,372,370
15932,SURVIVED
15933,KILLED,192,484,483,486,482,372,370,355
15934,KILLED,192,484,483,486,482,372,370,355
15935,KILLED,192
15936,KILLED,484,483,486,482,372,370,355
15937,KILLED,192,484,483,486,482,372,370,355
15938,KILLED,192,484,483,486,482,372,370,355
15939,KILLED,192,484,483,486,482,372,370,355
15940,KILLED,192,484,483,486,482,372,370,355
15941,KILLED,192
15942,KILLED,192,484,483,486,482,372,370,355
15943,SURVIVED
15944,SURVIVED
15945,KILLED,191,192
15946,KILLED,191,354,485,256,484,483,486,482,372,370,258,355
15947,KILLED,192
15948,KILLED,192
15949,SURVIVED
15950,KILLED,192,354,485,256,484,483,486,482,372,370,258,355
15951,KILLED,192,354,485,256,484,483,486,482,372,370,258,355
15952,KILLED,192,354,485,256,484,483,486,482,372,370,258,355
15953,KILLED,192,354,485,256,484,483,486,482,372,370,258,355
15954,KILLED,192,484,486,482,372,370
15955,KILLED,192,354,485,256,484,483,486,482,372,370,258,355
15956,KILLED,192,482,372,370
15957,KILLED,191,192,354,485,256,484,483,486,482,372,370,258,355
15958,KILLED,191
15959,KILLED,191
15960,KILLED,191
15961,KILLED,191
15962,KILLED,192
15963,SURVIVED
15964,KILLED,192
15965,KILLED,192
15966,KILLED,192
15967,KILLED,192
15968,KILLED,192
15969,KILLED,192
15970,KILLED,484,483,486,482,372,370
15971,KILLED,192,484,483,486,482,372,370,355
15972,KILLED,192,354,485,256,484,483,486,482,372,370,258,355
15973,KILLED,484,486
15974,KILLED,192,354,485,256,484,483,486,482,372,370,258,355
15975,KILLED,192,354,485,256,484,483,486,482,372,370,258,355
15976,SURVIVED
15977,KILLED,192,484,483,486,482,372,370,355
15978,KILLED,192,484,483,486,482,372,370,355
15979,KILLED,192,354,485,256,484,483,486,482,372,370,258,355
15980,SURVIVED
15981,KILLED,192,354,485,256,484,483,486,482,372,370,258,355
15982,KILLED,192,354,485,256,484,483,486,482,372,370,258,355
15983,SURVIVED
15984,SURVIVED
15985,KILLED,192,484,483,486,482,372,370,355
15986,KILLED,192,354,485,256,484,483,486,482,372,370,258,355
15987,SURVIVED
15988,KILLED,192,354,485,256,484,483,486,482,372,370,258,355
15989,KILLED,192,354,485,256,484,483,486,482,372,370,258,355
15990,SURVIVED
15991,SURVIVED
15992,KILLED,192,484,483,486,482,372,370,355
15993,KILLED,192,354,485,256,484,483,486,482,372,370,258,355
15994,SURVIVED
15995,KILLED,192,484,483,486,482,372,370,355
15996,KILLED,192,354,485,256,484,483,486,482,372,370,258,355
15997,KILLED,192,354,485,256,484,483,486,482,372,370,258,355
15998,SURVIVED
15999,KILLED,192,484,483,486,482,372,370,355
16000,KILLED,192,484,483,486,482,372,370,355
16001,KILLED,192,484,486,482,372,370,355
16002,KILLED,192
16003,KILLED,192,354,485,256,484,483,486,482,372,370,258,355
16004,SURVIVED
16005,KILLED,192,484,483,486,482,372,370,355
16006,KILLED,192,484,483,486,482,372,370,355
16007,KILLED,192,484,483,486,482,372,370,355
16008,KILLED,192
16009,KILLED,191
16010,KILLED,192
16011,KILLED,192
16012,KILLED,192
16013,KILLED,192
16014,SURVIVED
16015,KILLED,484,486,482,372,370
16016,KILLED,482,372,370
16017,KILLED,191
16018,SURVIVED
16019,SURVIVED
16020,SURVIVED
16021,SURVIVED
16022,SURVIVED
16023,SURVIVED
16024,SURVIVED
16025,KILLED,354,485,256,484,483,486,482,372,370,258,355
16026,KILLED,192
16027,SURVIVED
16028,KILLED,192,354,485,256,484,483,486,482,372,370,258,355
16029,KILLED,192,354,485,256,484,483,486,482,372,370,258,355
16030,KILLED,192,354,485,256,484,483,486,482,372,370,258,355
16031,KILLED,192,354,485,256,484,483,486,482,372,370,258,355
16032,KILLED,192,354,485,256,484,483,486,482,372,370,258,355
16033,SURVIVED
16034,KILLED,124,125,126,92,9,360,147,145,154,13,213,15,357,149,285,148,153,219,332,287,178,151,403,401,361,409,150,405,212,155,356,336,179,51,217,52,215,7,3,359,10,14,1,11,12,8,2,382,384,5,400,386,351,402
16035,KILLED,124,125,126,92,145,154,13,213,15,219,150,212,356,359,384
16036,KILLED,124,125,126,92,9,360,145,154,13,213,15,219,332,178,150,212,356,336,179,359,1,11,12,8,2,384,5
16037,KILLED,124,125,126,9,360,154,13,15,332,178,150,336,179,1,11,12,8,2,5
16038,KILLED,124,125,126,9,360,147,145,154,13,213,15,357,149,285,148,153,332,287,178,151,403,401,361,409,150,405,212,155,356,336,179,51,217,52,215,7,3,10,14,1,11,12,8,2,382,384,5,400,386,351,402
16039,KILLED,124,125,126,9,360,154,13,15,332,178,150,336,179,1,11,12,8,2,5
16040,KILLED,124,125,126,92,145,154,13,213,15,219,150,212,356,359,384
16041,KILLED,124,125,126,9,360,147,145,154,13,213,15,357,149,285,148,153,332,287,178,151,403,401,361,409,150,405,212,155,356,336,179,51,217,52,215,7,3,10,14,1,11,12,8,2,382,384,5,400,386,351,402
16042,KILLED,124,125,126,92,145,154,13,213,15,219,150,212,356,359,384
16043,KILLED,92,145,154,13,213,15,219,150,212,356,359,384
16044,KILLED,91,376,389,348,262,259,286,220,214,146,336,353,217,221,215,7,14,1,365,11,367,12,5,388,400,386,377,381,364,368,402
16045,KILLED,123,122,91,376,389,348,262,259,346,260,286,220,214,146,336,353,179,217,221,215,7,3,10,14,1,365,11,367,12,8,2,382,384,5,388,400,386,377,381,364,351,368,402
16046,KILLED,123,122,91,376,389,348,262,259,346,260,286,220,214,146,336,353,179,217,221,215,7,3,10,14,1,365,11,367,12,8,2,382,384,5,388,400,386,377,381,364,351,368,402
16047,KILLED,123,122,259,346,260,286,336,179,3,10,1,11,12,8,2,382,384,5,400,386,351,402
16048,KILLED,123,122,259,346,260,286,336,179,3,10,1,11,12,8,2,382,384,5,400,386,351,402
16049,KILLED,123,122,259,346,260,286,336,179,3,10,1,11,12,8,2,382,384,5,400,386,351,402
16050,KILLED,123,122,259,346,260,286,336,179,3,10,1,11,12,8,2,382,384,5,400,386,351,402
16051,KILLED,122
16052,KILLED,123,91,376,389,348,262,259,286,220,214,146,336,353,217,221,215,7,14,1,365,11,367,12,5,388,400,386,377,381,364,368,402
16053,KILLED,122
16054,KILLED,123,122
16055,KILLED,123,122,179,3,10,1,11,12,8,2,384,5
16056,KILLED,123,122,259,346,260,286,336,179,3,10,1,11,12,8,2,382,384,5,400,386,351,402
16057,KILLED,123,122,336
16058,KILLED,123,122,259,346,260,286,336,179,3,10,1,11,12,8,2,382,384,5,400,386,351,402
16059,KILLED,123,122,259,346,260,286,336,179,3,10,1,11,12,8,2,382,384,5,400,386,351,402
16060,KILLED,123,122,259,346,260,286,336,179,3,10,1,11,12,8,2,382,384,5,400,386,351,402
16061,KILLED,123,122,259,346,260,286,336,382,400,386,351,402
16062,KILLED,123,122,259,346,260,286,336,179,3,10,1,11,12,8,2,382,384,5,400,386,351,402
16063,KILLED,123,122,259,346,260,286,336,179,3,10,1,11,12,8,2,382,384,5,400,386,351,402
16064,KILLED,122
16065,KILLED,122
16066,KILLED,123,122,259,346,260,286,336,179,3,10,1,11,12,8,2,382,384,5,400,386,351,402
16067,KILLED,122
16068,KILLED,123,91,376,389,348,262,259,286,220,214,146,336,353,217,221,215,7,14,1,365,11,367,12,384,5,388,400,386,377,381,364,368,402
16069,KILLED,123,122,179,3,10,1,11,12,8,2,384,5
16070,KILLED,123,122,259,346,260,286,336,179,3,10,1,11,12,8,2,382,384,5,400,386,351,402
16071,KILLED,123,122,384
16072,KILLED,122
16073,KILLED,122,91,376,389,348,262,259,286,220,214,146,336,353,217,221,215,7,14,1,365,11,367,12,5,388,400,386,377,381,364,368,402
16074,KILLED,123,122
16075,KILLED,123,122,91,376,389,348,262,259,286,220,214,146,336,353,217,221,215,7,14,1,365,11,367,12,5,388,400,386,377,381,364,368,402
16076,KILLED,123,122,91,376,389,348,262,259,286,220,214,146,336,353,179,217,221,215,7,3,10,14,1,365,11,367,12,8,2,384,5,388,400,386,377,381,364,368,402
16077,KILLED,123,122,91,376,389,348,262,259,286,220,214,146,336,353,217,221,215,7,14,1,365,11,367,12,5,388,400,386,377,381,364,368,402
16078,KILLED,123,122,3,10,11,12,8,2,5
16079,KILLED,123,122,91,376,389,348,262,259,286,220,214,146,336,353,179,217,221,215,7,3,10,14,1,365,11,367,12,8,2,384,5,388,400,386,377,381,364,368,402
16080,KILLED,122
16081,KILLED,123,122,259,346,260,286,336,179,3,10,1,11,12,8,2,382,384,5,400,386,351,402
16082,KILLED,123,122,179,3,10,1,11,12,8,2,384,5
16083,KILLED,123,122,259,346,260,286,336,179,3,10,1,11,12,8,2,382,384,5,400,386,351,402
16084,KILLED,123,122,259,346,260,286,336,179,3,10,1,11,12,8,2,382,384,5,400,386,351,402
16085,KILLED,123,122,259,346,260,286,336,179,3,10,1,11,12,8,2,382,384,5,400,386,351,402
16086,KILLED,123,122,259,346,260,286,336,179,3,10,1,11,12,8,2,382,384,5,400,386,351,402
16087,KILLED,123,122,3,10,11,12,8,2,5
16088,KILLED,122
16089,KILLED,122
16090,KILLED,122
16091,KILLED,123,122,3,10,11,12,8,2,5
16092,KILLED,122
16093,KILLED,122
16094,KILLED,123
16095,KILLED,123,91,376,389,348,262,259,286,220,214,146,336,353,217,221,215,7,14,1,365,11,367,12,5,388,400,386,377,381,364,368,402
16096,SURVIVED
16097,KILLED,123,91,376,389,348,262,259,286,220,214,146,336,353,179,217,221,215,7,3,10,14,1,365,11,367,12,8,2,384,5,388,400,386,377,381,364,368,402
16098,SURVIVED
16099,KILLED,122
16100,KILLED,123,122,179,3,10,1,11,12,8,2,384,5
16101,KILLED,123,122,336
16102,KILLED,91,376,389,348,262,259,286,220,214,146,336,353,217,221,215,7,14,1,365,11,367,12,5,388,400,386,377,381,364,368,402
16103,KILLED,123,122,91,376,389,348,262,259,346,260,286,220,214,146,336,353,179,217,221,215,7,3,10,14,1,365,11,367,12,8,2,382,384,5,388,400,386,377,381,364,351,368,402
16104,KILLED,123,122,91,376,389,348,262,259,346,260,286,220,214,146,336,353,179,217,221,215,7,3,10,14,1,365,11,367,12,8,2,382,384,5,388,400,386,377,381,364,351,368,402
16105,KILLED,123,122,348,262,259,346,260,286,220,214,146,336,353,179,217,221,215,7,3,10,14,1,365,11,367,12,8,2,382,384,5,388,400,386,377,381,364,351,368,402
16106,KILLED,123,122,336
16107,KILLED,123,122,3,10,11,12,8,2,5
16108,KILLED,123,122,3,10,11,12,8,2,5
16109,KILLED,122
16110,TIMED_OUT
16111,KILLED,123,122
16112,KILLED,123,122,259,346,260,286,336,179,3,10,1,11,12,8,2,382,384,5,400,386,351,402
16113,KILLED,6,4,218,299,16,300,9,360,216,293,147,152,15,358,285,242,17,287,238,403,401,409,220,214,405,146,241,336,353,239,51,217,52,221,215,243,7,359,14,1,365,11,367,12,382,5,388,400,386,377,381,364,368,240,402
16114,KILLED,123,122,95,93,92,6,4,218,299,16,300,9,360,216,293,147,145,154,152,259,13,346,260,213,15,357,149,286,358,285,148,242,17,153,219,332,287,178,238,151,403,401,361,409,258,220,150,214,405,212,155,146,241,356,336,353,239,179,51,217,52,221,215,243,7,3,359,10,14,1,365,11,367,12,8,2,382,384,5,388,400,386,377,381,364,351,368,240,402
16115,KILLED,123,122,95,93,92,6,4,218,299,16,300,9,360,216,293,147,145,154,152,259,13,346,260,213,15,357,149,286,358,285,148,242,17,153,219,332,287,178,238,151,403,401,361,409,258,220,150,214,405,212,155,146,241,356,336,353,239,179,51,217,52,221,215,243,7,3,359,10,14,1,365,11,367,12,8,2,382,384,5,388,400,386,377,381,364,351,368,240,402
16116,KILLED,123,122,95,93,92,9,360,147,145,154,259,13,346,260,213,15,357,149,286,285,148,153,219,332,287,178,151,403,401,361,409,258,150,405,212,155,356,336,179,51,217,52,215,7,3,359,10,14,1,11,12,8,2,382,384,5,400,386,351,402
16117,KILLED,123,122,95,93,92,9,360,147,145,154,259,13,346,260,213,15,357,149,286,285,148,153,219,332,287,178,151,403,401,361,409,258,150,405,212,155,356,336,179,51,217,52,215,7,3,359,10,14,1,11,12,8,2,382,384,5,400,386,351,402
16118,KILLED,123,122,95,93,92,9,360,147,145,154,259,13,346,260,213,15,357,149,286,285,148,153,219,332,287,178,151,403,401,361,409,258,150,405,212,155,356,336,179,51,217,52,215,7,3,359,10,14,1,11,12,8,2,382,384,5,400,386,351,402
16119,KILLED,123,122,95,93,92,9,360,147,145,154,259,13,346,260,213,15,357,149,286,285,148,153,219,332,287,178,151,403,401,361,409,258,150,405,212,155,356,336,179,51,217,52,215,7,3,359,10,14,1,11,12,8,2,382,384,5,400,386,351,402
16120,KILLED,122
16121,KILLED,123,6,4,218,299,16,300,9,360,216,293,147,152,15,358,285,242,17,287,238,403,401,409,220,214,405,146,241,336,353,239,51,217,52,221,215,243,7,359,14,1,365,11,367,12,382,5,388,400,386,377,381,364,351,368,240,402
16122,KILLED,122
16123,KILLED,123,122
16124,KILLED,123,122,95,93,92,9,360,147,145,154,13,213,15,357,149,148,153,219,332,178,151,361,150,212,155,356,179,217,215,7,3,359,10,14,1,11,12,8,2,384,5
16125,KILLED,123,122,95,93,92,9,360,147,145,154,259,13,346,260,213,15,357,149,286,285,148,153,219,332,287,178,151,403,401,361,409,258,150,405,212,155,356,336,179,51,217,52,215,7,3,359,10,14,1,11,12,8,2,382,384,5,400,386,351,402
16126,KILLED,123,122,336,3,10,1,11,12,8,2,5
16127,KILLED,123,122,95,93,92,9,360,147,145,154,259,13,346,260,213,15,357,149,286,285,148,153,219,332,287,178,151,403,401,361,409,258,150,405,212,155,356,336,179,51,217,52,215,7,3,359,10,14,1,11,12,8,2,382,384,5,400,386,351,402
16128,KILLED,123,122,95,93,92,9,360,147,145,154,259,13,346,260,213,15,357,149,286,285,148,153,219,332,287,178,151,403,401,361,409,258,150,405,212,155,356,336,179,51,217,52,215,7,3,359,10,14,1,11,12,8,2,382,384,5,400,386,351,402
16129,KILLED,123,122,95,93,92,9,360,147,145,154,259,13,346,260,213,15,357,149,286,285,148,153,219,332,287,178,151,403,401,361,409,258,150,405,212,155,356,336,179,51,217,52,215,7,3,359,10,14,1,11,12,8,2,382,384,5,400,386,351,402
16130,KILLED,123,122,95,93,92,145,259,346,260,286,285,287,403,401,409,258,405,336,51,217,52,215,7,3,10,14,1,11,12,8,2,382,5,400,386,351,402
16131,KILLED,123,122,95,93,92,9,360,147,145,154,259,13,346,260,213,15,357,149,286,285,148,153,219,332,287,178,151,403,401,361,409,258,150,405,212,155,356,336,179,51,217,52,215,7,3,359,10,14,1,11,12,8,2,382,384,5,400,386,351,402
16132,KILLED,123,122,95,93,92,9,360,147,145,154,259,13,346,260,213,15,357,149,286,285,148,153,219,332,287,178,151,403,401,361,409,258,150,405,212,155,356,336,179,51,217,52,215,7,3,359,10,14,1,11,12,8,2,382,384,5,400,386,351,402
16133,KILLED,122
16134,KILLED,122
16135,KILLED,123,122,95,93,92,9,360,147,145,154,259,13,346,260,213,15,357,149,286,285,148,153,219,332,287,178,151,403,401,361,409,258,150,405,212,155,356,336,179,51,217,52,215,7,3,359,10,14,1,11,12,8,2,382,384,5,400,386,351,402
16136,KILLED,122
16137,KILLED,123,95,93,92,6,4,218,299,16,300,9,360,216,293,147,145,154,152,13,213,15,357,149,358,285,148,242,17,153,332,287,178,238,151,403,401,361,409,220,150,214,405,212,155,146,241,356,336,353,239,51,217,52,221,215,243,7,3,359,10,14,1,365,11,367,12,8,2,382,384,5,388,400,386,377,381,364,368,240,402
16138,KILLED,123,122,95,93,92,9,360,147,145,154,13,213,15,357,149,148,153,219,332,178,151,361,150,212,155,356,179,217,215,7,3,359,10,14,1,11,12,8,2,384,5
16139,KILLED,123,122,95,93,92,9,360,147,145,154,259,13,346,260,213,15,357,149,286,285,148,153,219,332,287,178,151,403,401,361,409,258,150,405,212,155,356,336,179,51,217,52,215,7,3,359,10,14,1,11,12,8,2,382,384,5,400,386,351,402
16140,KILLED,123,122,95,93,92,145,154,13,213,15,357,149,148,153,332,178,151,361,150,212,155,356,3,10,1,11,12,8,2,384,5
16141,KILLED,122
16142,KILLED,122,6,4,218,299,16,300,9,360,216,293,147,152,15,358,285,242,17,287,238,403,401,409,220,214,405,146,241,336,353,239,51,217,52,221,215,243,7,359,14,1,365,11,367,12,382,5,388,400,386,377,381,364,368,240,402
16143,KILLED,123,122,1
16144,KILLED,123,122,6,4,218,299,16,300,9,360,216,293,147,152,15,358,285,242,17,287,238,403,401,409,220,214,405,146,241,336,353,239,51,217,52,221,215,243,7,359,14,1,365,11,367,12,382,5,388,400,386,377,381,364,351,368,240,402
16145,KILLED,123,122,95,93,92,6,4,218,299,16,300,9,360,216,293,147,145,154,152,13,213,15,357,149,358,285,148,242,17,153,219,332,287,178,238,151,403,401,361,409,220,150,214,405,212,155,146,241,356,336,353,239,179,51,217,52,221,215,243,7,3,359,10,14,1,365,11,367,12,8,2,382,384,5,388,400,386,377,381,364,368,240,402
16146,KILLED,123,122,6,4,218,299,16,300,9,360,216,293,147,152,15,358,285,242,17,287,238,403,401,409,220,214,405,146,241,336,353,239,51,217,52,221,215,243,7,359,14,1,365,11,367,12,382,5,388,400,386,377,381,364,368,240,402
16147,KILLED,123,122,179,1
16148,KILLED,123,122,95,93,92,6,4,218,299,16,300,9,360,216,293,147,145,154,152,13,213,15,357,149,358,285,148,242,17,153,219,332,287,178,238,151,403,401,361,409,220,150,214,405,212,155,146,241,356,336,353,239,179,51,217,52,221,215,243,7,3,359,10,14,1,365,11,367,12,8,2,382,384,5,388,400,386,377,381,364,368,240,402
16149,KILLED,122
16150,KILLED,123,122,95,93,92,9,360,147,145,154,259,13,346,260,213,15,357,149,286,285,148,153,219,332,287,178,151,403,401,361,409,258,150,405,212,155,356,336,179,51,217,52,215,7,3,359,10,14,1,11,12,8,2,382,384,5,400,386,351,402
16151,KILLED,123,122,95,93,92,9,360,147,145,154,13,213,15,357,149,148,153,219,332,178,151,361,150,212,155,356,179,217,215,7,3,359,10,14,1,11,12,8,2,384,5
16152,KILLED,123,122,95,93,92,9,360,147,145,154,259,13,346,260,213,15,357,149,286,285,148,153,219,332,287,178,151,403,401,361,409,258,150,405,212,155,356,336,179,51,217,52,215,7,3,359,10,14,1,11,12,8,2,382,384,5,400,386,351,402
16153,KILLED,123,122,95,93,92,9,360,147,145,154,259,13,346,260,213,15,357,149,286,285,148,153,219,332,287,178,151,403,401,361,409,258,150,405,212,155,356,336,179,51,217,52,215,7,3,359,10,14,1,11,12,8,2,382,384,5,400,386,351,402
16154,KILLED,123,122,95,93,92,9,360,147,145,154,259,13,346,260,213,15,357,149,286,285,148,153,219,332,287,178,151,403,401,361,409,258,150,405,212,155,356,336,179,51,217,52,215,7,3,359,10,14,1,11,12,8,2,382,384,5,400,386,351,402
16155,KILLED,123,122,95,93,92,9,360,147,145,154,259,13,346,260,213,15,357,149,286,285,148,153,219,332,287,178,151,403,401,361,409,258,150,405,212,155,356,336,179,51,217,52,215,7,3,359,10,14,1,11,12,8,2,382,384,5,400,386,351,402
16156,KILLED,123,122,179,1
16157,KILLED,122
16158,KILLED,122
16159,KILLED,122
16160,KILLED,123,122,179,1
16161,KILLED,122
16162,KILLED,122
16163,KILLED,123,1
16164,KILLED,123,6,4,218,299,16,300,9,360,216,293,147,152,15,358,285,242,17,287,238,403,401,409,220,214,405,146,241,336,353,239,51,217,52,221,215,243,7,359,14,1,365,11,367,12,382,5,388,400,386,377,381,364,351,368,240,402
16165,SURVIVED
16166,KILLED,123,95,93,92,6,4,218,299,16,300,9,360,216,293,147,145,154,152,13,213,15,357,149,358,285,148,242,17,153,219,332,287,178,238,151,403,401,361,409,220,150,214,405,212,155,146,241,356,336,353,239,179,51,217,52,221,215,243,7,3,359,10,14,1,365,11,367,12,8,2,382,384,5,388,400,386,377,381,364,368,240,402
16167,SURVIVED
16168,KILLED,122
16169,KILLED,123,122,95,93,92,9,360,147,145,154,13,213,15,357,149,148,153,219,332,178,151,361,150,212,155,356,179,217,215,7,3,359,10,14,1,11,12,8,2,384,5
16170,KILLED,123,122,336,1
16171,KILLED,6,4,218,299,16,300,9,360,216,293,147,152,15,358,285,242,17,287,238,403,401,409,220,214,405,146,241,336,353,239,51,217,52,221,215,243,7,359,14,1,365,11,367,12,382,5,388,400,386,377,381,364,368,240,402
16172,KILLED,123,122,95,93,92,6,4,218,299,16,300,9,360,216,293,147,145,154,152,259,13,346,260,213,15,357,149,286,358,285,148,242,17,153,219,332,287,178,238,151,403,401,361,409,258,220,150,214,405,212,155,146,241,356,336,353,239,179,51,217,52,221,215,243,7,3,359,10,14,1,365,11,367,12,8,2,382,384,5,388,400,386,377,381,364,351,368,240,402
16173,KILLED,123,122,95,93,92,6,4,218,299,16,300,9,360,216,293,147,145,154,152,259,13,346,260,213,15,357,149,286,358,285,148,242,17,153,219,332,287,178,238,151,403,401,361,409,258,220,150,214,405,212,155,146,241,356,336,353,239,179,51,217,52,221,215,243,7,3,359,10,14,1,365,11,367,12,8,2,382,384,5,388,400,386,377,381,364,351,368,240,402
16174,KILLED,123,122,95,93,1
16175,KILLED,123,122,336,1
16176,KILLED,123,122,3,10,1,11,12,8,2,5
16177,KILLED,123,122,179,3,10,1,11,12,8,2,5
16178,KILLED,122
16179,TIMED_OUT
16180,KILLED,123,122,1
16181,KILLED,123,122,95,93,92,9,360,147,145,154,259,13,346,260,213,15,357,149,286,285,148,153,219,332,287,178,151,403,401,361,409,258,150,405,212,155,356,336,179,51,217,52,215,7,3,359,10,14,1,11,12,8,2,382,384,5,400,386,351,402
16182,SURVIVED
16183,KILLED,124
16184,KILLED,124
16185,NO_COVERAGE
16186,NO_COVERAGE
16187,NO_COVERAGE
16188,NO_COVERAGE
16189,KILLED,124,125,126,92,9,360,147,145,154,13,213,15,357,149,285,148,153,219,332,287,178,151,403,401,361,409,150,405,212,155,356,336,179,51,217,52,215,7,3,359,10,14,1,11,12,8,2,382,384,5,400,386,351,402
16190,KILLED,124,125,92,336
16191,KILLED,124,125,126,92,9,360,13,15,332,336,179,1,11,12,8,2,5
16192,KILLED,124,125,126,92,6,4,218,299,16,300,9,360,216,293,147,145,154,152,13,213,15,357,149,358,285,148,242,17,153,219,332,287,178,238,151,403,401,361,409,220,150,214,405,212,155,146,241,356,336,353,239,179,51,217,52,221,215,243,7,3,359,10,14,1,365,11,367,12,8,2,382,384,5,388,400,386,377,381,364,351,368,240,402
16193,KILLED,124,125,126,92,9,360,147,145,154,13,213,15,357,149,285,148,153,219,332,287,178,151,403,401,361,409,150,405,212,155,356,336,179,51,217,52,215,7,3,359,10,14,1,11,12,8,2,382,384,5,400,386,351,402
16194,KILLED,124,125,126,92,9,360,147,145,154,13,213,15,357,149,285,148,153,219,332,287,178,151,403,401,361,409,150,405,212,155,356,336,179,51,217,52,215,7,3,359,10,14,1,11,12,8,2,382,384,5,400,386,351,402
16195,KILLED,124
16196,KILLED,124
16197,KILLED,125
16198,NO_COVERAGE
16199,NO_COVERAGE
16200,NO_COVERAGE
16201,NO_COVERAGE
16202,KILLED,124,125,126,92,9,360,154,13,15,332,178,150,336,179,1,11,12,8,2,5
16203,KILLED,124,125,92,336
16204,KILLED,124,125,126,92,9,360,154,13,15,285,332,287,178,403,401,409,150,405,336,179,51,52,1,11,12,8,2,382,5,400,386,351,402
16205,KILLED,124,125,126,92,9,360,13,15,332,336,179,1,11,12,8,2,5
16206,KILLED,124
16207,KILLED,124,125,126,92,9,360,147,145,154,13,213,15,148,153,219,332,178,151,361,150,212,155,356,179,217,215,7,3,359,10,14,1,11,12,8,2,384,5
16208,KILLED,92,145,154,13,15,148,153,332,178,151,150,155,3,359,10,11,12,8,2,5
16209,KILLED,124,125,126,332,1
16210,KILLED,124,125,126,92,6,4,218,299,16,300,9,360,216,293,147,145,154,152,13,213,15,357,149,358,285,148,242,17,153,219,332,287,178,238,151,403,401,361,409,220,150,214,405,212,155,146,241,356,336,353,239,179,51,217,52,221,215,243,7,3,359,10,14,1,365,11,367,12,8,2,382,384,5,388,400,386,377,381,364,351,368,240,402
16211,KILLED,124,125,126,92,9,360,147,145,154,13,213,15,357,149,285,148,153,219,332,287,178,151,403,401,361,409,150,405,212,155,356,336,179,51,217,52,215,7,3,359,10,14,1,11,12,8,2,382,384,5,400,386,351,402
16212,KILLED,124,125,126
16213,KILLED,124,125,126
16214,KILLED,124
16215,KILLED,124
16216,KILLED,125
16217,NO_COVERAGE
16218,KILLED,124,125,126,92,9,360,147,145,154,13,213,15,357,149,148,153,219,332,178,151,361,150,212,155,356,179,217,215,7,3,359,10,14,1,11,12,8,2,384,5
16219,KILLED,92,145,154,13,15,149,148,153,332,178,151,150,155,179,3,359,10,11,12,8,2,5
16220,TIMED_OUT
16221,KILLED,124,125,126,92,9,360,147,145,154,13,213,15,357,149,285,148,153,219,332,287,178,151,403,401,361,409,150,405,212,155,356,336,179,51,217,52,215,7,3,359,10,14,1,11,12,8,2,382,384,5,400,386,351,402
16222,KILLED,124,125,126,92,6,4,218,299,16,300,9,360,216,293,147,154,152,13,15,358,285,242,17,332,287,178,238,403,401,409,220,150,214,405,146,241,336,353,239,179,51,217,52,221,215,243,7,359,14,1,365,11,367,12,8,2,382,384,5,388,400,386,377,381,364,351,368,240,402
16223,KILLED,124,125,126,92,9,360,154,13,15,332,178,150,336,179,1,11,12,8,2,5
16224,SURVIVED
16225,KILLED,92
16226,KILLED,124,125,126,92,9,360,154,13,15,332,178,150,3,10,1,11,12,8,2,5
16227,KILLED,125,126
16228,KILLED,124
16229,KILLED,124
16230,KILLED,124
16231,KILLED,124
16232,KILLED,124
16233,KILLED,124
16234,KILLED,124
16235,KILLED,124
16236,KILLED,124
16237,KILLED,125
16238,NO_COVERAGE
16239,NO_COVERAGE
16240,NO_COVERAGE
16241,NO_COVERAGE
16242,KILLED,124,125,126,92,9,360,147,145,154,13,213,15,357,149,285,148,153,219,332,287,178,151,403,401,361,409,150,405,212,155,356,336,179,51,217,52,215,7,3,359,10,14,1,11,12,8,2,382,384,5,400,386,351,402
16243,KILLED,124,125,126,92,9,360,154,13,15,332,178,150,336,179,1,11,12,8,2,5
16244,NO_COVERAGE
16245,NO_COVERAGE
16246,NO_COVERAGE
16247,NO_COVERAGE
16248,SURVIVED
16249,KILLED,124,125,126,92,6,4,218,299,16,300,9,360,216,293,147,145,154,152,13,213,15,357,149,358,285,148,242,17,153,219,332,287,178,238,151,403,401,361,409,220,150,214,405,212,155,146,241,356,336,353,239,179,51,217,52,221,215,243,7,3,359,10,14,1,365,11,367,12,8,2,382,384,5,388,400,386,377,381,364,351,368,240,402
16250,SURVIVED
16251,SURVIVED
16252,SURVIVED
16253,KILLED,92
16254,KILLED,124,125,126,92,9,360,154,13,15,332,178,150,336,179,1,11,12,8,2,5
16255,KILLED,124,125,126
16256,KILLED,124,125,126,92,6,4,218,299,16,300,9,360,216,293,147,145,154,152,13,213,15,357,149,358,285,148,242,17,153,219,332,287,178,238,151,403,401,361,409,220,150,214,405,212,155,146,241,356,336,353,239,179,51,217,52,221,215,243,7,3,359,10,14,1,365,11,367,12,8,2,382,384,5,388,400,386,377,381,364,351,368,240,402
16257,KILLED,124,125,126,92,9,360,154,13,15,332,178,150,336,179,1,11,12,8,2,5
16258,KILLED,124,125,126,92,6,4,218,299,16,300,9,360,216,293,147,145,154,152,13,213,15,357,149,358,285,148,242,17,153,219,332,287,178,238,151,403,401,361,409,220,150,214,405,212,155,146,241,356,336,353,239,179,51,217,52,221,215,243,7,3,359,10,14,1,365,11,367,12,8,2,382,384,5,388,400,386,377,381,364,351,368,240,402
16259,KILLED,125
16260,NO_COVERAGE
16261,KILLED,124,125,126,92,9,360,145,154,13,15,332,178,150,179,3,10,1,11,12,8,2,5
16262,KILLED,92,13,15,150
16263,KILLED,124
16264,KILLED,126
16265,KILLED,125
16266,KILLED,124,125,126
16267,SURVIVED
16268,NO_COVERAGE
16269,NO_COVERAGE
16270,NO_COVERAGE
16271,NO_COVERAGE
16272,NO_COVERAGE
16273,NO_COVERAGE
16274,SURVIVED
16275,SURVIVED
16276,SURVIVED
16277,NO_COVERAGE
16278,NO_COVERAGE
16279,NO_COVERAGE
16280,NO_COVERAGE
16281,NO_COVERAGE
16282,NO_COVERAGE
16283,NO_COVERAGE
16284,NO_COVERAGE
16285,NO_COVERAGE
16286,SURVIVED
16287,KILLED,397
16288,NO_COVERAGE
16289,NO_COVERAGE
16290,NO_COVERAGE
16291,KILLED,157,393,365,367,382,384,388,386,377,381,364,368
16292,NO_COVERAGE
16293,KILLED,483,482,372,192,370,393
16294,KILLED,393,363,374,378,362,385,373,379,380,369,375
16295,KILLED,393
16296,KILLED,161
16297,KILLED,133,128
16298,NO_COVERAGE
16299,KILLED,393,383
16300,KILLED,162,159,397
16301,KILLED,397
16302,KILLED,397
16303,NO_COVERAGE
16304,KILLED,160,162,159,396
16305,SURVIVED
16306,SURVIVED
16307,SURVIVED
16308,KILLED,397
16309,KILLED,160,161,157,162,159,395,394,483,482,133,372,192,396,370,393,398,363,374,378,362,383,385,373,379,380,369,375,128,365,367,397,382,384,388,386,377,381,364,368
16310,KILLED,160,161,157,162,159,395,394,483,482,133,372,192,396,370,393,398,363,374,378,362,383,385,373,379,380,369,375,128,365,367,397,382,384,388,386,377,381,364,368
16311,KILLED,160,161,162,159,483,482,133,372,192,396,370,393,363,374,378,362,383,385,373,379,380,369,375,128,397
16312,SURVIVED
16313,KILLED,160,161,162,159,483,482,133,372,192,396,370,393,363,374,378,362,383,385,373,379,380,369,375,128,397
16314,KILLED,160,161,162,159,483,482,133,372,192,396,370,393,363,374,378,362,383,385,373,379,380,369,375,128,397
16315,KILLED,160,161,162,159,133,396,393,398,363,374,378,362,383,385,373,379,380,369,375,128,397
16316,KILLED,160,161,162,159,133,393,383,128,397
16317,KILLED,160,161,162,159,133,393,383,128,397
16318,KILLED,160,162,159,133,393,383,128,397
16319,KILLED,160,162,159,396
16320,SURVIVED
16321,KILLED,397
16322,KILLED,162,159,397
16323,KILLED,160,161,157,162,159,395,394,483,482,133,372,192,396,370,393,398,363,374,378,362,383,385,373,379,380,369,375,128,365,367,397,382,384,388,386,377,381,364,368
16324,KILLED,161,157,395,394,483,482,372,192,370,393,398,363,374,378,362,385,373,379,380,369,375,365,367,382,384,388,386,377,381,364,368
16325,SURVIVED
16326,SURVIVED
16327,KILLED,483,482,372,192,370,393
16328,KILLED,393,398,363,374,378,362,385,373,379,380,369,375
16329,KILLED,393
16330,KILLED,161
16331,KILLED,133,128
16332,KILLED,133,128
16333,KILLED,393,383,397
16334,SURVIVED
16335,KILLED,397
16336,KILLED,397
16337,SURVIVED
16338,SURVIVED
16339,SURVIVED
16340,SURVIVED
16341,SURVIVED
16342,KILLED,483,482,372,192,370,393
16343,KILLED,393,398,363,374,378,362,385,373,379,380,369,375
16344,KILLED,393
16345,KILLED,161
16346,KILLED,133,128
16347,SURVIVED
16348,SURVIVED
16349,KILLED,397
16350,KILLED,160,161,157,162,159,395,394,483,482,133,372,192,396,370,393,398,363,374,378,362,383,385,373,379,380,369,375,128,365,367,397,382,384,388,386,377,381,364,368
16351,KILLED,160,161,157,162,159,395,394,483,482,133,372,192,396,370,393,398,363,374,378,362,383,385,373,379,380,369,375,128,365,367,397,382,384,388,386,377,381,364,368
16352,KILLED,160,161,162,159,483,482,133,372,192,396,370,393,363,374,378,362,383,385,373,379,380,369,375,128,397
16353,SURVIVED
16354,KILLED,160,161,162,159,483,482,133,372,192,396,370,393,363,374,378,362,383,385,373,379,380,369,375,128,397
16355,KILLED,160,161,162,159,133,396,393,363,374,378,362,383,385,373,379,380,369,375,128,397
16356,KILLED,160,161,162,159,133,396,393,383,128,397
16357,KILLED,160,161,162,159,133,393,383,128,397
16358,KILLED,160,162,159,133,393,383,128,397
16359,KILLED,160,162,159,393,383,397
16360,KILLED,160,162,159,396
16361,SURVIVED
16362,KILLED,162,159
16363,KILLED,397
16364,SURVIVED
16365,NO_COVERAGE
16366,KILLED,157,393,365,367,382,384,388,386,377,381,364,368
16367,NO_COVERAGE
16368,KILLED,483,482,372,192,370,393
16369,KILLED,393,363,374,378,362,385,373,379,380,369,375
16370,KILLED,393
16371,KILLED,133,128
16372,NO_COVERAGE
16373,KILLED,393,383
16374,KILLED,397
16375,KILLED,161,157,162,159,395,394,483,482,133,372,192,370,393,398,363,374,378,362,383,385,373,379,380,369,375,128,365,367,397,382,384,388,386,377,381,364,368
16376,KILLED,483,482,133,372,192,370,393,363,374,378,362,383,385,373,379,380,369,375,128,365,367,397,382,384,388,386,377,381,364,368
16377,SURVIVED
16378,KILLED,133,393,383,128,397
16379,SURVIVED
16380,KILLED,383
16381,SURVIVED
16382,KILLED,244
16383,KILLED,247
16384,KILLED,372,370,355
16385,NO_COVERAGE
16386,NO_COVERAGE
16387,NO_COVERAGE
16388,KILLED,213,219,353,221,365,367,384,388,377,381,368
16389,NO_COVERAGE
16390,KILLED,453,446,352,387,383
16391,KILLED,285,287,403,401,409,405,51,52,382,400,386,351,402
16392,NO_COVERAGE
16393,KILLED,248,350,363,374,378,362,385,373,379,380,369,375
16394,NO_COVERAGE
16395,KILLED,130,129
16396,KILLED,156
16397,NO_COVERAGE
16398,NO_COVERAGE
16399,KILLED,156,247,244,453,446,372,130,248,213,370,129,285,350,219,287,403,401,409,352,405,355,363,374,378,353,51,362,387,383,385,52,221,373,379,380,369,375,365,367,382,384,388,400,386,377,381,351,368,402
16400,KILLED,156,247,453,446,372,130,248,213,370,129,285,350,219,287,403,401,409,352,405,355,363,374,378,353,51,362,387,383,385,52,221,373,379,380,369,375,365,367,382,384,388,400,386,377,381,351,368,402
16401,KILLED,156,453,446,372,130,248,213,370,129,285,350,219,287,403,401,409,352,405,355,363,374,378,353,51,362,387,383,385,52,221,373,379,380,369,375,365,367,382,384,388,400,386,377,381,351,368,402
16402,KILLED,156,453,446,130,248,213,129,285,350,219,287,403,401,409,352,405,363,374,378,353,51,362,387,383,385,52,221,373,379,380,369,375,365,367,382,384,388,400,386,377,381,351,368,402
16403,NO_COVERAGE
16404,KILLED,156,453,446,248,213,350,219,352,374,378,353,362,387,383,385,221,373,379,380,369,375,365,367,384,388,377,381,368
16405,SURVIVED
16406,KILLED,156,453,446,130,248,129,285,350,287,403,401,409,352,405,363,374,378,51,362,387,383,385,52,373,379,380,369,375,382,400,386,351,402
16407,SURVIVED
16408,KILLED,156,248,285,350,287,403,401,409,405,374,378,51,362,385,52,373,379,380,369,375,382,400,386,351,402
16409,KILLED,156,130,248,129,350,363,374,378,362,385,373,379,380,369,375
16410,SURVIVED
16411,KILLED,156,130,129
16412,SURVIVED
16413,KILLED,156
16414,KILLED,372,370,355
16415,SURVIVED
16416,KILLED,213,219,353,221,365,367,384,388,377,381,368
16417,KILLED,453,446,352,387,383
16418,KILLED,285,287,403,401,409,405,51,52,382,400,386,351,402
16419,KILLED,248,350,363,374,378,362,385,373,379,380,369,375
16420,KILLED,130,129
16421,KILLED,156
16422,NO_COVERAGE
16423,NO_COVERAGE
16424,NO_COVERAGE
16425,NO_COVERAGE
16426,KILLED,244
16427,KILLED,247
16428,KILLED,372,370,355
16429,SURVIVED
16430,NO_COVERAGE
16431,KILLED,213,219,353,221,365,367,384,388,377,381,368
16432,SURVIVED
16433,KILLED,453,446,352,387,383
16434,SURVIVED
16435,KILLED,285,287,403,401,409,405,51,52,382,400,386,351,402
16436,KILLED,248,350,363,374,378,362,385,373,379,380,369,375
16437,SURVIVED
16438,KILLED,130,129
16439,SURVIVED
16440,KILLED,156
16441,KILLED,156,247,453,446,372,130,248,213,370,129,285,350,219,287,403,401,409,352,405,355,363,374,378,353,51,362,387,383,385,52,221,373,379,380,369,375,365,367,382,384,388,400,386,377,381,351,368,402
16442,KILLED,156,453,446,372,130,248,213,370,129,285,350,219,287,403,401,409,352,405,355,363,374,378,353,51,362,387,383,385,52,221,373,379,380,369,375,365,367,382,384,388,400,386,377,381,351,368,402
16443,KILLED,156,453,446,130,248,213,129,285,350,219,287,403,401,409,352,405,363,374,378,353,51,362,387,383,385,52,221,373,379,380,369,375,365,367,382,384,388,400,386,377,381,351,368,402
16444,KILLED,156,453,446,130,248,213,129,285,350,219,287,403,401,409,352,405,363,374,378,353,51,362,387,383,385,52,221,373,379,380,369,375,365,367,382,384,388,400,386,377,381,351,368,402
16445,NO_COVERAGE
16446,KILLED,156,453,446,248,350,352,374,378,362,387,383,385,373,379,380,369,375
16447,SURVIVED
16448,KILLED,156,130,248,129,285,350,287,403,401,409,405,363,374,378,51,362,385,52,373,379,380,369,375,382,400,386,351,402
16449,SURVIVED
16450,KILLED,156,248,350,374,378,362,385,373,379,380,369,375
16451,KILLED,156,130,129
16452,SURVIVED
16453,KILLED,156
16454,SURVIVED
16455,SURVIVED
16456,KILLED,372,370,355
16457,NO_COVERAGE
16458,NO_COVERAGE
16459,NO_COVERAGE
16460,KILLED,213,219,353,221,365,367,384,388,377,381,368
16461,NO_COVERAGE
16462,KILLED,453,446,352,387,383
16463,KILLED,285,287,403,401,409,405,51,52,382,400,386,351,402
16464,NO_COVERAGE
16465,KILLED,248,350,363,374,378,362,385,373,379,380,369,375
16466,NO_COVERAGE
16467,KILLED,130,129
16468,KILLED,245
16469,KILLED,246
16470,KILLED,354,485,256,483,482,372,370,258,355
16471,KILLED,395,348,262,259,258,353,221,365,367,384,388,377,381,364,368
16472,NO_COVERAGE
16473,KILLED,464,450,261,449,347,352,258,387,383
16474,KILLED,394,259,346,260,286,258,382,400,386,351,402
16475,NO_COVERAGE
16476,KILLED,349,257,253,248,398,350,258,363,374,378,362,385,373,379,380,369,375
16477,KILLED,158
16478,NO_COVERAGE
16479,NO_COVERAGE
16480,KILLED,158,246,245,354,485,256,395,464,394,349,483,450,261,257,482,253,449,347,372,348,262,259,346,260,248,286,370,398,350,352,258,355,363,374,378,353,362,387,383,385,221,373,379,380,369,375,365,367,382,384,388,400,386,377,381,364,351,368,402
16481,KILLED,158,246,354,485,256,395,464,394,349,483,450,261,257,482,253,449,347,372,348,262,259,346,260,248,286,370,398,350,352,258,355,363,374,378,353,362,387,383,385,221,373,379,380,369,375,365,367,382,384,388,400,386,377,381,364,351,368,402
16482,KILLED,158,354,485,256,395,464,394,349,483,450,482,253,449,347,372,348,259,346,248,286,370,398,350,352,258,355,363,374,378,353,362,387,383,385,221,373,379,380,369,375,365,382,384,388,400,386,377,381,364,351,368,402
16483,KILLED,158,395,464,349,450,253,449,347,348,262,259,248,350,352,258,363,374,378,353,362,387,383,385,221,373,379,380,369,375,365,367,384,388,377,381,364,368
16484,SURVIVED
16485,KILLED,158,464,394,349,450,261,253,449,347,259,346,248,286,398,350,352,258,363,374,378,362,387,383,385,373,379,380,369,375,382,400,386,351,402
16486,SURVIVED
16487,KILLED,158,394,349,253,259,346,260,248,286,350,258,363,374,378,362,385,373,379,380,369,375,382,400,386,351,402
16488,KILLED,158,349,257,253,248,398,350,258,363,374,378,362,385,373,379,380,369,375
16489,SURVIVED
16490,KILLED,158
16491,KILLED,354,485,256,483,482,372,370,258,355
16492,KILLED,395,348,262,259,258,353,221,365,367,384,388,377,381,364,368
16493,KILLED,464,450,261,449,347,352,258,387,383
16494,KILLED,394,259,346,260,286,258,382,400,386,351,402
16495,KILLED,349,257,253,248,398,350,258,363,374,378,362,385,373,379,380,369,375
16496,KILLED,158
16497,NO_COVERAGE
16498,NO_COVERAGE
16499,NO_COVERAGE
16500,NO_COVERAGE
16501,KILLED,245
16502,KILLED,246
16503,KILLED,354,485,256,483,482,372,370,258,355
16504,KILLED,395,348,262,259,258,353,221,365,367,384,388,377,381,364,368
16505,SURVIVED
16506,KILLED,464,450,261,449,347,352,258,387,383
16507,SURVIVED
16508,KILLED,394,259,346,260,286,258,382,400,386,351,402
16509,KILLED,349,257,253,248,398,350,258,363,374,378,362,385,373,379,380,369,375
16510,SURVIVED
16511,KILLED,158
16512,KILLED,158,246,354,485,256,395,464,394,349,483,450,261,257,482,253,449,347,372,348,262,259,346,260,248,286,370,398,350,352,258,355,363,374,378,353,362,387,383,385,221,373,379,380,369,375,365,367,382,384,388,400,386,377,381,364,351,368,402
16513,KILLED,158,354,485,256,395,464,394,349,483,450,261,257,482,253,449,347,372,348,262,259,346,260,248,286,370,398,350,352,258,355,363,374,378,353,362,387,383,385,221,373,379,380,369,375,365,367,382,384,388,400,386,377,381,364,351,368,402
16514,KILLED,158,395,464,394,349,450,253,449,347,348,259,346,248,286,398,350,352,258,363,374,378,353,362,387,383,385,221,373,379,380,369,375,365,382,384,388,400,386,377,381,364,351,368,402
16515,KILLED,158,464,349,450,253,449,347,248,350,352,258,363,374,378,362,387,383,385,373,379,380,369,375
16516,SURVIVED
16517,KILLED,158,394,349,253,259,346,248,286,398,350,258,363,374,378,362,385,373,379,380,369,375,382,400,386,351,402
16518,SURVIVED
16519,KILLED,158,349,253,248,350,258,363,374,378,362,385,373,379,380,369,375
16520,KILLED,158
16521,SURVIVED
16522,SURVIVED
16523,KILLED,354,485,256,483,482,372,370,258,355
16524,KILLED,395,348,262,259,258,353,221,365,367,384,388,377,381,364,368
16525,NO_COVERAGE
16526,KILLED,464,450,261,449,347,352,258,387,383
16527,KILLED,394,259,346,260,286,258,382,400,386,351,402
16528,NO_COVERAGE
16529,KILLED,349,257,253,248,398,350,258,363,374,378,362,385,373,379,380,369,375
16530,NO_COVERAGE
16531,NO_COVERAGE
16532,NO_COVERAGE
16533,SURVIVED
16534,SURVIVED
16535,KILLED,134,136,133,135,130,131,129,132,128
16536,KILLED,134,136,133,135,130,131,129,132,128
16537,SURVIVED
16538,SURVIVED
16539,KILLED,134,136,133,135,130,131,129,132,128
16540,SURVIVED
16541,KILLED,134,136,133,135,130,131,129,132,128
16542,KILLED,134,133,135,130,131,129,132,128
16543,SURVIVED
16544,SURVIVED
16545,NO_COVERAGE
16546,NO_COVERAGE
16547,NO_COVERAGE
16548,NO_COVERAGE
16549,NO_COVERAGE
16550,NO_COVERAGE
16551,NO_COVERAGE
16552,NO_COVERAGE
16553,SURVIVED
16554,SURVIVED
16555,SURVIVED
16556,SURVIVED
16557,SURVIVED
16558,SURVIVED
16559,SURVIVED
16560,SURVIVED
16561,SURVIVED
16562,SURVIVED
16563,SURVIVED
16564,KILLED,135,130,131,129,132
16565,KILLED,135,130,131,129,132
16566,SURVIVED
16567,SURVIVED
16568,SURVIVED
16569,SURVIVED
16570,KILLED,135,130,131,129,132
16571,SURVIVED
16572,NO_COVERAGE
16573,KILLED,135,130,131,129,132
16574,KILLED,135,130,131,129,132
16575,NO_COVERAGE
16576,TIMED_OUT
16577,TIMED_OUT
16578,SURVIVED
16579,NO_COVERAGE
16580,KILLED,134,136,133,135,130,131,129,132,128
16581,KILLED,133,135,130,131,129,132,128
16582,TIMED_OUT
16583,NO_COVERAGE
16584,SURVIVED
16585,KILLED,134,136,133,135,130,131,129,132,128
16586,SURVIVED
16587,SURVIVED
16588,SURVIVED
16589,NO_COVERAGE
16590,KILLED,133,135,130,131,129,132,128
16591,KILLED,136,133,135,130,131,129,132,128
16592,SURVIVED
16593,KILLED,134,136,133,135,130,131,129,132,128
16594,KILLED,134,133,135,130,131,129,132,128
16595,TIMED_OUT
16596,KILLED,136,133,135,130,131,129,132,128
16597,KILLED,133,135,130,131,129,132,128
16598,KILLED,136,133,135,130,131,129,132,128
16599,SURVIVED
16600,TIMED_OUT
16601,SURVIVED
16602,KILLED,134,136,133,135,130,131,129,132,128
16603,KILLED,133,135,130,131,129,132,128
16604,KILLED,136,133,135,130,131,129,132,128
16605,KILLED,134,133,135,130,131,129,132,128
16606,KILLED,133,135,130,131,129,132,128
16607,TIMED_OUT
16608,SURVIVED
16609,NO_COVERAGE
16610,KILLED,135,130,131,129,132
16611,KILLED,133,135,130,131,129,132,128
16612,KILLED,133,135,130,131,129,132,128
16613,KILLED,133,129,132
16614,NO_COVERAGE
16615,KILLED,133,129,132
16616,NO_COVERAGE
16617,NO_COVERAGE
16618,NO_COVERAGE
16619,NO_COVERAGE
16620,NO_COVERAGE
16621,SURVIVED
16622,KILLED,133,129,132
16623,KILLED,134,136,133,135,130,131,129,132,128
16624,KILLED,133,129,132
16625,KILLED,133,129,132
16626,NO_COVERAGE
16627,SURVIVED
16628,KILLED,133,129,132
16629,KILLED,133,129,132
16630,KILLED,133,129,132
16631,KILLED,133,129,132
16632,SURVIVED
16633,NO_COVERAGE
16634,KILLED,133,129,132
16635,SURVIVED
16636,KILLED,133,129,132
16637,KILLED,133,129,132
16638,KILLED,133,129,132
16639,SURVIVED
16640,SURVIVED
16641,KILLED,133,129,132
16642,SURVIVED
16643,KILLED,133,135,130,131,129,132,128
16644,SURVIVED
16645,SURVIVED
16646,KILLED,133,129,132
16647,NO_COVERAGE
16648,KILLED,133,129,132
16649,KILLED,133,129,132
16650,KILLED,133,129,132
16651,KILLED,133,129,132
16652,SURVIVED
16653,KILLED,133,129,132
16654,KILLED,133,129,132
16655,KILLED,134,136,133,135,130,131,129,132,128
16656,KILLED,133,135,130,131,129,132,128
16657,KILLED,133,129,132
16658,KILLED,133,129,132
16659,KILLED,133,129,132
16660,KILLED,133,129,132
16661,KILLED,133,129,132
16662,KILLED,133,129,132
16663,KILLED,136,133,135,130,131,129,132,128
16664,KILLED,133,129,132
16665,KILLED,133,129,132
16666,NO_COVERAGE
16667,KILLED,133,129,132
16668,KILLED,133,129,132
16669,SURVIVED
16670,KILLED,133,129,132
16671,SURVIVED
16672,KILLED,133,129,132
16673,SURVIVED
16674,SURVIVED
16675,KILLED,133,129,132
16676,SURVIVED
16677,SURVIVED
16678,SURVIVED
16679,KILLED,134,136,133,135,130,131,129,132,128
16680,KILLED,135,130,131,128
16681,KILLED,133,129,132
16682,KILLED,133,129,132
16683,SURVIVED
16684,KILLED,133,129,132
16685,KILLED,133,129,132
16686,KILLED,133,129,132
16687,NO_COVERAGE
16688,KILLED,136,133,135,130,131,129,132,128
16689,SURVIVED
16690,KILLED,133,129,132
16691,SURVIVED
16692,SURVIVED
16693,SURVIVED
16694,NO_COVERAGE
16695,SURVIVED
16696,SURVIVED
16697,KILLED,136,133,135,130,131,129,132,128
16698,KILLED,133,129,132
16699,SURVIVED
16700,SURVIVED
16701,KILLED,133,129,132
16702,KILLED,134,133,135,130,131,129,132,128
16703,KILLED,136,133,135,130,131,129,132,128
16704,KILLED,134
16705,KILLED,136,133,135,130,131,129,132,128
16706,KILLED,134,136,133,135,130,131,129,132,128
16707,KILLED,136,133,135,130,131,129,132,128
16708,KILLED,134
16709,KILLED,136,133,135,130,131,129,132,128
16710,KILLED,136,133,135,130,131,129,132,128
16711,KILLED,134,133,135,130,131,129,132,128
16712,NO_COVERAGE
16713,KILLED,134,136,133,135,130,131,129,132,128
16714,SURVIVED
16715,KILLED,136,133,135,130,131,129,132,128
16716,KILLED,136,133,135,130,131,129,132,128
16717,KILLED,134,133,135,130,131,129,132,128
16718,SURVIVED
16719,KILLED,136,133,135,130,131,129,132,128
16720,KILLED,136,133,135,130,131,129,132,128
16721,KILLED,133,135,130,131,129,132
16722,KILLED,133,135,130,131,129,132,128
16723,SURVIVED
16724,KILLED,133,135,130,131,129,132,128
16725,KILLED,133,135,130,131,129,132,128
16726,KILLED,133,135,130,131,129,132,128
16727,SURVIVED
16728,KILLED,133,135,130,131,129,132,128
16729,KILLED,133,135,130,131,129,132,128
16730,KILLED,133,135,130,131,129,132,128
16731,KILLED,133,135,130,131,129,132,128
16732,SURVIVED
16733,KILLED,133,129,132
16734,KILLED,133,135,129,132
16735,KILLED,133,135,130,131,129,132,128
16736,SURVIVED
16737,SURVIVED
16738,KILLED,133,135,130,131,129,132,128
16739,TIMED_OUT
16740,SURVIVED
16741,SURVIVED
16742,NO_COVERAGE
16743,KILLED,133,135,130,131,129,132,128
16744,KILLED,133,135,130,131,129,132,128
16745,KILLED,133,135,130,131,129,132,128
16746,KILLED,133,129,132
16747,SURVIVED
16748,NO_COVERAGE
16749,SURVIVED
16750,KILLED,133,135,130,131,129,132,128
16751,KILLED,133,129,132
16752,KILLED,133,135,130,131,129,132,128
16753,KILLED,133,135,130,131,129,132,128
16754,KILLED,133,135,130,131,129,132,128
16755,KILLED,133,135,130,131,129,132,128
16756,KILLED,133,135,130,131,129,132,128
16757,KILLED,133,135,130,131,129,132,128
16758,KILLED,133,135,130,131,129,132,128
16759,KILLED,133,135,130,131,129,132,128
16760,TIMED_OUT
16761,KILLED,133,129,132
16762,KILLED,133,135,130,131,129,132,128
16763,KILLED,133,135,130,131,129,132,128
16764,KILLED,133,135,130,131,129,132,128
16765,SURVIVED
16766,TIMED_OUT
16767,SURVIVED
16768,KILLED,133,135,130,131,129,132,128
16769,KILLED,133,135,130,131,129,132,128
16770,KILLED,133,135,130,131,129,132,128
16771,KILLED,133,135,130,131,129,132,128
16772,KILLED,133,129,132
16773,KILLED,133,135,130,131,129,132,128
16774,TIMED_OUT
16775,SURVIVED
16776,KILLED,133,135,130,131,129,132,128
16777,NO_COVERAGE
16778,SURVIVED
16779,KILLED,133,135,130,131,129,132,128
16780,KILLED,36,38,37,34
16781,KILLED,36,38,37,34
16782,KILLED,37,34
16783,KILLED,38,34
16784,KILLED,36,38,37,34,147,150,217,215,7,3,10,14,1,11,12,8,2,5
16785,KILLED,38,37,34
16786,KILLED,36,38,37,34,147,150,217,215,7,3,10,14,1,11,12,8,2,5
16787,KILLED,36,38,37,34,147,150,217,215,7,3,10,14,1,11,12,8,2,5
16788,KILLED,36,38,37,34
16789,KILLED,36,38,37,34,147,150,217,215,7,3,10,14,1,11,12,8,2,5
16790,KILLED,36,38,37,34,147,150,217,215,7,3,10,14,1,11,12,8,2,5
16791,KILLED,36,38,37,34,147,150,217,215,7,3,10,14,1,11,12,8,2,5
16792,KILLED,36,38,37,34
16793,KILLED,36,38,37,34
16794,KILLED,36,38,37,34,147,150,217,215,7,3,10,14,1,11,12,8,2,5
16795,KILLED,36,38,37,34,147,150,217,215,7,3,10,14,1,11,12,8,2,5
16796,KILLED,36,38,37,34
16797,KILLED,36,38,37,34
16798,SURVIVED
16799,SURVIVED
16800,KILLED,38,37,34
16801,KILLED,36,38,37,34
16802,KILLED,36,38,37,34
16803,KILLED,36,38,37,34
16804,KILLED,38,37,34
16805,KILLED,34
16806,SURVIVED
16807,KILLED,37,34
16808,KILLED,37,34
16809,KILLED,38,34
16810,KILLED,38,34
16811,KILLED,36,38,37,34
16812,KILLED,36,38,37,34
16813,KILLED,36,38,37,34
16814,KILLED,36,38,37,34
16815,KILLED,36,38,37,34
16816,KILLED,37,34
16817,KILLED,38,34
16818,KILLED,37,34
16819,KILLED,38,34
16820,KILLED,36,38
16821,KILLED,36,37
16822,KILLED,36,38,37,34
16823,KILLED,37,34
16824,KILLED,38,34
16825,KILLED,34
16826,SURVIVED
16827,KILLED,36,38,37,34
16828,KILLED,36,38,37,34
16829,SURVIVED
16830,KILLED,36,38,37,34
16831,SURVIVED
16832,KILLED,37,34
16833,KILLED,36,38
16834,KILLED,38,34
16835,KILLED,36,37
16836,KILLED,36,38,37,34
16837,KILLED,37,34
16838,KILLED,38,34
16839,KILLED,36,38,37,34
16840,KILLED,36,38,37,34
16841,KILLED,36,38,37,34
16842,KILLED,36,38,37,34
16843,KILLED,36,38,37,34
16844,KILLED,36,38,37,34
16845,KILLED,37,34
16846,KILLED,38,34
16847,SURVIVED
16848,SURVIVED
16849,KILLED,36,38
16850,KILLED,36,37
16851,KILLED,36,38,37,34
16852,KILLED,39,43,33,41,44,35,42,40,150
16853,KILLED,39,43,33,41,44,35,42,40
16854,KILLED,147,150,217,215,7,3,10,14,1,11,12,8,2,5
16855,NO_COVERAGE
16856,KILLED,147,150,217,215,7,3,10,14,1,11,12,8,2,5
16857,KILLED,217,215,7,3,10,14,1,11,12,8,2,5
16858,KILLED,217,215,7,3,10,14,1,11,12,8,2,5
16859,KILLED,147,150,217,215,7,3,10,14,1,11,12,8,2,5
16860,KILLED,147,150,217,215,7,3,10,14,1,11,12,8,2,5
16861,SURVIVED
16862,KILLED,217,215,7,3,10,14,1,11,12,8,2,5
16863,SURVIVED
16864,KILLED,147,150,217,215,7,3,10,14,1,11,12,8,2,5
16865,SURVIVED
16866,SURVIVED
16867,KILLED,217,215,7,3,10,14,1,11,12,8,2,5
16868,SURVIVED
16869,KILLED,147,150,217,215,7,3,10,14,1,11,12,8,2,5
16870,KILLED,150,1
16871,SURVIVED
16872,KILLED,147,150,217,215,7,3,10,14,1,11,12,8,2,5
16873,KILLED,1
16874,SURVIVED
16875,KILLED,147,150,217,215,7,3,10,14,1,11,12,8,2,5
16876,KILLED,147,150,217,215,7,3,10,14,1,11,12,8,2,5
16877,SURVIVED
16878,KILLED,147,150,217,215,7,3,10,14,1,11,12,8,2,5
16879,KILLED,39,43,33,41,44,35,42,40
16880,KILLED,39,43,33,41,44,35,42,40,150
16881,KILLED,42
16882,KILLED,33
16883,KILLED,33
16884,KILLED,33
16885,KILLED,39
16886,KILLED,33
16887,KILLED,33
16888,KILLED,39,33,42,40,150
16889,KILLED,42
16890,KILLED,33
16891,KILLED,39
16892,KILLED,39
16893,KILLED,39
16894,KILLED,39
16895,KILLED,39
16896,KILLED,39
16897,KILLED,39,42,40
16898,KILLED,39,33,40
16899,KILLED,39,40
16900,KILLED,33
16901,KILLED,39
16902,KILLED,39,40
16903,KILLED,40
16904,KILLED,42
16905,KILLED,39,40
16906,KILLED,40,150
16907,KILLED,42
16908,KILLED,39,33,42,40,150
16909,KILLED,33
16910,KILLED,33
16911,KILLED,33
16912,KILLED,39
16913,KILLED,33
16914,KILLED,33
16915,KILLED,35,147,150,217,215,7,3,10,14,1,11,12,8,2,5
16916,KILLED,43
16917,KILLED,41,44,42
16918,NO_COVERAGE
16919,KILLED,43,41,44,35,42,147,150,217,215,7,3,10,14,1,11,12,8,2,5
16920,KILLED,43,41,44,35,42,147,150,217,215,7,3,10,14,1,11,12,8,2,5
16921,KILLED,43,44,42
16922,KILLED,41,44,42
16923,KILLED,43,41,44,35,42,147,150,217,215,7,3,10,14,1,11,12,8,2,5
16924,KILLED,43,41,44,42
16925,KILLED,44,42
16926,KILLED,43
16927,SURVIVED
16928,SURVIVED
16929,KILLED,35,147,150,217,215,7,3,10,14,1,11,12,8,2,5
16930,KILLED,43,41,44,42
16931,KILLED,43
16932,KILLED,41,44,42
16933,KILLED,43,41,35,147,150,217,215,7,14,1,11,12,5
16934,KILLED,43,41,44,35,42,150
16935,KILLED,43,41,44,35,42,147,150,217,215,7,3,10,14,1,11,12,8,2,5
16936,KILLED,43,41,44,35,42,147,150,217,215,7,14,1,11,12,5
16937,KILLED,43,41,44,35,42,147,150,217,215,7,14,1,11,12,5
16938,SURVIVED
16939,KILLED,43,41,44,35,42
16940,SURVIVED
16941,KILLED,43,44,42
16942,KILLED,41,44,42
16943,KILLED,43,41,44,35,42,147,150,217,215,7,3,10,14,1,11,12,8,2,5
16944,KILLED,41,35,147,150,217,215,7,14,1,11,12,5
16945,KILLED,43,35,147,150,217,215,7,14,1,11,12,5
16946,KILLED,43,41,44,35,42,147,150,217,215,7,3,10,14,1,11,12,8,2,5
16947,KILLED,43,41,44,35,42,147,150,217,215,7,3,10,14,1,11,12,8,2,5
16948,KILLED,43,44,42
16949,KILLED,41,44,42
16950,KILLED,43,41,44,35,42
16951,KILLED,43,41,44,42
16952,KILLED,44,42
16953,KILLED,43
16954,SURVIVED
16955,SURVIVED
16956,KILLED,40
16957,NO_COVERAGE
16958,NO_COVERAGE
16959,KILLED,40,150
16960,KILLED,40,150
16961,KILLED,40
16962,NO_COVERAGE
16963,KILLED,150
16964,SURVIVED
16965,SURVIVED
16966,NO_COVERAGE
16967,KILLED,40
16968,KILLED,40
16969,KILLED,40
16970,KILLED,40
16971,KILLED,40
16972,KILLED,40
16973,SURVIVED
16974,KILLED,40
16975,KILLED,40,150
16976,SURVIVED
16977,SURVIVED
16978,SURVIVED
16979,KILLED,40
16980,KILLED,40
16981,KILLED,40
16982,KILLED,40
16983,KILLED,40
16984,KILLED,40,150
16985,KILLED,40
16986,KILLED,40
16987,KILLED,40
16988,KILLED,40
16989,NO_COVERAGE
16990,NO_COVERAGE
16991,NO_COVERAGE
16992,NO_COVERAGE
16993,NO_COVERAGE
16994,KILLED,40
16995,SURVIVED
16996,SURVIVED
16997,SURVIVED
16998,SURVIVED
16999,KILLED,40
17000,KILLED,40
17001,KILLED,40
17002,SURVIVED
17003,SURVIVED
17004,KILLED,40
17005,KILLED,40
17006,KILLED,40
17007,KILLED,40
17008,KILLED,40
17009,KILLED,40
17010,KILLED,40
17011,KILLED,40
17012,SURVIVED
17013,KILLED,40,150
17014,KILLED,40
17015,KILLED,40
17016,KILLED,40
17017,NO_COVERAGE
17018,SURVIVED
17019,SURVIVED
17020,SURVIVED
17021,NO_COVERAGE
17022,KILLED,40,217,215,7,3,10,14,1,11,12,8,2,5
17023,NO_COVERAGE
17024,NO_COVERAGE
17025,KILLED,40,217,215,7,3,10,14,1,11,12,8,2,5
17026,SURVIVED
17027,SURVIVED
17028,SURVIVED
17029,SURVIVED
17030,KILLED,133,129,132
17031,SURVIVED
17032,KILLED,133,135,130,131,129,132,128
17033,SURVIVED
17034,SURVIVED
17035,SURVIVED
17036,SURVIVED
17037,SURVIVED
17038,SURVIVED
17039,SURVIVED
17040,SURVIVED
17041,SURVIVED
17042,SURVIVED
17043,SURVIVED
17044,SURVIVED
17045,SURVIVED
17046,SURVIVED
17047,KILLED,133,129,132
17048,SURVIVED
17049,KILLED,133,135,130,131,129,132,128
17050,SURVIVED
17051,KILLED,133,135,130,131,129,132,128
17052,SURVIVED
17053,SURVIVED
17054,SURVIVED
17055,KILLED,133,135,130,131,129,132,128
17056,SURVIVED
17057,SURVIVED
17058,KILLED,133,135,130,131,129,132,128
17059,SURVIVED
17060,KILLED,133,135,130,131,129,132,128
17061,SURVIVED
17062,KILLED,133,135,130,131,129,132,128
17063,SURVIVED
17064,KILLED,133,129,132
17065,SURVIVED
17066,KILLED,133,135,130,131,129,132,128
17067,SURVIVED
17068,SURVIVED
17069,SURVIVED
17070,SURVIVED
17071,SURVIVED
17072,SURVIVED
17073,SURVIVED
17074,SURVIVED
17075,KILLED,133,129,132
17076,SURVIVED
17077,KILLED,133,135,130,131,129,132,128
17078,NO_COVERAGE
17079,NO_COVERAGE
17080,NO_COVERAGE
17081,NO_COVERAGE
17082,NO_COVERAGE
17083,NO_COVERAGE
17084,NO_COVERAGE
17085,NO_COVERAGE
17086,NO_COVERAGE
17087,NO_COVERAGE
17088,NO_COVERAGE
17089,NO_COVERAGE
17090,NO_COVERAGE
17091,NO_COVERAGE
17092,NO_COVERAGE
17093,NO_COVERAGE
17094,NO_COVERAGE
17095,NO_COVERAGE
17096,NO_COVERAGE
17097,NO_COVERAGE
17098,NO_COVERAGE
17099,NO_COVERAGE
17100,NO_COVERAGE
17101,NO_COVERAGE
17102,NO_COVERAGE
17103,NO_COVERAGE
17104,NO_COVERAGE
17105,NO_COVERAGE
17106,NO_COVERAGE
17107,NO_COVERAGE
17108,NO_COVERAGE
17109,NO_COVERAGE
17110,NO_COVERAGE
17111,NO_COVERAGE
17112,NO_COVERAGE
17113,NO_COVERAGE
17114,NO_COVERAGE
17115,NO_COVERAGE
17116,NO_COVERAGE
17117,NO_COVERAGE
17118,NO_COVERAGE
17119,NO_COVERAGE
17120,NO_COVERAGE
17121,NO_COVERAGE
17122,NO_COVERAGE
17123,NO_COVERAGE
17124,NO_COVERAGE
17125,NO_COVERAGE
17126,NO_COVERAGE
17127,NO_COVERAGE
17128,NO_COVERAGE
17129,NO_COVERAGE
17130,NO_COVERAGE
17131,NO_COVERAGE
17132,NO_COVERAGE
17133,NO_COVERAGE
17134,KILLED,133,135,130,131,129,132,128
17135,NO_COVERAGE
17136,NO_COVERAGE
17137,NO_COVERAGE
17138,NO_COVERAGE
17139,NO_COVERAGE
17140,NO_COVERAGE
17141,NO_COVERAGE
17142,NO_COVERAGE
17143,NO_COVERAGE
17144,NO_COVERAGE
17145,NO_COVERAGE
17146,NO_COVERAGE
17147,NO_COVERAGE
17148,NO_COVERAGE
17149,NO_COVERAGE
17150,NO_COVERAGE
17151,NO_COVERAGE
17152,NO_COVERAGE
17153,NO_COVERAGE
17154,NO_COVERAGE
17155,NO_COVERAGE
17156,NO_COVERAGE
17157,NO_COVERAGE
17158,NO_COVERAGE
17159,NO_COVERAGE
17160,NO_COVERAGE
17161,NO_COVERAGE
17162,NO_COVERAGE
17163,KILLED,133,129,132
17164,KILLED,133,129,132
17165,KILLED,133,129,132
17166,KILLED,135,130,131,128
17167,KILLED,133,129,132
17168,KILLED,133,135,130,131,129,132,128
17169,KILLED,133,129,132
17170,KILLED,135,130,131,128
17171,KILLED,133,135,130,131,129,132,128
17172,NO_COVERAGE
17173,NO_COVERAGE
17174,NO_COVERAGE
17175,NO_COVERAGE
17176,NO_COVERAGE
17177,NO_COVERAGE
17178,NO_COVERAGE
17179,NO_COVERAGE
17180,NO_COVERAGE
17181,NO_COVERAGE
17182,NO_COVERAGE
17183,NO_COVERAGE
17184,NO_COVERAGE
17185,NO_COVERAGE
17186,NO_COVERAGE
17187,NO_COVERAGE
17188,NO_COVERAGE
17189,NO_COVERAGE
17190,NO_COVERAGE
17191,NO_COVERAGE
17192,NO_COVERAGE
17193,NO_COVERAGE
17194,NO_COVERAGE
17195,NO_COVERAGE
17196,NO_COVERAGE
17197,NO_COVERAGE
17198,NO_COVERAGE
17199,NO_COVERAGE
17200,NO_COVERAGE
17201,NO_COVERAGE
17202,NO_COVERAGE
17203,NO_COVERAGE
17204,NO_COVERAGE
17205,NO_COVERAGE
17206,NO_COVERAGE
17207,NO_COVERAGE
17208,NO_COVERAGE
17209,NO_COVERAGE
17210,NO_COVERAGE
17211,NO_COVERAGE
17212,NO_COVERAGE
17213,NO_COVERAGE
17214,NO_COVERAGE
17215,NO_COVERAGE
17216,NO_COVERAGE
17217,NO_COVERAGE
17218,NO_COVERAGE
17219,NO_COVERAGE
17220,NO_COVERAGE
17221,KILLED,165,166,124,123,125,126,95,93,122,92
17222,SURVIVED
17223,SURVIVED
17224,SURVIVED
17225,KILLED,164,165
17226,SURVIVED
17227,SURVIVED
17228,SURVIVED
17229,KILLED,164,165,124,123,125,126,95,93,122,92
17230,SURVIVED
17231,KILLED,165,166,124,123,125,126,95,93,122,92
17232,SURVIVED
17233,NO_COVERAGE
17234,KILLED,163
17235,KILLED,163
17236,SURVIVED
17237,KILLED,123,122
17238,KILLED,123,122
17239,KILLED,123,122
17240,KILLED,123,122
17241,KILLED,165,166
17242,KILLED,124,123,125,126,95,93,122,92
17243,KILLED,163,164,165,166,124,123,125,126,95,93,122,92
17244,KILLED,165,124,123,125,126,95,93,122,92
17245,KILLED,165,124,123,125,126,95,93,122,92
17246,KILLED,165,124,125,126
17247,KILLED,165,124,123,125,126,95,93,122,92
17248,KILLED,165,124,123,125,126,95,93,122,92
17249,KILLED,165
17250,KILLED,165,124,123,125,126,95,93,122,92
17251,KILLED,165,124,123,125,126,95,93,122,92
17252,KILLED,165
17253,KILLED,165,124,123,125,126,95,93,122,92
17254,KILLED,165,124,123,125,126,95,93,122,92
17255,KILLED,165,124,123,125,126,95,93,122,92
17256,KILLED,165,124,123,125,126,95,93,122,92
17257,KILLED,165,124,123,125,126,95,93,122,92
17258,KILLED,165,124,123,125,126,95,93,122,92
17259,KILLED,165,124,123,125,126,95,93,122,92
17260,KILLED,165,124,123,125,126,95,93,122,92
17261,KILLED,165,124,125,126
17262,KILLED,165,124,123,125,126,95,93,122,92
17263,KILLED,165,124,123,125,126,95,93,122,92
17264,KILLED,165,124,123,125,126,95,93,122,92
17265,KILLED,165,124,123,125,126,95,93,122,92
17266,KILLED,165,124,123,125,126,95,93,122,92
17267,KILLED,165,124,123,125,126,95,93,122,92
17268,KILLED,165,124,123,125,126,95,93,122,92
17269,KILLED,165,124,125,126
17270,KILLED,165,124,123,125,126,95,93,122,92
17271,KILLED,165,124,123,125,126,95,93,122,92
17272,KILLED,165,124,123,125,126,95,93,122,92
17273,KILLED,165,124,123,125,126,95,93,122,92
17274,KILLED,165
17275,KILLED,165,124,123,125,126,95,93,122,92
17276,KILLED,165
17277,KILLED,165,124,123,125,126,95,93,122,92
17278,KILLED,165,124,125,126
17279,KILLED,165,124,123,125,126,95,93,122,92
17280,KILLED,165,124,123,125,126,122
17281,KILLED,165,124,125,126
17282,KILLED,165
17283,KILLED,165
17284,KILLED,165
17285,KILLED,165
17286,KILLED,165,123,122
17287,KILLED,165,124,125,126
17288,KILLED,165,124,125,126
17289,KILLED,165,124,125,126
17290,KILLED,165,166,124,123,125,126,95,93,122,92
17291,KILLED,165,166
17292,KILLED,165,166
17293,KILLED,165,166,124,123,125,126,95,93,122,92
17294,KILLED,165,166,124,123,125,126,95,93,122,92
17295,KILLED,165,166,124,123,125,126,95,93,122,92
17296,KILLED,164,165,166,124,125,126
17297,SURVIVED
17298,SURVIVED
17299,SURVIVED
17300,KILLED,164,165,166,124,125,126
17301,KILLED,164,165,166,124,125,126
17302,KILLED,164,165,166,124,125,126
17303,KILLED,164,165,166,124,125,126
17304,KILLED,164,165,166
17305,KILLED,164,165,166
17306,KILLED,164,166,124,125,126
17307,KILLED,164,165,166
17308,KILLED,164,166,124,125,126
17309,KILLED,164,165,166,124,125,126
17310,KILLED,164,165,166
17311,KILLED,164,165,166,124,125,126
17312,KILLED,165,166
17313,KILLED,164,166,124,125,126
17314,KILLED,164,165,166
17315,KILLED,164,165,166
17316,KILLED,164,166,124,125,126
17317,SURVIVED
17318,KILLED,164,166,124,125,126
17319,KILLED,164,166,124,125,126
17320,KILLED,164,165,166
17321,SURVIVED
17322,KILLED,164,165,166
17323,KILLED,164,165,166
17324,KILLED,164,165,166,124,125,126
17325,KILLED,164,165,166,124,125,126
17326,KILLED,163,164,165,166,124,123,125,126,95,93,122,92
17327,KILLED,164,165,166
17328,KILLED,164,165,166
17329,KILLED,164,165,166,124,125,126
17330,KILLED,164,165,166,124,125,126
17331,NO_COVERAGE
17332,KILLED,166,124,125,126
17333,KILLED,166
17334,KILLED,166
17335,KILLED,166
17336,KILLED,166
17337,KILLED,166
17338,KILLED,166,124,125,126
17339,KILLED,166,124,125,126
17340,KILLED,166,124,125,126
17341,KILLED,166
17342,KILLED,166,124,125,126
17343,KILLED,166
17344,KILLED,166
17345,KILLED,166,124,125,126
17346,KILLED,166
17347,KILLED,166
17348,KILLED,166
17349,KILLED,166,124,125,126
17350,KILLED,166
17351,KILLED,166,124,125,126
17352,KILLED,166,124,125,126
17353,KILLED,166,124,125,126
17354,KILLED,166
17355,KILLED,166,124,125,126
17356,KILLED,166
17357,KILLED,166,124,125,126
17358,KILLED,166,124,125,126
17359,KILLED,166,124,125,126
17360,KILLED,166
17361,KILLED,166
17362,KILLED,166
17363,KILLED,166
17364,KILLED,166
17365,KILLED,166
17366,KILLED,166
17367,KILLED,166,124,125,126
17368,KILLED,166
17369,KILLED,166
17370,KILLED,166
17371,KILLED,166
17372,SURVIVED
17373,KILLED,166,124,125,126
17374,KILLED,166,124,125,126
17375,KILLED,166
17376,KILLED,166
17377,KILLED,166,124,125,126
17378,SURVIVED
17379,KILLED,166,124,125,126
17380,KILLED,166
17381,KILLED,166,124,125,126
17382,KILLED,166,124,125,126
17383,KILLED,166
17384,KILLED,166
17385,SURVIVED
17386,KILLED,166
17387,KILLED,164,124,125,126
17388,KILLED,164,124,125,126
17389,KILLED,164,166,124,125,126
17390,KILLED,164,124,125,126
17391,KILLED,165
17392,KILLED,164,165
17393,KILLED,164,165
17394,KILLED,164,165
17395,KILLED,164,165
17396,KILLED,164,165
17397,KILLED,164,165,166,124,125,126
17398,KILLED,164,165,166,124,125,126
17399,KILLED,165
17400,KILLED,74,242,238,241,239,243,240
17401,KILLED,74,242,238,241,239,243,240
17402,SURVIVED
17403,KILLED,74,242,238,241,239,243,240
17404,KILLED,74,242,238,241,239,243,240
17405,KILLED,74,242,238,241,239,243,240
17406,SURVIVED
17407,KILLED,74,242,238,241,239,243,240
17408,KILLED,74,242,238,241,239,243,240
17409,NO_COVERAGE
17410,NO_COVERAGE
17411,KILLED,74,242,238,241,239,243,240
17412,KILLED,74,242,238,241,239,243,240
17413,KILLED,74,242,238,241,239,243,240
17414,KILLED,74,242,238,241,239,243,240
17415,KILLED,74,242,238,241,239,243,240
17416,KILLED,74,242,238,241,239,243,240
17417,KILLED,74,242,238,241,239,243,240
17418,KILLED,74,242,238,241,239,243,240
17419,KILLED,74,242,238,241,239,243,240
17420,KILLED,74,242,238,241,239,243,240
17421,KILLED,74,242,238,241,239,243,240
17422,KILLED,74,242,238,241,239,243,240
17423,KILLED,74,242,238,241,239,243,240
17424,KILLED,74,242,238,241,239,243,240
17425,KILLED,74,242,238,241,239,243,240
17426,NO_COVERAGE
17427,NO_COVERAGE
17428,NO_COVERAGE
17429,NO_COVERAGE
17430,NO_COVERAGE
17431,NO_COVERAGE
17432,KILLED,74,242,238,241,239,243,240
17433,KILLED,74,242,238,241,239,243,240
17434,KILLED,74,242,238,241,239,243,240
17435,SURVIVED
17436,KILLED,74,242,238,241,239,243,240
17437,KILLED,242,238,241,239
17438,KILLED,74,242,238,241,239,243,240
17439,KILLED,74,242,238,241,239,243,240
17440,KILLED,74,242,238,241,239,243,240
17441,KILLED,74,242,238,241,239,243,240
17442,SURVIVED
17443,KILLED,74,242,238,241,239,243,240
17444,KILLED,74,242,238,241,239,243,240
17445,KILLED,74,242,238,241,239,243,240
17446,SURVIVED
17447,NO_COVERAGE
17448,KILLED,74,242,238,241,239,243,240
17449,KILLED,74,242,238,241,239,243,240
17450,KILLED,74,242,238,241,239,243,240
17451,KILLED,74,242,238,241,239,243,240
17452,KILLED,74,242,238,241,239,243,240
17453,KILLED,74,242,238,241,239,243,240
17454,KILLED,74,242,238,241,239,243,240
17455,KILLED,74,242,238,241,239,243,240
17456,TIMED_OUT
17457,KILLED,74,242,238,241,239,243,240
17458,KILLED,74,242,238,241,239,243,240
17459,KILLED,74,242,238,241,239,243,240
17460,SURVIVED
17461,KILLED,74,242,238,241,239,243,240
17462,KILLED,74,242,238,241,239,243,240
17463,SURVIVED
17464,KILLED,74,242,238,241,239,243,240
17465,KILLED,74,242,238,241,239,243,240
17466,KILLED,74,242,238,241,239,243,240
17467,KILLED,74,242,238,241,239,243,240
17468,KILLED,74,242,238,241,239,243,240
17469,SURVIVED
17470,KILLED,74,242,238,241,239,243,240
17471,SURVIVED
17472,KILLED,74,242,238,241,239,243,240
17473,KILLED,243,240
17474,KILLED,243,240
17475,SURVIVED
17476,KILLED,74,242,238,241,239,243,240
17477,KILLED,74,242,238,241,239,243,240
17478,KILLED,74,242,238,241,239,243,240
17479,KILLED,74,242,238,241,239,243,240
17480,KILLED,74,242,238,241,239,243,240
17481,KILLED,74,242,238,241,239,243,240
17482,KILLED,74,242,238,241,239,243,240
17483,KILLED,74,242,238,241,239,243,240
17484,KILLED,74,242,238,241,239,243,240
17485,KILLED,74,242,238,241,239,243,240
17486,KILLED,74,242,238,241,239,243,240
17487,KILLED,74,242,238,241,239,243,240
17488,KILLED,74,242,238,241,239,243,240
17489,KILLED,74,242,238,241,239,243,240
17490,KILLED,74,242,238,241,239,243,240
17491,KILLED,74,242,238,241,239,243,240
17492,KILLED,74,242,238,241,239,243,240
17493,KILLED,74,242,238,241,239,243,240
17494,KILLED,74,242,238,241,239,243,240
17495,KILLED,74,242,238,241,239,243,240
17496,SURVIVED
17497,KILLED,74,242,238,241,239,243,240
17498,KILLED,74,242,238,241,239,243,240
17499,KILLED,74,242,238,241,239,243,240
17500,KILLED,74,242,238,241,239,243,240
17501,KILLED,74,242,238,241,239,243,240
17502,KILLED,74,242,238,241,239,243,240
17503,KILLED,74,242,238,241,239,243,240
17504,KILLED,74,242,238,241,239,243,240
17505,KILLED,74,242,238,241,239,243,240
17506,KILLED,74,242,238,241,239,243,240
17507,SURVIVED
17508,KILLED,74,242,238,241,239,243,240
17509,KILLED,74,242,238,241,239,243,240
17510,KILLED,74,242,238,241,239,243,240
17511,KILLED,74,242,238,241,239,243,240
17512,SURVIVED
17513,KILLED,74,242,238,241,239,243,240
17514,KILLED,74,242,238,241,239,243,240
17515,SURVIVED
17516,KILLED,74,242,238,241,239,243,240
17517,KILLED,74,242,238,241,239,243,240
17518,KILLED,74,242,238,241,239,243,240
17519,KILLED,74,242,238,241,239,243,240
17520,KILLED,74,242,238,241,239,243,240
17521,KILLED,74,242,238,241,239,243,240
17522,KILLED,74,242,238,241,239,243,240
17523,KILLED,74,242,238,241,239,243,240
17524,TIMED_OUT
17525,KILLED,74,242,238,241,239,243,240
17526,KILLED,74,242,238,241,239,243,240
17527,KILLED,74,242,238,241,239,243,240
17528,SURVIVED
17529,KILLED,74,242,238,241,239,243,240
17530,KILLED,74,242,238,241,239,243,240
17531,KILLED,74,242,238,241,239,243,240
17532,KILLED,74,242,238,241,239,243,240
17533,KILLED,74,242,238,241,239,243,240
17534,KILLED,74,242,238,241,239,243,240
17535,TIMED_OUT
17536,KILLED,74,242,238,241,239,243,240
17537,TIMED_OUT
17538,TIMED_OUT
17539,TIMED_OUT
17540,KILLED,74,242,238,241,239,243,240
17541,NO_COVERAGE
17542,NO_COVERAGE
17543,KILLED,74,242,238,241,239,243,240
17544,KILLED,74,242,238,241,239,243,240
17545,KILLED,238,241,240
17546,KILLED,74,242,238,241,239,243,240
17547,KILLED,74,242,238,241,239,243,240
17548,KILLED,74,242,238,241,239,243,240
17549,KILLED,74,242,238,241,239,243,240
17550,KILLED,74,242,238,241,239,243,240
17551,KILLED,74,242,238,241,239,243,240
17552,KILLED,74,242,238,241,239,243,240
17553,KILLED,74,242,238,241,239,243,240
17554,KILLED,74,242,238,241,239,243,240
17555,KILLED,74,242,238,241,239,243,240
17556,KILLED,74,242,238,241,239,243,240
17557,NO_COVERAGE
17558,NO_COVERAGE
17559,NO_COVERAGE
17560,NO_COVERAGE
17561,NO_COVERAGE
17562,NO_COVERAGE
17563,TIMED_OUT
17564,KILLED,74,242,238,241,239,243,240
17565,KILLED,74,242,238,241,239,243,240
17566,KILLED,74,242,238,241,239,243,240
17567,KILLED,74,242,238,241,239,243,240
17568,SURVIVED
17569,KILLED,238,241,240
17570,KILLED,74,242,238,241,239,243,240
17571,SURVIVED
17572,KILLED,79,81,170,172,171,82
17573,KILLED,79,81,170,172,171,82
17574,KILLED,79,81,170,172,171,82
17575,KILLED,79,81,170,172,171,82
17576,KILLED,79,81,170,172,171,82
17577,KILLED,79,81,170,172,171,82
17578,KILLED,79,81,170,172,171,82
17579,NO_COVERAGE
17580,NO_COVERAGE
17581,NO_COVERAGE
17582,NO_COVERAGE
17583,NO_COVERAGE
17584,NO_COVERAGE
17585,NO_COVERAGE
17586,NO_COVERAGE
17587,NO_COVERAGE
17588,SURVIVED
17589,KILLED,79,170,172,171,82
17590,KILLED,79,170,172,171,82
17591,NO_COVERAGE
17592,NO_COVERAGE
17593,NO_COVERAGE
17594,KILLED,79,81,82
17595,KILLED,79,81,82
17596,KILLED,79,81,82
17597,SURVIVED
17598,KILLED,170,172,171,82
17599,KILLED,79,170,172,171,82
17600,KILLED,79,170,172,171,82
17601,KILLED,79,170,172,171,82
17602,KILLED,79,170,172,171,82
17603,KILLED,79,170,172,171,82
17604,KILLED,79,170,172,171,82
17605,KILLED,79,170,172,171,82
17606,KILLED,79,170,172,171,82
17607,KILLED,79,170,172,171,82
17608,KILLED,79,170,172,171,82
17609,KILLED,79,170,172,171,82
17610,KILLED,79,170,172,171,82
17611,KILLED,79,170,172,171,82
17612,KILLED,79,170,172,171,82
17613,KILLED,79,170,172,171,82
17614,KILLED,79,170,172,171,82
17615,KILLED,79,170,172,171,82
17616,KILLED,79,170,172,171,82
17617,KILLED,79,170,172,171,82
17618,KILLED,79,170,172,171,82
17619,KILLED,79,170,172,171,82
17620,KILLED,79,170,172,171,82
17621,KILLED,79,170,172,171,82
17622,KILLED,79,170,172,171,82
17623,KILLED,79,170,172,171,82
17624,KILLED,79,170,172,171,82
17625,KILLED,79,170,172,171,82
17626,NO_COVERAGE
17627,NO_COVERAGE
17628,NO_COVERAGE
17629,NO_COVERAGE
17630,NO_COVERAGE
17631,NO_COVERAGE
17632,NO_COVERAGE
17633,NO_COVERAGE
17634,NO_COVERAGE
17635,KILLED,79,82
17636,KILLED,79,82
17637,KILLED,79,82
17638,KILLED,79,81,82
17639,KILLED,79,81,82
17640,KILLED,79,81,82
17641,KILLED,79,81,82
17642,KILLED,79,81,82
17643,KILLED,79,81,82
17644,KILLED,79,81,82
17645,KILLED,79,81,82
17646,KILLED,79,81,82
17647,SURVIVED
17648,KILLED,79,170,172,171,82
17649,KILLED,79,170,172,171,82
17650,KILLED,79,170,172,171,82
17651,KILLED,79,170,172,171,82
17652,KILLED,79,170,172,171,82
17653,KILLED,79,170,172,171,82
17654,KILLED,79,170,172,171,82
17655,KILLED,79,170,172,171,82
17656,KILLED,79,170,172,171,82
17657,KILLED,79,170,172,171,82
17658,KILLED,79,170,172,171,82
17659,KILLED,79,170,172,171,82
17660,KILLED,79,170,172,171,82
17661,KILLED,79,170,172,171,82
17662,KILLED,79,170,172,171,82
17663,KILLED,79,170,172,171,82
17664,KILLED,79,170,172,171,82
17665,KILLED,79,170,172,171,82
17666,KILLED,79,170,172,171,82
17667,KILLED,79,170,172,171,82
17668,KILLED,79,170,172,171,82
17669,KILLED,79,170,172,171,82
17670,KILLED,79,170,172,171,82
17671,KILLED,79,170,172,171,82
17672,KILLED,79,170,172,171,82
17673,KILLED,79,170,172,171,82
17674,KILLED,79,170,172,171,82
17675,KILLED,79,170,172,171,82
17676,KILLED,79,170,172,171,82
17677,KILLED,79,170,172,171,82
17678,KILLED,79,170,172,171,82
17679,KILLED,79,170,172,171,82
17680,KILLED,79,170,172,171,82
17681,KILLED,79,170,172,171,82
17682,KILLED,79,170,172,171,82
17683,KILLED,79,170,172,171,82
17684,KILLED,79,170,172,171,82
17685,NO_COVERAGE
17686,NO_COVERAGE
17687,NO_COVERAGE
17688,NO_COVERAGE
17689,NO_COVERAGE
17690,NO_COVERAGE
17691,NO_COVERAGE
17692,NO_COVERAGE
17693,NO_COVERAGE
17694,NO_COVERAGE
17695,NO_COVERAGE
17696,NO_COVERAGE
17697,NO_COVERAGE
17698,NO_COVERAGE
17699,NO_COVERAGE
17700,KILLED,79,82
17701,KILLED,79,82
17702,KILLED,79,81,82
17703,KILLED,79,81,82
17704,KILLED,79,82
17705,KILLED,79,81,82
17706,KILLED,79,81,82
17707,KILLED,79,81,82
17708,KILLED,79,81,82
17709,KILLED,79,81,82
17710,KILLED,79,81,82
17711,KILLED,79,81,82
17712,KILLED,79,81,82
17713,KILLED,79,81,82
17714,KILLED,79,81,82
17715,KILLED,79,81,82
17716,KILLED,79,81,82
17717,KILLED,79,81,82
17718,KILLED,79,81,82
17719,KILLED,79,81,82
17720,KILLED,79,81,170,172,171,82
17721,KILLED,79,170,172,171,82
17722,KILLED,79,81,170,172,171,82
17723,KILLED,79,81,170,172,171,82
17724,KILLED,79,170,172,171,82
17725,KILLED,79,170,172,171,82
17726,NO_COVERAGE
17727,NO_COVERAGE
17728,NO_COVERAGE
17729,KILLED,79,82
17730,KILLED,79,81,82
17731,KILLED,79,81,82
17732,SURVIVED
17733,KILLED,81
17734,KILLED,79
17735,KILLED,81
17736,KILLED,79,82
17737,SURVIVED
17738,SURVIVED
17739,SURVIVED
17740,KILLED,79,81,170,172,171,82
17741,KILLED,271,296,412
17742,SURVIVED
17743,NO_COVERAGE
17744,NO_COVERAGE
17745,KILLED,390
17746,KILLED,390
17747,KILLED,390
17748,KILLED,170
17749,KILLED,120
17750,KILLED,390
17751,NO_COVERAGE
17752,KILLED,390
17753,SURVIVED
17754,KILLED,120,170,390
17755,KILLED,120,170,390
17756,KILLED,120,170,390
17757,KILLED,120,170,390
17758,KILLED,120,170,390
17759,KILLED,120,170,390
17760,KILLED,120,390
17761,KILLED,390
17762,KILLED,390
17763,KILLED,120,170,390
17764,KILLED,120,170,390
17765,KILLED,390
17766,KILLED,390
17767,KILLED,390
17768,KILLED,170
17769,KILLED,120
17770,KILLED,390
17771,KILLED,390
17772,SURVIVED
17773,SURVIVED
17774,KILLED,390
17775,KILLED,390
17776,KILLED,390
17777,KILLED,170
17778,KILLED,120
17779,KILLED,390
17780,KILLED,390
17781,KILLED,120,170,390
17782,KILLED,120,170,390
17783,KILLED,120,170,390
17784,KILLED,120,170,390
17785,KILLED,120,170,390
17786,KILLED,120,390
17787,KILLED,390
17788,SURVIVED
17789,SURVIVED
17790,KILLED,390
17791,KILLED,390
17792,KILLED,390
17793,KILLED,170
17794,KILLED,120
17795,KILLED,390
17796,KILLED,120,170,390
17797,KILLED,120,170,390
17798,NO_COVERAGE
17799,KILLED,273,266,271
17800,KILLED,412,410,411
17801,KILLED,298,296
17802,NO_COVERAGE
17803,NO_COVERAGE
17804,NO_COVERAGE
17805,KILLED,172
17806,KILLED,118
17807,KILLED,77
17808,NO_COVERAGE
17809,NO_COVERAGE
17810,NO_COVERAGE
17811,KILLED,273,266,298,271,296,118,412,172,410,77,411
17812,KILLED,273,266,298,271,296,118,412,172,410,77,411
17813,KILLED,273,266,298,271,296,118,412,172,410,77,411
17814,KILLED,298,296,118,412,172,410,77,411
17815,KILLED,298,296,118,172,77
17816,KILLED,118,172,77
17817,KILLED,118,172,77
17818,KILLED,118,172,77
17819,KILLED,118,172,77
17820,KILLED,118,77
17821,KILLED,77
17822,KILLED,273,266,271
17823,KILLED,412,410,411
17824,KILLED,298,296
17825,SURVIVED
17826,SURVIVED
17827,SURVIVED
17828,KILLED,172
17829,KILLED,118
17830,KILLED,77
17831,NO_COVERAGE
17832,NO_COVERAGE
17833,NO_COVERAGE
17834,NO_COVERAGE
17835,KILLED,273,266,298,271,296,118,412,172,410,77,411
17836,SURVIVED
17837,KILLED,273,266,271
17838,KILLED,412,410,411
17839,KILLED,298,296
17840,SURVIVED
17841,SURVIVED
17842,SURVIVED
17843,KILLED,172
17844,KILLED,118
17845,KILLED,77
17846,SURVIVED
17847,KILLED,273,266,298,271,296,118,412,172,410,77,411
17848,KILLED,298,296,118,412,172,410,77,411
17849,KILLED,298,296,118,172,77
17850,KILLED,118,172,77
17851,KILLED,118,172,77
17852,KILLED,118,172,77
17853,KILLED,118,172,77
17854,KILLED,118,77
17855,KILLED,77
17856,SURVIVED
17857,KILLED,273,266,271
17858,KILLED,412,410,411
17859,KILLED,298,296
17860,NO_COVERAGE
17861,NO_COVERAGE
17862,NO_COVERAGE
17863,KILLED,172
17864,KILLED,118
17865,KILLED,77
17866,NO_COVERAGE
17867,KILLED,267
17868,KILLED,411
17869,KILLED,295
17870,NO_COVERAGE
17871,KILLED,78
17872,NO_COVERAGE
17873,NO_COVERAGE
17874,NO_COVERAGE
17875,KILLED,78,267,295,411
17876,KILLED,78,267,295,411
17877,KILLED,267,411
17878,KILLED,411
17879,KILLED,295
17880,SURVIVED
17881,KILLED,78
17882,KILLED,267
17883,KILLED,411
17884,KILLED,295
17885,SURVIVED
17886,KILLED,78
17887,NO_COVERAGE
17888,NO_COVERAGE
17889,NO_COVERAGE
17890,NO_COVERAGE
17891,KILLED,78,267,295,411
17892,SURVIVED
17893,KILLED,267
17894,KILLED,411
17895,KILLED,295
17896,SURVIVED
17897,KILLED,78
17898,SURVIVED
17899,KILLED,78,267,295,411
17900,KILLED,411
17901,SURVIVED
17902,SURVIVED
17903,SURVIVED
17904,SURVIVED
17905,KILLED,267
17906,KILLED,411
17907,KILLED,295
17908,NO_COVERAGE
17909,KILLED,78
17910,NO_COVERAGE
17911,KILLED,372,370,363,374,378,362,387,383,385,373,379,380,369,375,365,367,382,384,388,386,377,381,364,368
17912,KILLED,372,370,363,374,378,362,387,383,385,373,379,380,369,375,365,367,382,384,388,386,377,381,364,368
17913,KILLED,372,370,363,374,378,362,387,383,385,373,379,380,369,375,377
17914,KILLED,372,370,363,374,378,362,387,383,385,373,379,380,369,375,365,367,382,384,388,386,377,381,364,368
17915,KILLED,372,370,363,374,378,362,387,383,385,373,379,380,369,375,365,367,382,384,388,386,377,381,364,368
17916,KILLED,374,378,385,373,379,369,375,382,386
17917,SURVIVED
17918,NO_COVERAGE
17919,SURVIVED
17920,NO_COVERAGE
17921,KILLED,372,370,374,378,362,387,383,385,373,379,380,369,375,382,384,388,386,377,381,364,368
17922,SURVIVED
17923,SURVIVED
17924,KILLED,379
17925,KILLED,372,370,362,387,383,380,382,384,386,377
17926,KILLED,362
17927,KILLED,374,378,385,373,379,369,375,382,386
17928,KILLED,372,370,374,378,362,387,383,385,373,379,380,369,375,382,384,386,377
17929,SURVIVED
17930,KILLED,372,370,374,378,362,387,383,385,373,379,380,369,375,382,384,386,377,368
17931,SURVIVED
17932,KILLED,372,370,374,378,362,387,383,385,373,379,380,369,375,382,384,386,377,368
17933,SURVIVED
17934,SURVIVED
17935,SURVIVED
17936,KILLED,374,378,385,373,379,369,375,382,386
17937,KILLED,374,378,385,373,379,369,375,382,386
17938,KILLED,374,378,385,373,379,369,375,382,386
17939,SURVIVED
17940,SURVIVED
17941,SURVIVED
17942,SURVIVED
17943,SURVIVED
17944,SURVIVED
17945,SURVIVED
17946,SURVIVED
17947,KILLED,372,370,374,378,362,387,383,385,373,379,380,369,375,382,384,386,377,368
17948,KILLED,379
17949,KILLED,372,370,362,387,383,380,382,384,386,377
17950,KILLED,362
17951,KILLED,374,378,385,373,379,369,375,382,386
17952,NO_COVERAGE
17953,NO_COVERAGE
17954,KILLED,372,370,374,378,362,387,383,385,373,379,380,369,375,382,384,388,386,377,381,364,368
17955,KILLED,372,370,363,374,378,362,387,383,385,373,379,380,369,375,365,367,382,384,388,386,377,381,368
17956,KILLED,372,370,363,374,378,362,387,383,385,373,379,380,369,375,365,367,382,384,388,386,377,381,368
17957,KILLED,369,381,368
17958,KILLED,364
17959,KILLED,364
17960,SURVIVED
17961,KILLED,372,370,363,374,378,362,387,383,385,373,379,380,369,375,365,367,382,384,388,386,377,381,364,368
17962,KILLED,372,370,363,374,378,362,387,383,385,373,379,380,369,375,365,367,382,384,388,386,377,381,364,368
17963,KILLED,374,378,385,373,379,369,375,382,386
17964,KILLED,370,363,387,385,369,365,367,388,386,377,381,364
17965,KILLED,372,370,374,378,362,387,383,385,373,379,380,369,375,382,384,388,386,377,381,364,368
17966,SURVIVED
17967,KILLED,372,370,363,387,383,380,367,382,384,388,386,364
17968,KILLED,369
17969,SURVIVED
17970,SURVIVED
17971,KILLED,370,363,387,385,369,365,367,388,386,377,381,364
17972,KILLED,372,370,363,374,378,362,387,383,385,373,379,380,369,375,365,367,382,384,388,386,377,381,364
17973,KILLED,370,363,387,385,369,365,367,388,386,377,381,364,368
17974,KILLED,372,370,374,378,362,387,383,385,373,379,380,369,375,365,382,384,388,386,377,381,364,368
17975,KILLED,369,381
17976,KILLED,379,369
17977,SURVIVED
17978,KILLED,372,370,362,387,383,380,382,384,388,386,377,364
17979,KILLED,369
17980,KILLED,369
17981,KILLED,374,378,385,373,379,369,375,382,386
17982,KILLED,372,370,363,374,378,362,387,383,385,373,379,380,369,375,367,382,384,388,386,377,381,364,368
17983,KILLED,372,370,374,378,362,387,383,385,373,379,380,369,375,382,384,388,386,377,381,364,368
17984,KILLED,372,370,374,378,362,387,383,385,373,379,380,369,375,382,384,388,386,377,381,364,368
17985,KILLED,372,370,363,387,383,380,365,367,384,388,377,381,364
17986,SURVIVED
17987,SURVIVED
17988,KILLED,368
17989,KILLED,372,370,363,374,378,362,387,383,385,373,379,380,369,375,365,367,382,384,388,386,377,381,364,368
17990,KILLED,370,363,387,385,369,365,367,388,386,377,381,364
17991,KILLED,372,370,363,374,378,362,387,383,385,373,379,380,369,375,365,367,382,384,388,386,377,381,364,368
17992,KILLED,370,363,387,385,369,365,367,388,386,377,381,364
17993,KILLED,370,363,387,385,369,365,367,388,386,377,381,364
17994,KILLED,370,363,387,385,369,365,367,388,386,377,381,364
17995,KILLED,370,363,387,385,369,365,367,388,386,377,381,364
17996,KILLED,370,363,387,385,369,365,367,388,386,377,381,364
17997,KILLED,369,381
17998,KILLED,372,370,374,378,362,387,383,385,373,379,380,369,375,382,384,388,386,377,381,364,368
17999,KILLED,372,370,363,374,378,362,387,383,385,373,379,380,369,375,367,382,384,388,386,377,381,364,368
18000,KILLED,372,370,363,374,378,362,387,383,385,373,379,380,369,375,367,382,384,388,386,377,381,364,368
18001,KILLED,369
18002,KILLED,372,370,363,374,378,362,387,383,385,373,379,380,369,375,367,382,384,388,386,377,364,368
18003,KILLED,369
18004,KILLED,369
18005,SURVIVED
18006,SURVIVED
18007,KILLED,369
18008,KILLED,374,378,385,373,379,369,375,382,386
18009,KILLED,374,378,385,373,379,369,375,382,386
18010,KILLED,374,378,385,373,379,369,375,382,386
18011,KILLED,369
18012,SURVIVED
18013,KILLED,381
18014,KILLED,381
18015,KILLED,372,370,374,378,362,387,383,385,373,379,380,369,375,382,384,388,386,377,381,364,368
18016,KILLED,369,368
18017,KILLED,372,370,363,374,378,362,387,383,385,373,379,380,369,375,365,367,382,384,388,386,377,381,364,368
18018,SURVIVED
18019,KILLED,374,378,362,385,373,379,369,375,382,386,368
18020,SURVIVED
18021,SURVIVED
18022,KILLED,368
18023,KILLED,368
18024,KILLED,368
18025,NO_COVERAGE
18026,NO_COVERAGE
18027,NO_COVERAGE
18028,NO_COVERAGE
18029,KILLED,370,363,387,385,369,365,367,388,386,377,381,364
18030,KILLED,370,363,387,385,369,365,367,388,386,377,381,364
18031,KILLED,370,363,387,385,369,365,367,388,386,377,381,364
18032,KILLED,372,370,374,378,362,387,383,385,373,379,380,369,375,382,384,388,386,377,381,364,368
18033,KILLED,369
18034,SURVIVED
18035,SURVIVED
18036,SURVIVED
18037,KILLED,369
18038,KILLED,369
18039,KILLED,369
18040,KILLED,372,370,374,378,362,387,383,385,373,379,380,369,375,382,384,388,386,377,381,364,368
18041,KILLED,372,370,374,378,362,387,383,385,373,379,380,369,375,382,384,388,386,377,381,364,368
18042,KILLED,372,370,374,378,362,387,383,385,373,379,380,369,375,382,384,388,386,377,381,364,368
18043,SURVIVED
18044,SURVIVED
18045,SURVIVED
18046,SURVIVED
18047,KILLED,372,370,363,374,378,362,387,383,385,373,379,380,369,375,365,367,382,384,388,386,377,381,364,368
18048,KILLED,372,370,363,374,378,362,387,383,385,373,379,380,369,375,367,382,384,388,386,377,364
18049,KILLED,368
18050,KILLED,372,370,363,374,378,362,387,383,385,373,379,380,369,375,365,367,382,384,388,386,377,381,364,368
18051,KILLED,372,370,374,378,362,387,383,385,373,379,380,369,375,382,384,388,386,377,381,364,368
18052,KILLED,379,369
18053,SURVIVED
18054,KILLED,372,370,362,387,383,380,382,384,386,377
18055,SURVIVED
18056,SURVIVED
18057,KILLED,374,378,385,373,379,369,375,382,386
18058,KILLED,372,370,363,387,383,380,367,382,384,388,386,364
18059,SURVIVED
18060,KILLED,381
18061,KILLED,372,370,363,374,378,362,387,383,385,373,379,380,369,375,365,367,382,384,388,386,377,381,364,368
18062,SURVIVED
18063,SURVIVED
18064,KILLED,368
18065,KILLED,369,381,368
18066,KILLED,370,363,387,385,369,365,367,388,386,377,381,364
18067,SURVIVED
18068,KILLED,369,381
18069,SURVIVED
18070,SURVIVED
18071,KILLED,369
18072,KILLED,372,370,374,378,362,387,383,385,373,379,380,369,375,382,384,388,386,377,381,364,368
18073,KILLED,369,368
18074,NO_COVERAGE
18075,NO_COVERAGE
18076,NO_COVERAGE
18077,SURVIVED
18078,SURVIVED
18079,SURVIVED
18080,SURVIVED
18081,KILLED,62,5
18082,SURVIVED
18083,SURVIVED
18084,KILLED,62,5
18085,KILLED,62,5
18086,KILLED,62,5
18087,SURVIVED
18088,KILLED,62,5
18089,SURVIVED
18090,KILLED,62,5
18091,SURVIVED
18092,SURVIVED
18093,SURVIVED
18094,KILLED,62,5
18095,SURVIVED
18096,SURVIVED
18097,KILLED,61,62,2,5
18098,KILLED,61,62,2,5
18099,KILLED,61,62,5
18100,KILLED,61,62,5
18101,KILLED,61,62
18102,KILLED,61,62,5
18103,KILLED,61,62
18104,KILLED,61,62,5
18105,KILLED,61,62,5
18106,KILLED,61,62
18107,KILLED,61,62,5
18108,KILLED,61,62
18109,KILLED,61,62,5
18110,KILLED,61,62,2,5
18111,KILLED,61,62,5
18112,KILLED,61,62
18113,TIMED_OUT
18114,KILLED,61,62
18115,SURVIVED
18116,SURVIVED
18117,KILLED,61,62
18118,KILLED,61,62
18119,KILLED,61,62,5
18120,KILLED,61,62
18121,KILLED,61,62
18122,KILLED,61,62,5
18123,KILLED,61,62
18124,KILLED,61,62
18125,KILLED,61,62,5
18126,KILLED,61,62
18127,KILLED,61,62
18128,SURVIVED
18129,KILLED,61,62,5
18130,KILLED,61,62
18131,KILLED,61,62,5
18132,KILLED,61,62,6,4,16,15,17,2,5
18133,KILLED,61,62,6,4,16,15,2,5
18134,KILLED,61,62,6,4,16,15,17,2,5
18135,KILLED,6,4,16,15,2,5
18136,KILLED,61,62,6,4,16,15,2,5
18137,KILLED,61,62,6,4,16,15,2,5
18138,KILLED,61,62,6,4,16,15,2,5
18139,KILLED,61,62,6,4,16,15,17,2,5
18140,KILLED,61,62,6,4,16,15,2,5
18141,TIMED_OUT
18142,KILLED,61,62
18143,KILLED,61,62,6,4,15,5
18144,KILLED,61,62,6,4,16,15,2,5
18145,KILLED,61,62,6,4,16,15,17,2,5
18146,KILLED,61,62,6,4,16,15,17,2,5
18147,KILLED,61,62,6,4,15,2,5
18148,KILLED,61,62,6,4,16,15,2,5
18149,KILLED,61,62,6,4,15,2,5
18150,KILLED,61,62
18151,KILLED,61,62,15,2,5
18152,SURVIVED
18153,KILLED,61,62,15,2,5
18154,SURVIVED
18155,SURVIVED
18156,SURVIVED
18157,KILLED,61,62,15,2,5
18158,KILLED,61,62,15,5
18159,SURVIVED
18160,KILLED,61,62,2,5
18161,SURVIVED
18162,SURVIVED
18163,KILLED,61,62,15,5
18164,SURVIVED
18165,KILLED,61,62,15,2,5
18166,KILLED,61,62
18167,KILLED,61,62,15,2,5
18168,SURVIVED
18169,SURVIVED
18170,KILLED,61,62,15,2,5
18171,KILLED,61,62,15,2,5
18172,KILLED,61,62,15,2,5
18173,TIMED_OUT
18174,SURVIVED
18175,KILLED,61,62
18176,KILLED,61,62,15,2,5
18177,KILLED,61,62,15,2,5
18178,KILLED,61,62,15,2,5
18179,KILLED,61,62,15,2,5
18180,KILLED,61,62
18181,KILLED,61,62,15,2,5
18182,KILLED,61,62,15,2,5
18183,KILLED,61,62
18184,KILLED,61,62,15,2,5
18185,TIMED_OUT
18186,KILLED,61,62,15,2,5
18187,KILLED,61,62
18188,TIMED_OUT
18189,TIMED_OUT
18190,SURVIVED
18191,SURVIVED
18192,KILLED,61,62
18193,SURVIVED
18194,TIMED_OUT
18195,TIMED_OUT
18196,KILLED,61,62,15,2,5
18197,KILLED,61,62,15,2,5
18198,TIMED_OUT
18199,KILLED,61,62,15
18200,KILLED,61,62,15,2,5
18201,KILLED,61,62,15
18202,SURVIVED
18203,KILLED,61,62,5
18204,KILLED,61,62,15
18205,KILLED,61,62,15,2,5
18206,KILLED,61,62,5
18207,KILLED,61,62,2,5
18208,KILLED,61,62,15,5
18209,KILLED,61,62,5
18210,KILLED,61,62,15,5
18211,SURVIVED
18212,KILLED,61,62,15
18213,KILLED,61,62,15
18214,SURVIVED
18215,TIMED_OUT
18216,KILLED,61,62,15
18217,SURVIVED
18218,KILLED,61,62,15
18219,NO_COVERAGE
18220,KILLED,61,62,2,5
18221,NO_COVERAGE
18222,KILLED,61,62
18223,SURVIVED
18224,SURVIVED
18225,KILLED,61,62,15,2,5
18226,KILLED,61,62
18227,KILLED,61,62,15,2,5
18228,KILLED,61,62,15,2,5
18229,KILLED,61,62,15,2,5
18230,KILLED,61,62,15,2,5
18231,KILLED,61,62,15,2,5
18232,KILLED,61,62,15,5
18233,KILLED,61,62,15,5
18234,KILLED,61,62,2,5
18235,KILLED,61,62,15,5
18236,KILLED,61,62,15,2,5
18237,KILLED,61,62,15,2,5
18238,SURVIVED
18239,KILLED,61,62,15,2,5
18240,KILLED,61,62,15,2,5
18241,KILLED,61,62
18242,KILLED,61,62,15,5
18243,KILLED,419,420,415,416
18244,KILLED,419,420,418,416,1
18245,KILLED,419,418,415,90,348,262,259,346,260,286,220,214,146,336,353,179,217,221,215,7,3,10,14,1,365,11,367,12,8,2,382,384,5,388,400,386,377,381,364,351,368,402
18246,KILLED,419,420,418,415
18247,SURVIVED
18248,SURVIVED
18249,SURVIVED
18250,SURVIVED
18251,KILLED,415,353,221,365,367,382,384,388,400,386,377,381,364,351,368,402
18252,KILLED,419,418,146
18253,KILLED,418,146,353,221,365,367,382,384,388,400,386,377,381,364,351,368,402
18254,KILLED,419,415
18255,KILLED,420,416
18256,KILLED,419,418,415,146,353,221,365,367,382,384,388,400,386,377,381,364,351,368,402
18257,SURVIVED
18258,KILLED,419,418,415,146,353,221,365,367,382,384,388,400,386,377,381,364,351,368,402
18259,KILLED,418,415,353,221,365,367,382,384,388,400,386,377,381,364,351,368,402
18260,KILLED,420,418,415,416,353,221,365,367,382,384,388,400,386,377,381,364,351,368,402
18261,KILLED,420,418,415,416,353,221,365,367,382,384,388,400,386,377,381,364,351,368,402
18262,KILLED,419,420,418,415,416,353,221,1,365,367,382,384,388,400,386,377,381,364,351,368,402
18263,KILLED,419,420,418,415,416,1,11,2,5
18264,KILLED,419,420,418,415,416,146,353,221,365,367,382,384,388,400,386,377,381,364,351,368,402
18265,KILLED,419,420,418,415,416
18266,KILLED,419,420,418,415,416,348,262,259,346,260,286,258,220,214,146,336,353,179,217,221,215,7,3,10,14,1,365,11,367,12,8,2,382,384,5,388,400,386,377,381,364,351,368,402
18267,KILLED,415,353,221,365,367,382,384,388,400,386,377,381,364,351,368,402
18268,KILLED,418
18269,KILLED,420,416
18270,KILLED,416
18271,KILLED,419,420,418,416,1
18272,KILLED,419,420,415,416,1,11,2,5
18273,KILLED,419,418,415,146,353,221,365,367,382,384,388,400,386,377,381,364,351,368,402
18274,KILLED,419,420,418,415
18275,KILLED,419,420,418,415,416,348,262,259,346,260,286,258,220,214,146,336,353,179,217,221,215,7,3,10,14,1,365,11,367,12,8,2,382,384,5,388,400,386,377,381,364,351,368,402
18276,NO_COVERAGE
18277,KILLED,91,376,389
18278,SURVIVED
18279,KILLED,91,376,389
18280,KILLED,91,376,389
18281,KILLED,91,376,389
18282,KILLED,91,376,389
18283,KILLED,91,376,389
18284,SURVIVED
18285,KILLED,91,376,389
18286,KILLED,91,376,389
18287,KILLED,91,376,389
18288,KILLED,91,376,389
18289,KILLED,91,376,389
18290,SURVIVED
18291,SURVIVED
18292,SURVIVED
18293,SURVIVED
18294,NO_COVERAGE
18295,KILLED,91,376,389
18296,KILLED,242,238,241,239,243,240
18297,KILLED,242,238,241,239,243,240
18298,NO_COVERAGE
18299,NO_COVERAGE
18300,NO_COVERAGE
18301,NO_COVERAGE
18302,NO_COVERAGE
18303,NO_COVERAGE
18304,NO_COVERAGE
18305,NO_COVERAGE
18306,NO_COVERAGE
18307,NO_COVERAGE
18308,NO_COVERAGE
18309,NO_COVERAGE
18310,NO_COVERAGE
18311,NO_COVERAGE
18312,NO_COVERAGE
18313,NO_COVERAGE
18314,NO_COVERAGE
18315,NO_COVERAGE
18316,NO_COVERAGE
18317,NO_COVERAGE
18318,NO_COVERAGE
18319,NO_COVERAGE
18320,NO_COVERAGE
18321,NO_COVERAGE
18322,NO_COVERAGE
18323,NO_COVERAGE
18324,NO_COVERAGE
18325,NO_COVERAGE
18326,NO_COVERAGE
18327,NO_COVERAGE
18328,NO_COVERAGE
18329,NO_COVERAGE
18330,KILLED,420,418,417,415,416,6,4,299,300,15,285,242,238,241,353,221,365,367,382,384,388,400,386,377,381,364,351,368,240,402
18331,KILLED,420,418,417,415,416,6,4,218,299,16,300,9,360,216,293,147,145,154,152,13,213,15,357,149,358,285,148,242,17,153,219,332,287,178,238,151,403,401,361,409,220,150,214,405,212,155,146,241,356,336,353,239,179,51,217,52,221,215,243,7,3,359,10,14,1,365,11,367,12,8,2,382,384,5,388,400,386,377,381,364,351,368,240,402
18332,SURVIVED
18333,KILLED,417,415,285,353,221,365,367,382,384,388,400,386,377,381,364,351,368,402
18334,KILLED,417,4,9,360,216,293,357,358,242,361,212,356,239,243,359,1
18335,SURVIVED
18336,KILLED,418,417,6,4,15
18337,KILLED,417,6,4,9,360,154,13,15,1,11,2,5
18338,KILLED,299,300
18339,KILLED,417,416
18340,KILLED,299,300
18341,KILLED,420,417,416,299,300
18342,KILLED,420,417,416,299,300
18343,KILLED,417,416,293,147,152,13,213,357,149,358,285,242,153,219,287,238,403,401,361,409,405,212,146,241,353,239,51,52,221,243,359,365,367,382,384,388,400,386,377,381,364,351,368,240,402
18344,SURVIVED
18345,KILLED,241,239,243,240
18346,KILLED,242,238
18347,SURVIVED
18348,KILLED,241,239,243,240
18349,KILLED,242,238
18350,KILLED,417,4,9,360,216,293,357,358,242,361,212,356,239,243,359,1
18351,KILLED,417,6,4,9,360,154,13,15,1,11,2,5
18352,KILLED,299,300
18353,KILLED,417,416,293,147,152,13,213,357,149,358,285,242,153,219,287,238,403,401,361,409,405,212,146,241,353,239,51,52,221,243,359,365,367,382,384,388,400,386,377,381,364,351,368,240,402
18354,KILLED,242,238
18355,KILLED,242,238
18356,KILLED,417,415,4,9,360,216,293,357,358,285,242,361,212,356,353,239,221,243,359,1,365,367,382,384,388,400,386,377,381,364,351,368,402
18357,KILLED,418,417,6,4,9,360,154,13,15,1,11,2,5
18358,KILLED,417,416,299,300
18359,KILLED,420,417,416,299,300,293,147,152,13,213,357,149,358,285,242,153,219,287,238,403,401,361,409,405,212,146,241,353,239,51,52,221,243,359,365,367,382,384,388,400,386,377,381,364,351,368,240,402
18360,KILLED,242,238,241,239,243,240
18361,KILLED,242,238,241,239,243,240
18362,KILLED,420,418,417,415,416,6,4,299,300,15,285,241,353,239,221,243,365,367,382,384,388,400,386,377,381,364,351,368,240,402
18363,KILLED,417,415,285,353,221,365,367,382,384,388,400,386,377,381,364,351,368,402
18364,KILLED,418,417,6,4,15
18365,KILLED,417,416
18366,KILLED,420,417,416,299,300
18367,KILLED,241,239,243,240
18368,KILLED,241,239,243,240
18369,KILLED,417,4,9,360,216,293,357,358,242,361,212,356,239,243,359,1
18370,KILLED,417,6,4,9,360,154,13,15,1,11,2,5
18371,KILLED,299,300
18372,KILLED,417,416,293,147,152,13,213,357,149,358,285,242,153,219,287,238,403,401,361,409,405,212,146,241,353,239,51,52,221,243,359,365,367,382,384,388,400,386,377,381,364,351,368,240,402
18373,KILLED,242,238
18374,KILLED,242,238
18375,KILLED,420,418,417,415,416,6,4,218,299,16,300,9,360,216,293,147,145,154,152,13,213,15,357,149,358,285,148,242,17,153,219,332,287,178,238,151,403,401,361,409,220,150,214,405,212,155,146,241,356,336,353,239,179,51,217,52,221,215,243,7,3,359,10,14,1,365,11,367,12,8,2,382,384,5,388,400,386,377,381,364,351,368,240,402
18376,KILLED,417,415,285,353,221,365,367,382,384,388,400,386,377,381,364,351,368,402
18377,KILLED,418,417,6,4,15
18378,KILLED,417,416
18379,KILLED,420,416,299,300
18380,KILLED,242,238,241,239,243,240
18381,KILLED,242,238,241,239,243,240
18382,KILLED,417,415,285,353,221,365,367,382,384,388,400,386,377,381,364,351,368,402
18383,KILLED,420,417,416,299,300
18384,KILLED,416
18385,KILLED,416
18386,KILLED,416
18387,SURVIVED
18388,KILLED,416
18389,KILLED,417,416
18390,KILLED,418,417,6,4,15
18391,KILLED,419,417,415,4,9,360,216,293,357,358,285,242,361,212,356,353,239,221,243,359,1,365,367,382,384,388,400,386,377,381,364,351,368,402
18392,KILLED,419,420,417,416,90,299,300,293,147,152,348,262,259,13,346,260,213,357,149,286,358,285,242,153,219,287,238,403,401,361,409,220,214,405,212,146,241,336,353,239,179,51,217,52,221,215,243,7,3,359,10,14,1,365,11,367,12,8,2,382,384,5,388,400,386,377,381,364,351,368,240,402
18393,KILLED,417,416
18394,KILLED,419,417,416,299,300
18395,KILLED,417,416
18396,KILLED,417,416,299,300
18397,KILLED,417,416
18398,KILLED,417,416
18399,KILLED,416
18400,KILLED,299,300
18401,KILLED,419,417,416,299,300
18402,KILLED,419,418,417,6,4,9,360,154,13,15,1,11,2,5
18403,SURVIVED
18404,SURVIVED
18405,KILLED,119,118,120,152,358
18406,KILLED,152,358
18407,KILLED,152,358
18408,KILLED,152,358
18409,SURVIVED
18410,SURVIVED
18411,SURVIVED
18412,TIMED_OUT
18413,SURVIVED
18414,SURVIVED
18415,KILLED,152,358
18416,SURVIVED
18417,KILLED,119,118,120,152,358
18418,SURVIVED
18419,KILLED,119,118,120
18420,NO_COVERAGE
18421,KILLED,119,118,120,152,358
18422,KILLED,119,118,120,152,358
18423,KILLED,119,118,120,152,358
18424,SURVIVED
18425,KILLED,152,358
18426,NO_COVERAGE
18427,KILLED,119,118,120
18428,KILLED,119,118,120,152,358
18429,SURVIVED
18430,NO_COVERAGE
18431,KILLED,119,118,120
18432,SURVIVED
18433,KILLED,119,118,120,152,358
18434,KILLED,152,358
18435,KILLED,119,118,120,152,358
18436,SURVIVED
18437,KILLED,119,118,120,152,358
18438,KILLED,152,358
18439,KILLED,119,118,120,152,358
18440,KILLED,152,358
18441,SURVIVED
18442,KILLED,119,118,120,152,358
18443,KILLED,119,118,120
18444,KILLED,119,118,120,152,358
18445,KILLED,119,118,120,152,358
18446,KILLED,119,118,120,152,358
18447,KILLED,119,118,120,152,358
18448,KILLED,119,118,120,152,358
18449,KILLED,119,118,120,152,358
18450,KILLED,119,118,120,152,358
18451,KILLED,119,118,120,152,358
18452,KILLED,119,118,120,152,358
18453,KILLED,152,358
18454,SURVIVED
18455,KILLED,119,118,120,152,358
18456,KILLED,119,118,120,152,358
18457,SURVIVED
18458,KILLED,119,118,120,152,358
18459,KILLED,119,118,120,152,358
18460,SURVIVED
18461,KILLED,119,118,120,152,358
18462,KILLED,119,118,120,152,358
18463,SURVIVED
18464,KILLED,119,118,120
18465,SURVIVED
18466,KILLED,119,118,120,152,358
18467,KILLED,119,118,120,152,358
18468,KILLED,119,118,120,152,358
18469,KILLED,119,118,120,152,358
18470,KILLED,119,118,120,152,358
18471,KILLED,119,118,120,152,358
18472,KILLED,119,118,120,152,358
18473,KILLED,119,118,120,152,358
18474,KILLED,152,358
18475,TIMED_OUT
18476,NO_COVERAGE
18477,NO_COVERAGE
18478,NO_COVERAGE
18479,NO_COVERAGE
18480,NO_COVERAGE
18481,NO_COVERAGE
18482,NO_COVERAGE
18483,NO_COVERAGE
18484,NO_COVERAGE
18485,NO_COVERAGE
18486,TIMED_OUT
18487,KILLED,152,358
18488,SURVIVED
18489,SURVIVED
18490,TIMED_OUT
18491,SURVIVED
18492,KILLED,119,118,120,152,358
18493,SURVIVED
18494,KILLED,119,118,120,152,358
18495,TIMED_OUT
18496,KILLED,119,118,120,152,358
18497,KILLED,152,358
18498,SURVIVED
18499,TIMED_OUT
18500,KILLED,152,358
18501,TIMED_OUT
18502,TIMED_OUT
18503,KILLED,152,358
18504,SURVIVED
18505,KILLED,119,118,120,152,358
18506,TIMED_OUT
18507,KILLED,152,358
18508,TIMED_OUT
18509,SURVIVED
18510,SURVIVED
18511,SURVIVED
18512,KILLED,119,118,120,152,358
18513,SURVIVED
18514,TIMED_OUT
18515,KILLED,119,118,120,152,358
18516,KILLED,119,118,120,152,358
18517,KILLED,152,358
18518,KILLED,152,358
18519,KILLED,152,358
18520,SURVIVED
18521,KILLED,152,358
18522,TIMED_OUT
18523,KILLED,152,358
18524,TIMED_OUT
18525,KILLED,119,118,120
18526,KILLED,119,118,120
18527,KILLED,119,118,120,152,358
18528,KILLED,119,118,120,152,358
18529,KILLED,119,118,120,152,358
18530,KILLED,152,358
18531,KILLED,152,358
18532,KILLED,152,358
18533,KILLED,119,118,120,152,358
18534,KILLED,119,118,120,152,358
18535,KILLED,119,118,120,152,358
18536,KILLED,119,118,120,152,358
18537,TIMED_OUT
18538,TIMED_OUT
18539,TIMED_OUT
18540,TIMED_OUT
18541,TIMED_OUT
18542,TIMED_OUT
18543,KILLED,152,358
18544,KILLED,152,358
18545,TIMED_OUT
18546,KILLED,152,358
18547,KILLED,152,358
18548,KILLED,152,358
18549,KILLED,119,118,120,152,358
18550,TIMED_OUT
18551,KILLED,119,118,120,152,358
18552,KILLED,152,358
18553,KILLED,152,358
18554,KILLED,119,118,120,152,358
18555,KILLED,152,358
18556,KILLED,280,281
18557,KILLED,280,276,281
18558,KILLED,278,279,277
18559,KILLED,278,279,277,43,33,41,44,35,42,40,147,150,217,215,7,3,10,14,1,11,12,8,2,5
18560,KILLED,278,279,277,43,33,41,44,35,42,40,147,150,217,215,7,3,10,14,1,11,12,8,2,5
18561,KILLED,281
18562,KILLED,281,43,33,41,44,35,42,40
18563,KILLED,281,43,33,41,44,35,42,40
18564,KILLED,281,43,33,41,44,35,42,40
18565,KILLED,281,43,33,41,44,35,42,40
18566,KILLED,281,43,33,41,44,35,42,40
18567,KILLED,281
18568,SURVIVED
18569,KILLED,281,43,33,41,44,35,42,40
18570,KILLED,281
18571,KILLED,281,43,33,41,44,35,42,40
18572,KILLED,280,276,39,43,33,41,44,35,36,42,40,38,37,34,147,150,217,215,7,3,10,14,1,11,12,8,2,5
18573,KILLED,280,276,39,43,33,41,44,35,36,42,40,38,37,34,147,150,217,215,7,3,10,14,1,11,12,8,2,5
18574,KILLED,217,215,7,3,10,14,1,11,12,8,2,5
18575,KILLED,217,215,7,3,10,14,1,11,12,8,2,5
18576,KILLED,217,215,7,3,10,14,1,11,12,8,2,5
18577,KILLED,280,276,1
18578,KILLED,280,276,43,33,41,44,35,36,42,40,38,37,34
18579,KILLED,280,276,43,33,41,44,35,36,42,40,38,37,34
18580,KILLED,280,276,43,33,41,44,35,36,42,40,38,37,34
18581,SURVIVED
18582,KILLED,280,276,43,33,41,44,35,36,42,40,38,37,34
18583,KILLED,280,276,43,33,41,44,35,36,42,40,38,37,34
18584,SURVIVED
18585,KILLED,280,276,43,33,41,44,35,36,42,40,38,37,34
18586,KILLED,280,276,43,33,41,44,35,36,42,40,38,37,34
18587,SURVIVED
18588,KILLED,280,276,43,33,41,44,35,36,42,40,38,37,34
18589,KILLED,280,276,43,33,44,42,37,34
18590,SURVIVED
18591,KILLED,280,276,43,33,44,42,37,34
18592,KILLED,276,43,33,44,42,37,34
18593,SURVIVED
18594,KILLED,276,43,33,44,42,37,34
18595,KILLED,276,43,33,44,42,37,34
18596,SURVIVED
18597,KILLED,276,43,33,44,42,37,34
18598,KILLED,280,276,39,43,33,41,44,35,36,42,40,38,37,34,147,150,217,215,7,3,10,14,1,11,12,8,2,5
18599,SURVIVED
18600,KILLED,276,43,33,44,42,37,34
18601,KILLED,276,43,33,44,42,37,34
18602,KILLED,276,43,33,44,42,37,34
18603,SURVIVED
18604,KILLED,280,276,43,33,41,44,35,36,42,40,38,37,34
18605,KILLED,280,43,33,41,44,35,36,42,40,38,37,34
18606,KILLED,280,276,43,33,41,44,35,36,42,40,38,37,34
18607,KILLED,280,43,33,41,44,35,36,42,40,38,37,34
18608,KILLED,280,276,43,33,41,44,35,36,42,40,38,37,34
18609,KILLED,280,43,33,41,44,35,36,42,40,38,37,34
18610,KILLED,280,276,43,33,41,44,35,36,42,40,38,37,34
18611,KILLED,280,43,33,41,44,35,36,42,40,38,37,34
18612,KILLED,280,276,43,33,44,42,37,34
18613,KILLED,280,43,33,41,44,35,36,42,40,38,37,34
18614,KILLED,276,43,33,44,42,37,34
18615,KILLED,280,43,33,41,44,35,36,42,40,38,37,34
18616,KILLED,276,43,33,44,42,37,34
18617,KILLED,280,43,33,41,44,35,36,42,40,38,37,34
18618,KILLED,276,43,33,44,42,37,34
18619,KILLED,276,43,33,44,42,37,34
18620,KILLED,280,276,43,33,41,44,35,36,42,40,38,37,34
18621,KILLED,280,276,43,33,41,44,35,36,42,40,38,37,34
18622,KILLED,276,43,33,44,42,37,34
18623,KILLED,276,43,33,44,42,37,34
18624,KILLED,280,43,33,41,44,35,36,42,40,38,37,34
18625,KILLED,280,276,39,43,33,41,44,35,36,42,40,38,37,34,147,150,217,215,7,3,10,14,1,11,12,8,2,5
18626,KILLED,279,150
18627,KILLED,279,150
18628,KILLED,150
18629,KILLED,150
18630,KILLED,150
18631,KILLED,150
18632,KILLED,150
18633,KILLED,150
18634,KILLED,278,281,277,43,33,41,44,35,42,40
18635,NO_COVERAGE
18636,NO_COVERAGE
18637,NO_COVERAGE
18638,KILLED,278,279,277,43,33,41,44,35,42,40,147,150,217,215,7,14,1,11,12,5
18639,KILLED,278,277,43,33,44,42
18640,SURVIVED
18641,KILLED,43,33,44,42
18642,KILLED,278,277,43,33,44,42
18643,SURVIVED
18644,KILLED,43,33,44,42
18645,KILLED,278,277,43,33,44,42
18646,SURVIVED
18647,KILLED,279,43,33,44,42
18648,KILLED,278,279,277,43,33,44,42
18649,SURVIVED
18650,KILLED,279,43,33,41,44,35,42,40
18651,KILLED,278,279,277,43,33,41,44,35,42,40
18652,SURVIVED
18653,KILLED,279,43,33,41,44,35,42,40
18654,KILLED,278,279,277,43,33,41,44,35,42,40
18655,SURVIVED
18656,KILLED,278,279,43,33,41,44,35,42,40,150
18657,KILLED,278,279,277,43,33,41,44,35,42,40,150
18658,SURVIVED
18659,KILLED,278,279,277,43,33,41,44,35,42,40,150
18660,KILLED,278,279,277,43,33,41,44,35,42,40,147,150,217,215,7,14,1,11,12,5
18661,KILLED,278,277,43,33,44,42
18662,KILLED,278,277,43,33,44,42
18663,KILLED,278,277,43,33,44,42
18664,KILLED,278,279,277,43,33,41,44,35,42,40,147,150,217,215,7,3,10,14,1,11,12,8,2,5
18665,KILLED,43,33,44,42
18666,KILLED,278,279,277,43,33,41,44,35,42,40,150
18667,KILLED,278,279,277,43,33,41,44,35,42,40,147,150,217,215,7,3,10,14,1,11,12,8,2,5
18668,KILLED,43,33,44,42
18669,KILLED,278,279,277,43,33,41,44,35,42,40,150
18670,KILLED,278,277,43,33,44,42
18671,KILLED,278,279,277,43,33,41,44,35,42,40,147,150,217,215,7,3,10,14,1,11,12,8,2,5
18672,KILLED,43,33,44,42
18673,KILLED,278,279,277,43,33,41,44,35,42,40,150
18674,KILLED,278,277,43,33,44,42
18675,KILLED,278,279,277,43,33,41,44,35,42,40,150
18676,KILLED,279,43,33,44,42
18677,KILLED,278,279,277,43,33,41,44,35,42,40,150
18678,KILLED,278,279,277,43,33,44,42
18679,KILLED,278,279,277,43,33,41,44,35,42,40,150
18680,KILLED,279,43,33,41,44,35,42,40
18681,KILLED,278,279,277,43,33,41,44,35,42,40,150
18682,KILLED,278,279,277,43,33,41,44,35,42,40
18683,KILLED,278,279,277,43,33,41,44,35,42,40,150
18684,KILLED,279,43,33,41,44,35,42,40
18685,KILLED,278,279,277,43,33,41,44,35,42,40,150
18686,KILLED,278,279,277,43,33,41,44,35,42,40
18687,KILLED,278,279,277,43,33,41,44,35,42,40,150
18688,KILLED,279,43,33,41,44,35,42,40,150
18689,KILLED,278,279,277,43,33,41,44,35,42,40,150
18690,KILLED,278,279,277,43,33,41,44,35,42,40,150
18691,KILLED,278,279,277,43,33,41,44,35,42,40,150
18692,KILLED,278,279,277,43,33,41,44,35,42,40,150
18693,KILLED,278,279,277,43,33,41,44,35,42,40,147,150,217,215,7,3,10,14,1,11,12,8,2,5
18694,KILLED,278,279,277,43,33,41,44,35,42,40,150
18695,KILLED,278,279,277,43,33,41,44,35,42,40,150
18696,KILLED,278,279,277,43,33,41,44,35,42,40,147,150,217,215,7,3,10,14,1,11,12,8,2,5
18697,KILLED,278,277,43,33,44,42
18698,KILLED,278,277,43,33,44,42
18699,KILLED,279,43,33,41,44,35,42,40,150
18700,KILLED,278,279,277,43,33,41,44,35,42,40,147,150,217,215,7,3,10,14,1,11,12,8,2,5
18701,NO_COVERAGE
18702,NO_COVERAGE
18703,NO_COVERAGE
18704,NO_COVERAGE
18705,NO_COVERAGE
18706,NO_COVERAGE
18707,NO_COVERAGE
18708,SURVIVED
18709,KILLED,331
18710,SURVIVED
18711,KILLED,331
18712,KILLED,331
18713,KILLED,331
18714,KILLED,331
18715,KILLED,331
18716,KILLED,331
18717,KILLED,331
18718,KILLED,331
18719,KILLED,331
18720,KILLED,331
18721,KILLED,331
18722,KILLED,331
18723,KILLED,331
18724,KILLED,331
18725,KILLED,331
18726,KILLED,331
18727,SURVIVED
18728,KILLED,331
18729,SURVIVED
18730,KILLED,331
18731,KILLED,331
18732,KILLED,334
18733,KILLED,334
18734,KILLED,334
18735,KILLED,334
18736,KILLED,334,332
18737,KILLED,334,332
18738,KILLED,335,332,357,149,148,153,178,151,361,155
18739,KILLED,334,332
18740,KILLED,334,332,148,151,155
18741,KILLED,334,332
18742,KILLED,334,332
18743,KILLED,334,332,357,149,148,153,178,151,361,155
18744,KILLED,334,332,149,148,151,155
18745,KILLED,334,332,149,148,153,178,151,155
18746,KILLED,334,332,357,149,148,153,178,151,361,155
18747,KILLED,334,332,357,149,148,153,178,151,361,155
18748,KILLED,334,332,357,149,148,153,178,151,361,155
18749,KILLED,334,332,357,149,148,153,178,151,361,155
18750,KILLED,334,332,357,149,148,153,178,151,361,155
18751,KILLED,334,332,357,149,148,153,178,151,361,155
18752,KILLED,334,332,357,149,148,153,178,151,155
18753,KILLED,334,332,357,149,148,153,178,151,361,155
18754,KILLED,334,332,357,149,148,153,178,151,361,155
18755,KILLED,334,332,357,149,148,153,178,151,361,155
18756,KILLED,334,332,357,149,148,153,178,151,361,155
18757,KILLED,334,332
18758,KILLED,334,332
18759,KILLED,334
18760,KILLED,334,332,148,153,178,151,155
18761,KILLED,334,332
18762,KILLED,334,332,149,148,153,178,151,155
18763,KILLED,334,332
18764,KILLED,334,332
18765,KILLED,334,332,148,153,178,151,155
18766,KILLED,334,332,148,153,178,151,155
18767,KILLED,334,332,149,148,153,178,151,155
18768,KILLED,334
18769,KILLED,334
18770,KILLED,334,332,357,149,148,153,178,151,361,155
18771,KILLED,334
18772,KILLED,334,332,357,149,148,153,178,151,361,155
18773,KILLED,334,332,357,149,148,153,178,151,361,155
18774,KILLED,334,332,357,149,148,153,178,151,361,155
18775,KILLED,334,332,357,149,148,153,178,151,361,155
18776,KILLED,334,332,357,149,148,153,178,151,361,155
18777,KILLED,334,332,357,149,148,153,178,151,361,155
18778,KILLED,334,332,357,149,148,153,178,151,361,155
18779,KILLED,334,332
18780,KILLED,334,332
18781,SURVIVED
18782,SURVIVED
18783,SURVIVED
18784,SURVIVED
18785,SURVIVED
18786,SURVIVED
18787,SURVIVED
18788,SURVIVED
18789,SURVIVED
18790,SURVIVED
18791,SURVIVED
18792,KILLED,334
18793,KILLED,334
18794,KILLED,334
18795,KILLED,334,332,357,149,148,153,178,151,361,155
18796,KILLED,334,332,357,149,148,153,178,151,361,155
18797,KILLED,334,332,149,148,153,178,151,155
18798,KILLED,334,332,148,153,178,151,155
18799,KILLED,334,332
18800,KILLED,334,332,357,149,148,153,178,151,361,155
18801,KILLED,334,332,357,149,148,153,178,151,361,155
18802,KILLED,334,332,357,149,148,153,178,151,361,155
18803,KILLED,334,332,357,149,148,153,178,151,361,155
18804,KILLED,334,332,149
18805,KILLED,334
18806,KILLED,334,332,148,153,178,151,361,155
18807,KILLED,334,332,357,149,148,153,178,151,361,155
18808,KILLED,334,332
18809,KILLED,334,332,357,149,148,153,178,151,361,155
18810,SURVIVED
18811,KILLED,334,332
18812,KILLED,334,332
18813,SURVIVED
18814,KILLED,334,332
18815,KILLED,334,332
18816,KILLED,334,332,149,148,153,178,151,361,155
18817,KILLED,334,332,148,153,178,151,155
18818,KILLED,334,332
18819,KILLED,331
18820,KILLED,331
18821,KILLED,334
18822,SURVIVED
18823,KILLED,331,334
18824,KILLED,331
18825,KILLED,331
18826,KILLED,331
18827,KILLED,331
18828,KILLED,331
18829,KILLED,331
18830,KILLED,331
18831,KILLED,331
18832,KILLED,333,334
18833,KILLED,333,334,332
18834,KILLED,333,334,332,148,151,155
18835,KILLED,333,334,332,148,151,155
18836,KILLED,333,334,332
18837,KILLED,333,334
18838,SURVIVED
18839,KILLED,333,334
18840,KILLED,333,334
18841,KILLED,333,334,332,148,151,155
18842,KILLED,333,334,332,357,149,148,153,178,151,361,155
18843,KILLED,333,334,332
18844,KILLED,333,334
18845,KILLED,333,334
18846,KILLED,333,334,332
18847,KILLED,333,334,332,357,149,148,153,178,151,361,155
18848,KILLED,333
18849,KILLED,333,334
18850,KILLED,333,334
18851,KILLED,333,334,332
18852,KILLED,333,334
18853,KILLED,333,334,332
18854,KILLED,333
18855,KILLED,333,334,332,357,149,148,153,178,151,361,155
18856,KILLED,333,334,332
18857,KILLED,333,334
18858,TIMED_OUT
18859,SURVIVED
18860,NO_COVERAGE
18861,KILLED,119,118,120
18862,KILLED,119,118,120
18863,KILLED,119,118,120
18864,SURVIVED
18865,KILLED,119,118,120
18866,SURVIVED
18867,KILLED,119,118,120
18868,SURVIVED
18869,KILLED,119,118,120
18870,KILLED,119,118,120
18871,KILLED,119,118,120
18872,KILLED,119,118,120
18873,KILLED,119,118,120
18874,SURVIVED
18875,KILLED,119,118,120
18876,KILLED,119,118,120
18877,KILLED,119,118,120
18878,KILLED,119,118,120
18879,KILLED,119,118,120
18880,KILLED,119,118,120
18881,SURVIVED
18882,SURVIVED
18883,SURVIVED
18884,SURVIVED
18885,SURVIVED
18886,SURVIVED
18887,KILLED,119,118,120
18888,SURVIVED
18889,KILLED,119,118,120
18890,KILLED,119,118,120
18891,SURVIVED
18892,KILLED,119,118,120
18893,KILLED,119,118,120
18894,KILLED,119,118,120
18895,SURVIVED
18896,KILLED,119,118,120
18897,SURVIVED
18898,KILLED,119,118,120
18899,SURVIVED
18900,KILLED,119,118,120
18901,SURVIVED
18902,KILLED,119,118,120
18903,SURVIVED
18904,KILLED,119,118,120
18905,SURVIVED
18906,SURVIVED
18907,SURVIVED
18908,SURVIVED
18909,SURVIVED
18910,SURVIVED
18911,KILLED,119,118,120
18912,KILLED,119,118,120
18913,KILLED,119,118,120
18914,KILLED,119,118,120
18915,SURVIVED
18916,KILLED,119,118,120
18917,KILLED,119,118,120
18918,NO_COVERAGE
18919,KILLED,119,118,120
18920,KILLED,119,118,120
18921,SURVIVED
18922,NO_COVERAGE
18923,TIMED_OUT
18924,NO_COVERAGE
18925,NO_COVERAGE
18926,NO_COVERAGE
18927,KILLED,119,118,120
18928,SURVIVED
18929,NO_COVERAGE
18930,NO_COVERAGE
18931,NO_COVERAGE
18932,SURVIVED
18933,SURVIVED
18934,SURVIVED
18935,KILLED,119,118,120
18936,KILLED,119,118,120
18937,TIMED_OUT
18938,KILLED,119,118,120
18939,NO_COVERAGE
18940,NO_COVERAGE
18941,NO_COVERAGE
18942,KILLED,119,118,120
18943,SURVIVED
18944,SURVIVED
18945,SURVIVED
18946,SURVIVED
18947,SURVIVED
18948,KILLED,119,118,120
18949,KILLED,119,118,120
18950,SURVIVED
18951,SURVIVED
18952,KILLED,119,118,120
18953,TIMED_OUT
18954,NO_COVERAGE
18955,SURVIVED
18956,NO_COVERAGE
18957,NO_COVERAGE
18958,NO_COVERAGE
18959,NO_COVERAGE
18960,KILLED,121
18961,KILLED,121
18962,KILLED,121,120
18963,KILLED,121,120
18964,KILLED,121,120
18965,KILLED,121,120
18966,KILLED,121,120
18967,KILLED,121,390
18968,KILLED,121,120
18969,KILLED,121,120
18970,KILLED,121,120
18971,KILLED,121,120
18972,KILLED,121,120
18973,KILLED,121
18974,KILLED,121
18975,KILLED,121,120
18976,KILLED,121
18977,KILLED,121,120,390
18978,KILLED,119,118,120
18979,KILLED,119,118,120
18980,KILLED,119,118,120
18981,KILLED,119,118,120
18982,KILLED,119,118,120
18983,SURVIVED
18984,SURVIVED
18985,SURVIVED
18986,KILLED,119,118,120
18987,SURVIVED
18988,SURVIVED
18989,SURVIVED
18990,KILLED,119,118,120
18991,TIMED_OUT
18992,NO_COVERAGE
18993,KILLED,119,118,120
18994,SURVIVED
18995,SURVIVED
18996,TIMED_OUT
18997,SURVIVED
18998,SURVIVED
18999,KILLED,119,118,120
19000,SURVIVED
19001,SURVIVED
19002,SURVIVED
19003,TIMED_OUT
19004,SURVIVED
19005,SURVIVED
19006,TIMED_OUT
19007,SURVIVED
19008,KILLED,194
19009,KILLED,194,327
19010,KILLED,327
19011,KILLED,327
19012,KILLED,194
19013,KILLED,327
19014,NO_COVERAGE
19015,SURVIVED
19016,KILLED,308,330,314,327,322,319,64,326
19017,KILLED,114,320,325,323,63,66,108,301,306,117,302,317,305,311,115,329,308,330,314,315,328,327,310,304,322,321,319,307,64,65,326,110
19018,NO_COVERAGE
19019,KILLED,109,116,114,320,325,323,108,301,306,302,317,305,311,329,308,330,314,315,328,327,310,304,322,321,319,307,326,110
19020,KILLED,193
19021,KILLED,193,327
19022,KILLED,327
19023,KILLED,327
19024,KILLED,193
19025,KILLED,327
19026,KILLED,324,313,303,312,309,318,320,325,323,63,66,301,306,117,302,317,305,311,115,329,308,330,314,315,328,327,310,304,322,321,319,307,64,65,326
19027,KILLED,320,325,323,301,306,302,317,305,311,329,308,330,314,315,328,327,310,304,322,321,319,307,326
19028,KILLED,324,313,303,312,309,318,320,325,323,63,66,301,306,117,302,317,305,311,115,329,308,330,314,315,328,327,310,304,322,321,319,307,64,65,326
19029,KILLED,111,324,313,303,312,309,318,109,116,114,320,325,323,108,301,306,117,302,317,305,311,115,329,308,330,314,315,328,327,310,304,322,321,319,307,326,110
19030,KILLED,111,109,116,114,108,327
19031,KILLED,195
19032,KILLED,195,313,303,312,309,318,63,66,308,330,314,327,319,64,65,326
19033,KILLED,313,303,312,309,318,63,66,308,330,314,327,319,64,65,326
19034,KILLED,313,303,312,309,318,63,66,308,330,314,327,319,64,65,326
19035,KILLED,195
19036,KILLED,313,303,312,309,318,63,66,308,330,314,327,319,64,65,326
19037,KILLED,324,313,303,312,309,318,109,116,114,320,325,323,63,66,108,301,306,117,302,317,305,311,115,329,308,330,314,315,328,327,310,304,322,321,319,307,64,65,326
19038,TIMED_OUT
19039,KILLED,327
19040,KILLED,111,313,303,312,309,318,109,116,114,320,325,323,63,66,108,301,306,117,302,317,305,311,115,329,308,330,314,315,328,327,310,304,322,321,319,307,64,65,326
19041,SURVIVED
19042,KILLED,320,325,323,301,306,302,317,305,311,329,308,330,314,315,328,310,304,322,321,319,307,326
19043,KILLED,327
19044,KILLED,327
19045,KILLED,327
19046,KILLED,327
19047,KILLED,327
19048,KILLED,327
19049,KILLED,327
19050,KILLED,327
19051,KILLED,327
19052,KILLED,327
19053,KILLED,327
19054,KILLED,327
19055,KILLED,327
19056,KILLED,313,303,312,309,318,63,66,308,330,314,327,319,64,65,326
19057,KILLED,313,303,312,309,318,63,66,308,330,314,327,319,64,65,326
19058,KILLED,327
19059,KILLED,327
19060,SURVIVED
19061,KILLED,327
19062,KILLED,327
19063,KILLED,327
19064,KILLED,313,303,312,309,318,63,66,308,330,314,327,319,64,65,326
19065,KILLED,327
19066,KILLED,327
19067,KILLED,327
19068,KILLED,327
19069,KILLED,327
19070,KILLED,327
19071,KILLED,327
19072,KILLED,327
19073,KILLED,327
19074,KILLED,327
19075,SURVIVED
19076,KILLED,313,303,312,309,318,63,66,308,330,314,327,319,64,65,326
19077,KILLED,313,303,312,309,318,63,66,308,330,314,327,319,64,65,326
19078,KILLED,327
19079,KILLED,313,303,312,309,318,63,66,308,330,314,327,319,64,65,326
19080,KILLED,327
19081,KILLED,327
19082,KILLED,327
19083,KILLED,327
19084,KILLED,327
19085,SURVIVED
19086,KILLED,327
19087,KILLED,327
19088,KILLED,327
19089,KILLED,327
19090,KILLED,327
19091,SURVIVED
19092,SURVIVED
19093,KILLED,327
19094,KILLED,327
19095,KILLED,327
19096,NO_COVERAGE
19097,SURVIVED
19098,KILLED,320,325,323,301,306,302,317,305,311,329,308,330,314,315,328,327,310,304,322,321,319,307,64,326
19099,SURVIVED
19100,KILLED,109,116,114,320,325,323,63,66,108,301,306,117,302,317,305,311,115,329,308,330,314,315,328,327,310,304,322,321,319,307,64,65,326,110
19101,KILLED,313,303,312,309,318,114,320,325,323,108,301,306,117,302,317,305,311,115,329,308,330,314,315,328,310,304,322,321,319,307,326,110
19102,KILLED,114,320,325,323,108,301,306,117,302,317,305,311,115,329,315,328,310,304,322,321,307,110
19103,KILLED,109,116,114,320,325,323,63,66,108,301,306,117,302,317,305,311,115,329,308,330,314,315,328,327,310,304,322,321,319,307,64,65,326,110
19104,KILLED,114,320,325,323,108,301,306,117,302,317,305,311,115,329,315,328,310,304,322,321,307
19105,TIMED_OUT
19106,KILLED,114,320,325,323,108,301,306,117,302,317,305,311,115,329,315,328,310,304,322,321,307
19107,KILLED,114,320,325,323,108,301,306,117,302,317,305,311,115,329,315,328,310,304,322,321,307
19108,KILLED,114,320,325,323,108,301,306,117,302,317,305,311,115,329,315,328,310,304,322,321,307
19109,KILLED,313,303,312,309,318,320,325,323,301,306,302,317,305,311,329,308,330,314,315,328,310,304,322,321,319,307,326
19110,KILLED,109,116,114,320,325,323,63,66,108,301,306,117,302,317,305,311,115,329,308,330,314,315,328,327,310,304,322,321,319,307,64,65,326,110
19111,KILLED,114,320,325,323,108,301,306,117,302,317,305,311,115,329,315,328,310,304,322,321,307
19112,KILLED,114,320,325,323,108,301,306,117,302,317,305,311,115,329,315,328,310,304,322,321,307
19113,SURVIVED
19114,NO_COVERAGE
19115,KILLED,109,116,114,320,325,323,108,301,306,302,317,305,311,329,308,330,314,315,328,327,310,304,322,321,319,307,326,110
19116,KILLED,327
19117,KILLED,327
19118,SURVIVED
19119,KILLED,327
19120,KILLED,327
19121,KILLED,327
19122,KILLED,327
19123,KILLED,327
19124,SURVIVED
19125,SURVIVED
19126,KILLED,327
19127,KILLED,327
19128,KILLED,324,313,303,312,309,318,308,330,314,327,319,326
19129,KILLED,327
19130,SURVIVED
19131,KILLED,327
19132,KILLED,111,313,303,312,309,318,109,116,114,63,66,108,308,330,314,327,319,64,65,326,110
19133,KILLED,109,116,114,320,325,323,63,66,108,301,306,117,302,317,305,311,115,329,308,330,314,315,328,327,310,304,322,321,319,307,64,65,326
19134,KILLED,111,109,116,114,108,327
19135,SURVIVED
19136,SURVIVED
19137,SURVIVED
19138,SURVIVED
19139,SURVIVED
19140,SURVIVED
19141,SURVIVED
19142,SURVIVED
19143,SURVIVED
19144,SURVIVED
19145,SURVIVED
19146,SURVIVED
19147,KILLED,324,313,303,312,309,318,109,116,114,320,325,323,63,66,108,301,306,117,302,317,305,311,115,329,308,330,314,315,328,327,310,304,322,321,319,307,64,65,326
19148,KILLED,109,116,114,320,325,323,108,301,306,302,317,305,311,329,308,330,314,315,328,327,310,304,322,321,319,307,326,110
19149,KILLED,327
19150,KILLED,29,23,24,387,383
19151,KILLED,29,23,24,387,383
19152,SURVIVED
19153,KILLED,453,446,22,27,30,97,467,469,26,461,451,471,477,460,447,448,454,185,474,452,455,459,480,479,473,472,463,24,465,462,352,28,458,387,383,397,89,98,470
19154,KILLED,23,24,387,383
19155,KILLED,453,446,22,27,30,97,467,469,26,461,451,471,477,460,447,448,454,185,474,452,455,459,480,479,473,472,463,24,465,462,352,28,458,387,383,397,89,98,470
19156,KILLED,23,24,387,383
19157,KILLED,453,446,22,27,30,97,467,469,26,461,451,471,477,460,447,448,454,185,474,452,455,459,480,479,473,472,463,24,465,462,352,28,458,387,383,397,89,98,470
19158,KILLED,23,24,387,383
19159,KILLED,453,446,22,27,30,97,467,469,26,461,451,471,477,460,447,448,454,185,474,452,455,459,480,479,473,472,463,24,465,462,352,28,458,387,383,397,89,98,470
19160,KILLED,29,23,24,387,383
19161,KILLED,453,446,22,27,30,97,467,469,26,461,451,471,477,460,447,448,454,185,474,452,455,459,480,479,473,472,463,24,465,462,352,28,458,387,383,397,89,98,470
19162,KILLED,23,24,387,383
19163,TIMED_OUT
19164,NO_COVERAGE
19165,NO_COVERAGE
19166,NO_COVERAGE
19167,NO_COVERAGE
19168,SURVIVED
19169,KILLED,18,20,446,22,27,30,29,97,23,467,469,26,461,451,471,477,460,447,448,454,393,185,474,452,455,459,480,479,473,472,463,24,465,462,352,28,458,387,383,89,98,470
19170,SURVIVED
19171,KILLED,18
19172,KILLED,18
19173,KILLED,18,20,446,22,27,30,29,97,23,467,469,26,461,451,471,477,460,447,448,454,393,185,474,452,455,459,480,479,473,472,463,24,465,462,352,28,458,387,383,89,98,470
19174,KILLED,18
19175,KILLED,18
19176,SURVIVED
19177,KILLED,461,396,162,159
19178,KILLED,18,20,89
19179,NO_COVERAGE
19180,NO_COVERAGE
19181,KILLED,18
19182,KILLED,18,20
19183,KILLED,18,20,446,22,27,30,29,97,23,467,469,26,461,451,471,477,460,447,448,454,393,185,474,452,455,459,480,479,473,472,463,24,465,462,352,28,458,387,383,89,98,470
19184,KILLED,18,20,89
19185,KILLED,18
19186,KILLED,18
19187,KILLED,18,20
19188,KILLED,461,396,162,159
19189,KILLED,18,20,396,162,159,89
19190,KILLED,18,20,89
19191,KILLED,18,20
19192,SURVIVED
19193,SURVIVED
19194,KILLED,18
19195,SURVIVED
19196,KILLED,18
19197,KILLED,461,396,162,159
19198,KILLED,18,20,89
19199,KILLED,18
19200,SURVIVED
19201,SURVIVED
19202,KILLED,18,20,89
19203,KILLED,18,20
19204,KILLED,18,20
19205,KILLED,18
19206,KILLED,18
19207,KILLED,18,20
19208,KILLED,461,396,162,159
19209,SURVIVED
19210,SURVIVED
19211,SURVIVED
19212,KILLED,18,20
19213,KILLED,18,20,446,22,27,30,29,97,23,467,469,26,461,451,471,477,460,447,448,454,393,185,474,452,455,459,480,479,473,472,463,24,465,462,352,28,458,387,383,89,98,470
19214,SURVIVED
19215,KILLED,18
19216,KILLED,18
19217,KILLED,461,396,162,159
19218,KILLED,18,20,89
19219,NO_COVERAGE
19220,NO_COVERAGE
19221,KILLED,18
19222,KILLED,18,20
19223,TIMED_OUT
19224,TIMED_OUT
19225,TIMED_OUT
19226,KILLED,18
19227,KILLED,18
19228,KILLED,18
19229,KILLED,18
19230,KILLED,18
19231,KILLED,18
19232,SURVIVED
19233,KILLED,18
19234,KILLED,18
19235,KILLED,18
19236,KILLED,18
19237,NO_COVERAGE
19238,NO_COVERAGE
19239,NO_COVERAGE
19240,NO_COVERAGE
19241,KILLED,20
19242,KILLED,20
19243,KILLED,20
19244,KILLED,20,89
19245,NO_COVERAGE
19246,KILLED,20,89
19247,KILLED,20
19248,KILLED,20,446,22,27,30,29,97,23,467,469,26,461,451,471,477,460,396,447,162,448,454,393,185,474,452,455,459,480,479,473,472,463,24,465,462,352,28,458,387,383,159,397,89,98,470
19249,KILLED,20,89
19250,KILLED,20,461,396,162,159,89
19251,NO_COVERAGE
19252,KILLED,191,354,485,256,391,392,484,349,483,486,257,482,253,252,250,251,372,249,192,248,370,398,350,258,355,363,374,378,362,385,373,379,380,369,19,375
19253,KILLED,191,354,485,256,391,392,484,349,483,486,257,482,253,252,250,251,372,249,192,248,370,398,350,258,355,363,374,378,362,385,373,379,380,369,19,375
19254,KILLED,391,392,88,484,87,483,486,482,252,250,251,372,249,192,248,370,350,355,363,374,378,362,385,373,379,380,369,19,375
19255,NO_COVERAGE
19256,KILLED,391,392,88,484,87,483,486,482,252,250,251,372,249,192,248,370,350,355,363,374,378,362,385,373,379,380,369,19,375
19257,KILLED,392
19258,NO_COVERAGE
19259,KILLED,392
19260,NO_COVERAGE
19261,NO_COVERAGE
19262,NO_COVERAGE
19263,NO_COVERAGE
19264,NO_COVERAGE
19265,NO_COVERAGE
19266,NO_COVERAGE
19267,NO_COVERAGE
19268,NO_COVERAGE
19269,NO_COVERAGE
19270,NO_COVERAGE
19271,NO_COVERAGE
19272,NO_COVERAGE
19273,NO_COVERAGE
19274,NO_COVERAGE
19275,NO_COVERAGE
19276,NO_COVERAGE
19277,NO_COVERAGE
19278,NO_COVERAGE
19279,NO_COVERAGE
19280,NO_COVERAGE
19281,NO_COVERAGE
19282,NO_COVERAGE
19283,NO_COVERAGE
19284,NO_COVERAGE
19285,NO_COVERAGE
19286,NO_COVERAGE
19287,NO_COVERAGE
19288,NO_COVERAGE
19289,KILLED,133,135,130,131,129,132,128
19290,KILLED,133,135,130,131,129,132,128
19291,KILLED,133,135,130,131,129,132,128
19292,KILLED,133,135,130,131,129,132,128
19293,KILLED,133,135,130,131,129,132,128
19294,KILLED,133,135,130,131,129,132,128
19295,KILLED,133,135,130,131,129,132,128
19296,KILLED,133,135,130,131,129,132,128
19297,KILLED,133,135,130,131,129,132,128
19298,KILLED,133,135,130,131,129,132,128
19299,KILLED,133,135,130,131,129,132,128
19300,KILLED,133,135,130,131,129,132,128
19301,KILLED,133,135,130,131,129,132,128
19302,KILLED,133,135,130,131,129,132,128
19303,KILLED,133,135,130,131,129,132,128
19304,KILLED,133,135,130,131,129,132,128
19305,KILLED,133,135,130,131,129,132,128
19306,KILLED,133,135,130,131,129,132,128
19307,KILLED,133,135,130,131,129,132,128
19308,KILLED,133,135,130,131,129,132,128
19309,TIMED_OUT
19310,KILLED,222,131,132
19311,KILLED,222,130,131,129,132
19312,KILLED,222,130,131,129,132
19313,SURVIVED
19314,TIMED_OUT
19315,KILLED,222,130,131,129,132
19316,KILLED,222,130,131,129,132
19317,KILLED,222,130,131,129,132
19318,KILLED,222,130,131,129,132
19319,KILLED,222,131,132
19320,KILLED,222,135,130,131,129,132
19321,KILLED,222,130,131,129,132
19322,SURVIVED
19323,KILLED,223,133,135,130,131,129,132,128
19324,KILLED,223,133,135,130,131,129,132,128
19325,KILLED,223,135,130,131,129,132
19326,KILLED,223,133,135,130,131,129,132,128
19327,SURVIVED
19328,KILLED,223,133,135,130,131,129,132,128
19329,KILLED,223,133,135,130,131,129,132,128
19330,SURVIVED
19331,KILLED,223,133,135,130,131,129,132,128
19332,KILLED,223,133,135,130,131,129,132,128
19333,KILLED,223,133,135,130,131,129,132,128
19334,KILLED,223,133,135,130,131,129,132,128
19335,KILLED,223,133,135,130,131,129,132,128
19336,KILLED,223,133,135,130,131,129,132,128
19337,KILLED,223,133,135,130,131,129,132,128
19338,KILLED,223,133,135,130,131,129,132,128
19339,KILLED,223,133,135,130,131,129,132,128
19340,KILLED,223,133,135,130,131,129,132,128
19341,KILLED,223,133,135,130,131,129,132,128
19342,KILLED,223,133,135,130,131,129,132,128
19343,KILLED,223,133,135,130,131,129,132,128
19344,KILLED,223,133,135,130,131,129,132,128
19345,KILLED,224
19346,TIMED_OUT
19347,KILLED,224
19348,KILLED,224
19349,KILLED,224
19350,SURVIVED
19351,KILLED,224
19352,KILLED,224
19353,SURVIVED
19354,KILLED,224
19355,KILLED,224
19356,SURVIVED
19357,KILLED,224
19358,KILLED,224
19359,SURVIVED
19360,KILLED,224
19361,KILLED,224
19362,SURVIVED
19363,KILLED,224,131,132
19364,TIMED_OUT
19365,SURVIVED
19366,KILLED,224
19367,TIMED_OUT
19368,KILLED,224
19369,KILLED,224
19370,TIMED_OUT
19371,KILLED,224
19372,TIMED_OUT
19373,KILLED,224
19374,KILLED,224
19375,KILLED,224
19376,TIMED_OUT
19377,KILLED,224
19378,KILLED,224
19379,KILLED,224
19380,TIMED_OUT
19381,KILLED,224
19382,KILLED,224
19383,KILLED,224
19384,TIMED_OUT
19385,KILLED,224
19386,KILLED,224
19387,KILLED,224
19388,TIMED_OUT
19389,KILLED,224
19390,KILLED,224,131,132
19391,KILLED,224,131,132
19392,TIMED_OUT
19393,KILLED,224,131,132
19394,TIMED_OUT
19395,KILLED,224,131,132
19396,KILLED,224
19397,KILLED,133,135,130,131,129,132,128
19398,KILLED,133,135,130,131,129,132,128
19399,KILLED,133,135,130,131,129,132,128
19400,KILLED,130,131,129,132
19401,NO_COVERAGE
19402,NO_COVERAGE
19403,NO_COVERAGE
19404,NO_COVERAGE
19405,KILLED,133,135,130,131,129,132,128
19406,KILLED,133,135,130,131,129,132,128
19407,KILLED,133,135,130,131,129,132,128
19408,KILLED,133,135,130,131,129,132,128
19409,KILLED,136
19410,KILLED,133,135,130,131,129,132,128
19411,NO_COVERAGE
19412,KILLED,133,135,130,131,129,132,128
19413,KILLED,133,135,130,131,129,132,128
19414,KILLED,133,135,130,131,129,132,128
19415,KILLED,133,135,130,131,129,132,128
19416,KILLED,133,135,130,131,129,132,128
19417,KILLED,133,135,130,131,129,132,128
19418,SURVIVED
19419,SURVIVED
19420,KILLED,133,135,130,131,129,132,128
19421,KILLED,133,135,130,131,129,132,128
19422,KILLED,136
19423,NO_COVERAGE
19424,KILLED,133,135,130,131,129,132,128
19425,SURVIVED
19426,SURVIVED
19427,SURVIVED
19428,SURVIVED
19429,SURVIVED
19430,SURVIVED
19431,SURVIVED
19432,SURVIVED
19433,SURVIVED
19434,SURVIVED
19435,SURVIVED
19436,SURVIVED
19437,SURVIVED
19438,SURVIVED
19439,SURVIVED
19440,SURVIVED
19441,SURVIVED
19442,SURVIVED
19443,SURVIVED
19444,SURVIVED
19445,SURVIVED
19446,SURVIVED
19447,SURVIVED
19448,SURVIVED
19449,SURVIVED
19450,SURVIVED
19451,SURVIVED
19452,SURVIVED
19453,SURVIVED
19454,SURVIVED
19455,SURVIVED
19456,SURVIVED
19457,SURVIVED
19458,SURVIVED
19459,SURVIVED
19460,SURVIVED
19461,SURVIVED
19462,SURVIVED
19463,SURVIVED
19464,SURVIVED
19465,SURVIVED
19466,SURVIVED
19467,SURVIVED
19468,SURVIVED
19469,SURVIVED
19470,SURVIVED
19471,SURVIVED
19472,SURVIVED
19473,SURVIVED
19474,SURVIVED
19475,SURVIVED
19476,SURVIVED
19477,KILLED,54,167,338
19478,KILLED,54,167,338
19479,SURVIVED
19480,KILLED,54,167,338
19481,KILLED,54,167,338
19482,KILLED,54,338
19483,KILLED,54,167,338
19484,KILLED,54,167,338
19485,KILLED,54,167,338
19486,KILLED,54,167,338
19487,KILLED,54,167,338
19488,KILLED,54,167,338
19489,KILLED,54,167,338
19490,KILLED,54,167,338
19491,KILLED,54,167,338
19492,KILLED,54,167,338
19493,KILLED,54,167,338
19494,KILLED,54,167,338
19495,KILLED,54,167,338
19496,KILLED,54,167,338
19497,KILLED,54,167,338
19498,KILLED,54,167,338
19499,KILLED,54,167,338
19500,KILLED,54,167,338
19501,KILLED,54,338
19502,KILLED,54,167,338
19503,KILLED,54,167,338
19504,SURVIVED
19505,KILLED,54,167,338
19506,KILLED,54,167,338
19507,KILLED,54,167,338
19508,TIMED_OUT
19509,KILLED,340,59,169
19510,KILLED,340,59,169
19511,KILLED,340,59,169
19512,KILLED,340,59,169
19513,KILLED,340,59,169
19514,KILLED,340,59,169
19515,KILLED,340,59,169
19516,KILLED,340,59,169
19517,KILLED,340,59,169
19518,KILLED,340,59,169
19519,KILLED,340,59,169
19520,KILLED,340,59,169
19521,KILLED,340,59,169
19522,KILLED,340,59,169
19523,KILLED,340,59,169
19524,KILLED,340,59,169
19525,KILLED,340,59,169
19526,KILLED,340,59,169
19527,KILLED,340,59,169
19528,KILLED,340,59,169
19529,KILLED,340,59,169
19530,KILLED,340,59,169
19531,KILLED,340,59,169
19532,KILLED,340,59,169
19533,KILLED,340,59,169
19534,KILLED,340,59,169
19535,KILLED,340,59,169
19536,KILLED,340,59,169
19537,KILLED,168,56,339
19538,KILLED,168,56,339
19539,KILLED,168,56,339
19540,KILLED,168,56,339
19541,KILLED,168,56,339
19542,KILLED,168,56,339
19543,KILLED,168,56,339
19544,KILLED,168,56,339
19545,KILLED,168,56,339
19546,KILLED,168,56,339
19547,KILLED,168,56,339
19548,KILLED,168,56,339
19549,KILLED,168,56,339
19550,KILLED,168,56,339
19551,KILLED,168,56,339
19552,KILLED,168,56,339
19553,KILLED,168,56,339
19554,KILLED,168,56,339
19555,KILLED,168,56,339
19556,KILLED,168,56,339
19557,KILLED,168,56,339
19558,TIMED_OUT
19559,KILLED,268,267
19560,KILLED,268,274,270,267,275,264,265,263
19561,KILLED,268,274,270,267,275,264,265,263
19562,SURVIVED
19563,KILLED,264,263
19564,SURVIVED
19565,KILLED,274,270,275,264,265,263
19566,KILLED,268,274,270,267,275,264,265,263
19567,KILLED,268,274,270,267,275,264,265,263
19568,KILLED,268,274,270,267,275,264,265,263
19569,KILLED,268,274,270,267,275,264,265,263
19570,SURVIVED
19571,KILLED,268,264,263
19572,KILLED,268,264,263
19573,SURVIVED
19574,KILLED,268,264,263
19575,SURVIVED
19576,SURVIVED
19577,SURVIVED
19578,TIMED_OUT
19579,SURVIVED
19580,KILLED,268,274,270,267,275,264,265,263
19581,KILLED,264,263
19582,KILLED,264,263
19583,TIMED_OUT
19584,KILLED,264,263
19585,SURVIVED
19586,KILLED,264,263
19587,KILLED,268,264,263
19588,KILLED,268,264,263
19589,SURVIVED
19590,TIMED_OUT
19591,KILLED,268,264,263
19592,KILLED,268,264,263
19593,SURVIVED
19594,TIMED_OUT
19595,TIMED_OUT
19596,TIMED_OUT
19597,KILLED,264,263
19598,SURVIVED
19599,KILLED,268
19600,KILLED,268
19601,SURVIVED
19602,SURVIVED
19603,SURVIVED
19604,SURVIVED
19605,KILLED,268
19606,KILLED,264,263
19607,KILLED,264,263
19608,SURVIVED
19609,KILLED,268
19610,KILLED,268,274,270,267,275,264,265,263
19611,KILLED,264,263
19612,SURVIVED
19613,KILLED,268
19614,TIMED_OUT
19615,KILLED,268
19616,SURVIVED
19617,KILLED,274,270,267,275,264,265,263
19618,TIMED_OUT
19619,KILLED,264,263
19620,SURVIVED
19621,KILLED,264,263
19622,TIMED_OUT
19623,KILLED,264,263
19624,KILLED,264,265,263
19625,KILLED,264,265,263
19626,KILLED,264,265,263
19627,SURVIVED
19628,SURVIVED
19629,SURVIVED
19630,SURVIVED
19631,KILLED,265
19632,KILLED,275,265
19633,KILLED,275,265
19634,KILLED,270
19635,KILLED,270
19636,KILLED,274
19637,KILLED,264,265,263
19638,KILLED,264,265,263
19639,KILLED,264,265,263
19640,KILLED,265
19641,KILLED,264,265,263
19642,KILLED,264,265,263
19643,KILLED,274,270,275,265
19644,KILLED,274,270
19645,KILLED,268,274,270,267,275,264,265,263
19646,KILLED,268,274,270,267,275,264,265,263
19647,KILLED,265
19648,KILLED,265
19649,KILLED,268,274,270,267,275,264,265,263
19650,KILLED,264,265,263
19651,KILLED,270,275,264,265,263
19652,KILLED,274,270,275,264,265,263
19653,KILLED,274,270,275,264,265,263
19654,KILLED,265
19655,KILLED,270,275,265
19656,KILLED,270,275,265
19657,KILLED,275,265
19658,KILLED,270
19659,KILLED,274
19660,KILLED,265
19661,KILLED,265
19662,KILLED,268,274,270,267,275,264,265,263
19663,KILLED,264,265,263
19664,KILLED,264,265,263
19665,KILLED,264,265,263
19666,KILLED,264,265,263
19667,KILLED,275,265
19668,KILLED,270
19669,KILLED,264,265,263
19670,KILLED,264,265,263
19671,SURVIVED
19672,SURVIVED
19673,KILLED,274,270
19674,KILLED,274
19675,KILLED,268,274,270,267,275
19676,KILLED,268,274,270,267,275
19677,KILLED,274,270,275,264,265,263
19678,KILLED,265
19679,KILLED,264,265,263
19680,KILLED,265
19681,KILLED,264,265,263
19682,SURVIVED
19683,KILLED,268,274,270,267,275,264,265,263
19684,KILLED,264,263
19685,KILLED,264,263
19686,KILLED,264,263
19687,KILLED,264,263
19688,KILLED,264,263
19689,KILLED,268,274,270,267,275,264,265,263
19690,KILLED,264,263
19691,KILLED,376,389,372,370,363,374,378,362,387,383,385,373,379,380,369,375,365,367,382,384,388,386,377,381,364,368
19692,KILLED,376,389,372,370,363,374,378,362,387,383,385,373,379,380,369,375,365,367,382,384,388,386,377,381,364,368
19693,KILLED,389
19694,KILLED,389,370,363,387,385,369,365,367,388,386,377,364
19695,KILLED,376,389,370,363,387,385,373,369,375,365,367,388,386,377,381,364,368
19696,KILLED,376,389,370,363,387,385,369,365,367,388,386,377,381,364
19697,KILLED,376,389,370,363,387,385,369,365,367,388,386,377,381,364
19698,KILLED,376,389
19699,KILLED,376,389,370,363,387,385,369,365,367,388,386,377,381,364
19700,KILLED,376,389,370,363,387,385,369,365,367,388,386,377,381,364
19701,KILLED,376,389
19702,KILLED,376,389
19703,KILLED,376,389
19704,KILLED,376,389
19705,KILLED,376,389
19706,KILLED,376,389
19707,KILLED,376,389,370,363,387,385,369,365,367,388,386,377,381,364
19708,KILLED,376,389,370,363,387,385,369,365,367,388,386,377,381,364
19709,SURVIVED
19710,KILLED,376,389,370,387,385,373,369,367,386,377
19711,KILLED,376,389
19712,KILLED,376,389,370,387,385,373,369,367,386,377
19713,KILLED,376,389
19714,KILLED,376,389
19715,KILLED,376,389
19716,KILLED,376,389
19717,KILLED,376,389
19718,KILLED,389
19719,KILLED,389
19720,KILLED,376,389,370,363,387,385,369,365,367,388,386,377,381,364
19721,KILLED,376,389,370,363,387,385,369,365,367,388,386,377,381,364
19722,SURVIVED
19723,KILLED,376,389
19724,KILLED,376,389
19725,KILLED,376,389
19726,KILLED,376,389
19727,KILLED,376,389
19728,KILLED,389
19729,SURVIVED
19730,KILLED,376,389,370,363,387,385,369,365,367,388,386,377,381,364
19731,SURVIVED
19732,KILLED,370,387,385,373,369,367,386,377
19733,SURVIVED
19734,SURVIVED
19735,SURVIVED
19736,KILLED,376
19737,KILLED,389
19738,KILLED,373,375
19739,KILLED,372,370,363,387,383,380,367,382,384,388,386,364
19740,KILLED,374,385,373,369,375,382,386
19741,KILLED,373,375
19742,SURVIVED
19743,KILLED,373,375
19744,KILLED,372,370,363,387,383,380,367,382,384,388,386,364
19745,KILLED,374,385,373,369,375,382,386
19746,KILLED,372,370,363,374,387,383,385,373,380,369,375,367,382,384,388,386,364
19747,KILLED,373,375
19748,KILLED,373,375
19749,KILLED,373,375
19750,KILLED,373,375
19751,KILLED,373,375
19752,KILLED,373,375
19753,SURVIVED
19754,KILLED,363,388,364
19755,KILLED,373,375
19756,KILLED,373,375
19757,KILLED,372,370,363,387,383,380,367,382,384,388,386,364
19758,KILLED,374,385,373,369,375,382,386
19759,KILLED,372,370,363,374,387,383,385,373,380,369,375,367,382,384,388,386,364
19760,KILLED,373,375
19761,SURVIVED
19762,KILLED,363,373,375,382,388,386,364
19763,KILLED,373,375
19764,KILLED,363,373,375,382,388,386,364
19765,KILLED,373,375
19766,KILLED,373,375
19767,KILLED,363,373,375,388,364
19768,KILLED,373,375
19769,SURVIVED
19770,SURVIVED
19771,KILLED,373,375
19772,KILLED,373,375
19773,KILLED,373,375
19774,KILLED,373,375
19775,KILLED,373,375
19776,KILLED,372,370,363,374,387,383,385,373,380,369,367,382,384,388,386,364
19777,SURVIVED
19778,KILLED,374,385,373,369,375,382,386
19779,SURVIVED
19780,KILLED,373,375
19781,KILLED,373,375
19782,KILLED,373,375
19783,KILLED,373,375
19784,KILLED,373,375
19785,SURVIVED
19786,SURVIVED
19787,SURVIVED
19788,KILLED,373,375
19789,KILLED,373,375
19790,KILLED,372,370,363,387,383,380,367,382,384,388,386,364
19791,SURVIVED
19792,KILLED,372,370,363,374,387,383,385,373,380,369,375,367,382,384,388,386,364
19793,SURVIVED
19794,SURVIVED
19795,KILLED,363,373,375,382,388,386,364
19796,SURVIVED
19797,SURVIVED
19798,KILLED,373,375
19799,SURVIVED
19800,KILLED,363,388,364
19801,SURVIVED
19802,SURVIVED
19803,NO_COVERAGE
19804,KILLED,373,375
19805,KILLED,372,370,363,362,387,383,380,367,382,384,388,386,377,364
19806,KILLED,372,370,363,387,383,380,367,382,384,388,386,364
19807,KILLED,372,370,363,387,383,380,367,382,384,388,386,364
19808,KILLED,374,378,385,373,379,369,375,382,386
19809,KILLED,374,385,373,369,375,382,386
19810,KILLED,374,385,373,369,375,382,386
19811,KILLED,376,389,372,370,363,374,378,362,387,383,385,373,379,380,369,375,365,367,382,384,388,386,377,381,364,368
19812,KILLED,376,389,372,370,363,374,378,362,387,383,385,373,379,380,369,375,365,367,382,384,388,386,377,381,364,368
19813,SURVIVED
19814,KILLED,152,358
19815,SURVIVED
19816,SURVIVED
19817,SURVIVED
19818,KILLED,152,358
19819,KILLED,152,358
19820,KILLED,152,358
19821,KILLED,152,358
19822,KILLED,152,358
19823,KILLED,152,358
19824,KILLED,152,358
19825,KILLED,152,358
19826,KILLED,152,358
19827,KILLED,152,358
19828,TIMED_OUT
19829,KILLED,152,358
19830,SURVIVED
19831,SURVIVED
19832,SURVIVED
19833,NO_COVERAGE
19834,SURVIVED
19835,KILLED,152,358
19836,NO_COVERAGE
19837,SURVIVED
19838,KILLED,152,358
19839,KILLED,152,358
19840,KILLED,152,358
19841,SURVIVED
19842,KILLED,152,358
19843,SURVIVED
19844,KILLED,152,358
19845,SURVIVED
19846,SURVIVED
19847,KILLED,152,358
19848,NO_COVERAGE
19849,KILLED,152,358
19850,SURVIVED
19851,NO_COVERAGE
19852,NO_COVERAGE
19853,NO_COVERAGE
19854,NO_COVERAGE
19855,NO_COVERAGE
19856,NO_COVERAGE
19857,TIMED_OUT
19858,NO_COVERAGE
19859,NO_COVERAGE
19860,NO_COVERAGE
19861,NO_COVERAGE
19862,NO_COVERAGE
19863,NO_COVERAGE
19864,KILLED,152,358
19865,SURVIVED
19866,NO_COVERAGE
19867,NO_COVERAGE
19868,KILLED,152,358
19869,KILLED,152,358
19870,NO_COVERAGE
19871,NO_COVERAGE
19872,NO_COVERAGE
19873,NO_COVERAGE
19874,KILLED,152,358
19875,TIMED_OUT
19876,NO_COVERAGE
19877,NO_COVERAGE
19878,NO_COVERAGE
19879,NO_COVERAGE
19880,KILLED,152,358
19881,KILLED,152,358
19882,SURVIVED
19883,NO_COVERAGE
19884,NO_COVERAGE
19885,KILLED,152,358
19886,KILLED,152,358
19887,NO_COVERAGE
19888,NO_COVERAGE
19889,KILLED,152,358
19890,KILLED,152,358
19891,NO_COVERAGE
19892,NO_COVERAGE
19893,KILLED,152,358
19894,NO_COVERAGE
19895,NO_COVERAGE
19896,TIMED_OUT
19897,NO_COVERAGE
19898,SURVIVED
19899,NO_COVERAGE
19900,NO_COVERAGE
19901,NO_COVERAGE
19902,NO_COVERAGE
19903,NO_COVERAGE
19904,NO_COVERAGE
19905,NO_COVERAGE
19906,NO_COVERAGE
19907,NO_COVERAGE
19908,NO_COVERAGE
19909,NO_COVERAGE
19910,NO_COVERAGE
19911,NO_COVERAGE
19912,NO_COVERAGE
19913,NO_COVERAGE
19914,NO_COVERAGE
19915,NO_COVERAGE
19916,NO_COVERAGE
19917,NO_COVERAGE
19918,NO_COVERAGE
19919,NO_COVERAGE
19920,NO_COVERAGE
19921,NO_COVERAGE
19922,NO_COVERAGE
19923,NO_COVERAGE
19924,NO_COVERAGE
19925,NO_COVERAGE
19926,NO_COVERAGE
19927,NO_COVERAGE
19928,NO_COVERAGE
19929,NO_COVERAGE
19930,NO_COVERAGE
19931,KILLED,113
19932,SURVIVED
19933,KILLED,113
19934,SURVIVED
19935,SURVIVED
19936,SURVIVED
19937,SURVIVED
19938,NO_COVERAGE
19939,NO_COVERAGE
19940,NO_COVERAGE
19941,KILLED,113
19942,NO_COVERAGE
19943,NO_COVERAGE
19944,NO_COVERAGE
19945,KILLED,113
19946,NO_COVERAGE
19947,NO_COVERAGE
19948,NO_COVERAGE
19949,NO_COVERAGE
19950,NO_COVERAGE
19951,NO_COVERAGE
19952,SURVIVED
19953,SURVIVED
19954,SURVIVED
19955,SURVIVED
19956,KILLED,113
19957,SURVIVED
19958,SURVIVED
19959,SURVIVED
19960,SURVIVED
19961,SURVIVED
19962,SURVIVED
19963,KILLED,113
19964,SURVIVED
19965,KILLED,113
19966,SURVIVED
19967,KILLED,113
19968,SURVIVED
19969,NO_COVERAGE
19970,NO_COVERAGE
19971,NO_COVERAGE
19972,NO_COVERAGE
19973,NO_COVERAGE
19974,NO_COVERAGE
19975,NO_COVERAGE
19976,NO_COVERAGE
19977,NO_COVERAGE
19978,NO_COVERAGE
19979,NO_COVERAGE
19980,NO_COVERAGE
19981,NO_COVERAGE
19982,KILLED,113
19983,SURVIVED
19984,KILLED,113
19985,SURVIVED
19986,SURVIVED
19987,KILLED,113
19988,KILLED,113
19989,SURVIVED
19990,KILLED,113
19991,KILLED,113
19992,SURVIVED
19993,SURVIVED
19994,SURVIVED
19995,SURVIVED
19996,NO_COVERAGE
19997,NO_COVERAGE
19998,NO_COVERAGE
19999,NO_COVERAGE
20000,KILLED,113
20001,KILLED,113
20002,KILLED,113
20003,NO_COVERAGE
20004,NO_COVERAGE
20005,NO_COVERAGE
20006,NO_COVERAGE
20007,NO_COVERAGE
20008,NO_COVERAGE
20009,NO_COVERAGE
20010,NO_COVERAGE
20011,NO_COVERAGE
20012,NO_COVERAGE
20013,SURVIVED
20014,KILLED,113
20015,NO_COVERAGE
20016,NO_COVERAGE
20017,KILLED,113
20018,SURVIVED
20019,NO_COVERAGE
20020,NO_COVERAGE
20021,SURVIVED
20022,NO_COVERAGE
20023,NO_COVERAGE
20024,KILLED,113
20025,NO_COVERAGE
20026,NO_COVERAGE
20027,NO_COVERAGE
20028,NO_COVERAGE
20029,SURVIVED
20030,SURVIVED
20031,NO_COVERAGE
20032,NO_COVERAGE
20033,NO_COVERAGE
20034,NO_COVERAGE
20035,NO_COVERAGE
20036,NO_COVERAGE
20037,NO_COVERAGE
20038,NO_COVERAGE
20039,NO_COVERAGE
20040,KILLED,113
20041,SURVIVED
20042,SURVIVED
20043,NO_COVERAGE
20044,NO_COVERAGE
20045,NO_COVERAGE
20046,NO_COVERAGE
20047,KILLED,109,116,113,114,320,325,323,63,66,108,301,306,117,302,317,305,311,115,329,308,330,314,315,328,327,310,304,322,321,319,307,64,65,326,110
20048,KILLED,113,317,305,311,115,329,310,304,321,307
20049,SURVIVED
20050,KILLED,109,116,113,114,320,325,323,63,66,108,301,306,117,302,317,305,311,115,329,308,330,314,315,328,327,310,304,322,321,319,307,64,65,326,110
20051,KILLED,109,116,114,320,325,323,63,66,108,301,306,117,302,308,330,314,315,328,327,322,319,64,65,326,110
20052,KILLED,113,317,305,311,329,310,304,321,307
20053,SURVIVED
20054,KILLED,113,317,305,311,115,329,310,304,321,307
20055,SURVIVED
20056,KILLED,109,116,113,114,320,325,323,63,66,108,301,306,117,302,317,305,311,115,329,308,330,314,315,328,327,310,304,322,321,319,307,64,65,326,110
20057,NO_COVERAGE
20058,KILLED,109,116,113,114,320,325,323,63,66,108,301,306,117,302,317,305,311,115,329,308,330,314,315,328,327,310,304,322,321,319,307,64,65,326,110
20059,TIMED_OUT
20060,KILLED,109,116,113,114,320,325,323,63,66,108,301,306,117,302,317,305,311,115,329,308,330,314,315,328,327,310,304,322,321,319,307,64,65,326,110
20061,KILLED,113,317,305,311,115,329,310,304,321,307
20062,KILLED,317,305,311,115,329,310,304,321,307
20063,TIMED_OUT
20064,KILLED,109,116,114,320,325,323,63,66,108,301,306,117,302,317,305,311,115,329,308,330,314,315,328,327,310,304,322,321,319,307,64,65,326,110
20065,TIMED_OUT
20066,KILLED,317,305,311,115,329,310,304,321,307
20067,TIMED_OUT
20068,KILLED,317,305,311,115,329,310,304,321,307
20069,KILLED,109,116,113,114,320,325,323,63,66,108,301,306,117,302,317,305,311,115,329,308,330,314,315,328,327,310,304,322,321,319,307,64,65,326,110
20070,TIMED_OUT
20071,TIMED_OUT
20072,TIMED_OUT
20073,KILLED,109,116,113,114,320,325,323,63,66,108,301,306,117,302,317,305,311,115,329,308,330,314,315,328,327,310,304,322,321,319,307,64,65,326,110
20074,KILLED,109,116,113,114,320,325,323,63,66,108,301,306,117,302,317,305,311,115,329,308,330,314,315,328,327,310,304,322,321,319,307,64,65,326,110
20075,KILLED,109,116,113,114,320,325,323,63,66,108,301,306,117,302,317,305,311,115,329,308,330,314,315,328,327,310,304,322,321,319,307,64,65,326,110
20076,KILLED,109,113,114,320,325,323,108,301,306,117,302,317,305,311,115,329,308,330,314,315,328,327,310,304,322,321,319,307,326,110
20077,KILLED,109,116,114,320,325,323,63,66,108,301,306,117,302,317,305,311,115,329,308,330,314,315,328,327,310,304,322,321,319,307,64,65,326,110
20078,TIMED_OUT
20079,KILLED,109,113,114,320,325,323,108,301,306,117,302,317,305,311,115,329,308,330,314,315,328,327,310,304,322,321,319,307,326,110
20080,KILLED,109,116,114,320,325,323,63,66,108,301,306,117,302,317,305,311,115,329,308,330,314,315,328,327,310,304,322,321,319,307,64,65,326,110
20081,TIMED_OUT
20082,KILLED,109,113,114,320,325,323,108,301,306,117,302,317,305,311,115,329,308,330,314,315,328,327,310,304,322,321,319,307,326,110
20083,KILLED,317,305,311,115,329,310,304,321,307
20084,KILLED,109,116,113,114,320,325,323,63,66,108,301,306,117,302,317,305,311,115,329,308,330,314,315,328,327,310,304,322,321,319,307,64,65,326,110
20085,KILLED,109,116,113,114,320,325,323,63,66,108,301,306,117,302,317,305,311,115,329,308,330,314,315,328,327,310,304,322,321,319,307,64,65,326,110
20086,KILLED,109,116,113,114,320,325,323,63,66,108,301,306,117,302,317,305,311,115,329,308,330,314,315,328,327,310,304,322,321,319,307,64,65,326,110
20087,KILLED,109,113,114,320,325,323,108,301,306,117,302,317,305,311,115,329,308,330,314,315,328,327,310,304,322,321,319,307,326,110
20088,KILLED,109,116,114,320,325,323,108,301,306,302,317,305,311,329,308,330,314,315,328,327,310,304,322,321,319,307,326,110
20089,KILLED,109,116,114,320,325,323,108,301,306,302,308,330,314,315,328,327,322,319,326,110
20090,SURVIVED
20091,SURVIVED
20092,KILLED,109,116,114,320,325,323,108,301,306,302,308,330,314,315,328,327,322,319,326,110
20093,NO_COVERAGE
20094,KILLED,109,116,114,320,325,323,63,66,108,301,306,117,302,317,305,311,115,329,308,330,314,315,328,327,310,304,322,321,319,307,64,65,326,110
20095,NO_COVERAGE
20096,KILLED,109,116,114,320,325,323,63,66,108,301,306,117,302,317,305,311,115,329,308,330,314,315,328,327,310,304,322,321,319,307,64,65,326,110
20097,KILLED,109,116,114,320,325,323,108,301,306,302,317,305,311,329,308,330,314,315,328,327,310,304,322,321,319,307,326,110
20098,KILLED,109,116,114,320,325,323,108,301,306,302,317,305,311,329,308,330,314,315,328,327,310,304,322,321,319,307,326,110
20099,KILLED,109,116,114,320,325,323,108,301,306,302,308,330,314,315,328,327,322,319,307,326,110
20100,KILLED,109,116,114,320,325,323,108,301,306,302,317,305,311,329,308,330,314,315,328,327,310,304,322,321,319,307,326,110
20101,SURVIVED
20102,KILLED,109,116,114,320,325,323,108,301,306,302,317,305,311,329,308,330,314,315,328,327,310,304,322,321,319,307,326,110
20103,KILLED,109,116,114,320,325,323,108,301,306,302,317,305,311,329,308,330,314,315,328,327,310,304,322,321,319,307,326,110
20104,KILLED,109,116,114,320,325,323,108,301,306,302,317,305,311,329,308,330,314,315,328,327,310,304,322,321,319,307,326,110
20105,SURVIVED
20106,SURVIVED
20107,NO_COVERAGE
20108,TIMED_OUT
20109,NO_COVERAGE
20110,SURVIVED
20111,SURVIVED
20112,KILLED,113,317,305,311,115,329,310,304,321,307
20113,KILLED,114,108,110
20114,NO_COVERAGE
20115,KILLED,114,108,110
20116,KILLED,114,108,110
20117,KILLED,114,108,110
20118,KILLED,114,108,110
20119,KILLED,114,108,110
20120,SURVIVED
20121,SURVIVED
20122,KILLED,114,108,110
20123,SURVIVED
20124,SURVIVED
20125,NO_COVERAGE
20126,TIMED_OUT
20127,NO_COVERAGE
20128,NO_COVERAGE
20129,NO_COVERAGE
20130,NO_COVERAGE
20131,NO_COVERAGE
20132,NO_COVERAGE
20133,NO_COVERAGE
20134,NO_COVERAGE
20135,NO_COVERAGE
20136,NO_COVERAGE
20137,NO_COVERAGE
20138,NO_COVERAGE
20139,NO_COVERAGE
20140,NO_COVERAGE
20141,NO_COVERAGE
20142,NO_COVERAGE
20143,NO_COVERAGE
20144,NO_COVERAGE
20145,NO_COVERAGE
20146,NO_COVERAGE
20147,NO_COVERAGE
20148,NO_COVERAGE
20149,NO_COVERAGE
20150,NO_COVERAGE
20151,NO_COVERAGE
20152,NO_COVERAGE
20153,NO_COVERAGE
20154,KILLED,242,238,241,239,243,240
20155,NO_COVERAGE
20156,NO_COVERAGE
20157,SURVIVED
20158,KILLED,242,238
20159,KILLED,241,239,243,240
20160,KILLED,242,238
20161,KILLED,241,239,243,240
20162,KILLED,242,238
20163,KILLED,241,239,243,240
20164,KILLED,242,238
20165,KILLED,241,239,243,240
20166,SURVIVED
20167,SURVIVED
20168,SURVIVED
20169,SURVIVED
20170,KILLED,242,238
20171,KILLED,241,239,243,240
20172,KILLED,242,238
20173,KILLED,241,239,243,240
20174,KILLED,242,238,241,239,243,240
20175,KILLED,242,238
20176,KILLED,241,239,243,240
20177,KILLED,242,238,241,239,243,240
20178,KILLED,242,238,241,239,243,240
20179,KILLED,242,238
20180,KILLED,242,238,241,239,243,240
20181,KILLED,241,239
20182,SURVIVED
20183,KILLED,242,238,241,239,243,240
20184,KILLED,242,238
20185,KILLED,238,241
20186,KILLED,242,238
20187,KILLED,242,238
20188,KILLED,241,239,243,240
20189,KILLED,238,243,240
20190,KILLED,241,239
20191,KILLED,241,239
20192,KILLED,242,238,241,239,243,240
20193,KILLED,242,238,241,239,243,240
20194,KILLED,242,238,241,239,243,240
20195,KILLED,241,239
20196,KILLED,242,238,241,239,243,240
20197,KILLED,242,238,241,239,243,240
20198,KILLED,242,238,241,239,243,240
20199,KILLED,242,238,241,239,243,240
20200,KILLED,242,238,241,239,243,240
20201,KILLED,242,238,241,239,243,240
20202,KILLED,242,238,241,239,243,240
20203,KILLED,242,238,241,239,243,240
20204,KILLED,238,240
20205,KILLED,242,238,241,239,243,240
20206,KILLED,242,238,241,239,243,240
20207,KILLED,241,239,243,240
20208,KILLED,242,238
20209,KILLED,242,238,241,239,243,240
20210,KILLED,242,238,241,239,243,240
20211,KILLED,242,238,241,239,243,240
20212,KILLED,241,239
20213,KILLED,242,238,241,239,243,240
20214,KILLED,241,239,243,240
20215,KILLED,238,241
20216,KILLED,242,238,241,239,243,240
20217,KILLED,242,238
20218,KILLED,238,240
20219,KILLED,241,239
20220,KILLED,242,238,241,239,243,240
20221,KILLED,242,238
20222,KILLED,242,238,241,239,243,240
20223,SURVIVED
20224,KILLED,241,239,243,240
20225,KILLED,242,238,241,239,243,240
20226,KILLED,242,238,241,239,243,240
20227,KILLED,238,240
20228,SURVIVED
20229,KILLED,242,238,241,239,243,240
20230,KILLED,242,238,241,239,243,240
20231,KILLED,242,238,241,239,243,240
20232,KILLED,242,238,241,239,243,240
20233,KILLED,241,239,243,240
20234,SURVIVED
20235,SURVIVED
20236,SURVIVED
20237,KILLED,242,238,241,239,243,240
20238,KILLED,242,238,241,239,243,240
20239,KILLED,241,239,243,240
20240,KILLED,242,238,241,239,243,240
20241,KILLED,242,238,241,239,243,240
20242,KILLED,242,238,241,239,243,240
20243,KILLED,241,239,243,240
20244,KILLED,242,238,241,239,243,240
20245,KILLED,242,238
20246,KILLED,241,239,243,240
20247,KILLED,242,238,241,239,243,240
20248,KILLED,242,238,241,239,243,240
20249,KILLED,242,238,241,239,243,240
20250,KILLED,242,238,241,239,243,240
20251,SURVIVED
20252,TIMED_OUT
20253,KILLED,242,238,241,239,243,240
20254,SURVIVED
20255,TIMED_OUT
20256,KILLED,242,238,241,239,243,240
20257,NO_COVERAGE
20258,KILLED,3,10,1,11,12,8,2,5
20259,NO_COVERAGE
20260,KILLED,1,11,12,8,2,5
20261,KILLED,3,10,1,11,12,8,2,5
20262,KILLED,1,11,12,8,2,5
20263,KILLED,1,11,12,8,2,5
20264,KILLED,3,10,1,11,12,8,2,5
20265,KILLED,154,13,15,1,11,12,8,2,5
20266,KILLED,154,13,15,3,10,1,11,12,8,2,5
20267,KILLED,154,13,15,3,10,1,11,12,8,2,5
20268,KILLED,9,360,154,13,15,3,10,1,11,12,8,2,5
20269,KILLED,154,13,15,3,10,1,11,12,8,2,5
20270,KILLED,9,360,154,13,15,3,10,1,11,12,8,2,5
20271,KILLED,9,360,154,13,15,3,10,1,11,12,8,2,5
20272,KILLED,9,360,154,13,15,3,10,1,11,12,8,2,5
20273,KILLED,9,360,154,13,15,3,10,1,11,12,8,2,5
20274,KILLED,154,13,15,3,10,1,11,12,8,2,5
20275,KILLED,9,360,154,13,15,3,10,1,11,12,8,2,5
20276,SURVIVED
20277,KILLED,154,13,15,3,10,1,11,12,8,2,5
20278,KILLED,154,13,15,1,11,12,8,2,5
20279,KILLED,154,13,15,1,11,12,8,2,5
20280,KILLED,9,360,154,13,15,3,10,1,11,12,8,2,5
20281,KILLED,9,360,154,13,15,3,10,1,11,12,8,2,5
20282,KILLED,9,360,154,13,15,3,10,1,11,12,8,2,5
20283,KILLED,154,13,15,3,10,11,12,8,2,5
20284,KILLED,154,13,15,3,10,1,11,12,8,2,5
20285,KILLED,154,13,15,3,10,11,12,8,2,5
20286,KILLED,154,13,15,3,10,1,11,12,8,2,5
20287,SURVIVED
20288,SURVIVED
20289,KILLED,154,13,15,3,10,1,11,12,8,2,5
20290,KILLED,154,13,15,3,10,11,12,8,2,5
20291,KILLED,154,13,15,3,10,1,11,12,8,2,5
20292,KILLED,9,360,154,13,15,3,10,1,11,12,8,2,5
20293,SURVIVED
20294,KILLED,9,360,154,13,15,3,10,1,11,12,8,2,5
20295,KILLED,9,360,154,13,15,3,10,1,11,12,8,2,5
20296,KILLED,9,360,154,13,15,3,10,1,11,12,8,2,5
20297,KILLED,9,360,154,13,15,3,10,1,11,12,8,2,5
20298,SURVIVED
20299,SURVIVED
20300,KILLED,9,360,154,13,15,3,10,1,11,12,8,2,5
20301,KILLED,9,360,154,13,15,3,10,1,11,12,8,2,5
20302,KILLED,154,13,15,3,10,1,11,12,8,2,5
20303,KILLED,154,13,15,3,10,1,11,12,8,2,5
20304,KILLED,9,360,154,13,15,3,10,1,11,12,8,2,5
20305,KILLED,9,360,154,13,15,3,10,1,11,12,8,2,5
20306,KILLED,9,360,154,13,15,1,11,12,8,2,5
20307,KILLED,9,360,154,13,15,1,11,12,8,2,5
20308,KILLED,9,360,154,13,15,1,11,12,8,2,5
20309,KILLED,9,360,154,13,15,1,11,12,8,2,5
20310,KILLED,9,360,154,13,15,1,11,12,8,2,5
20311,SURVIVED
20312,KILLED,9,360,154,13,15,1,11,12,8,2,5
20313,KILLED,9,360,154,13,15,1,11,12,8,2,5
20314,SURVIVED
20315,SURVIVED
20316,NO_COVERAGE
20317,NO_COVERAGE
20318,NO_COVERAGE
20319,SURVIVED
20320,KILLED,9,360,154,13,15,3,10,1,11,12,8,2,5
20321,KILLED,9,360,154,13,15,1,11,12,8,2,5
20322,KILLED,9,360,154,13,15,3,10,1,11,12,8,2,5
20323,KILLED,9,360,154,13,15,3,10,1,11,12,8,2,5
20324,KILLED,9,360,154,13,15,3,10,1,11,12,8,2,5
20325,KILLED,9,360,154,13,15,1,11,12,8,2,5
20326,KILLED,9,360,154,13,15,3,10,1,11,12,8,2,5
20327,KILLED,9,360,154,13,15,1,11,12,8,2,5
20328,KILLED,9,360,154,13,15,3,10,1,11,12,8,2,5
20329,KILLED,9,360,154,13,15,3,10,1,11,12,8,2,5
20330,KILLED,9,360,154,13,15,3,10,1,11,12,8,2,5
20331,KILLED,9,360,154,13,15,3,10,1,11,12,8,2,5
20332,NO_COVERAGE
20333,NO_COVERAGE
20334,NO_COVERAGE
20335,NO_COVERAGE
20336,KILLED,9,360,154,13,15,1,11,12,8,2,5
20337,SURVIVED
20338,KILLED,9,360,154,13,15,3,10,1,11,12,8,2,5
20339,SURVIVED
20340,KILLED,9,360,154,13,15,3,10,1,11,12,8,2,5
20341,KILLED,9,360,154,13,15,1,11,12,8,2,5
20342,KILLED,9,360,154,13,15,1,11,12,8,2,5
20343,KILLED,9,360,154,13,15,3,10,1,11,12,8,2,5
20344,SURVIVED
20345,NO_COVERAGE
20346,NO_COVERAGE
20347,NO_COVERAGE
20348,NO_COVERAGE
20349,NO_COVERAGE
20350,NO_COVERAGE
20351,NO_COVERAGE
20352,NO_COVERAGE
20353,NO_COVERAGE
20354,NO_COVERAGE
20355,NO_COVERAGE
20356,KILLED,358,242,239,243
20357,KILLED,358,242,239,243
20358,SURVIVED
20359,KILLED,358,242,239,243
20360,KILLED,358,242,239,243
20361,NO_COVERAGE
20362,NO_COVERAGE
20363,NO_COVERAGE
20364,NO_COVERAGE
20365,NO_COVERAGE
20366,NO_COVERAGE
20367,NO_COVERAGE
20368,NO_COVERAGE
20369,NO_COVERAGE
20370,NO_COVERAGE
20371,NO_COVERAGE
20372,NO_COVERAGE
20373,NO_COVERAGE
20374,SURVIVED
20375,KILLED,358
20376,SURVIVED
20377,TIMED_OUT
20378,KILLED,358,242,239,243
20379,SURVIVED
20380,KILLED,358
20381,KILLED,358
20382,KILLED,358,242,239,243
20383,KILLED,358,242,239,243
20384,KILLED,358,242,239,243
20385,KILLED,358
20386,KILLED,358
20387,KILLED,358
20388,SURVIVED
20389,KILLED,358,242,239,243
20390,TIMED_OUT
20391,KILLED,358,242,239,243
20392,SURVIVED
20393,KILLED,358
20394,NO_COVERAGE
20395,NO_COVERAGE
20396,NO_COVERAGE
20397,NO_COVERAGE
20398,KILLED,242,239,243
20399,KILLED,242,239,243
20400,SURVIVED
20401,SURVIVED
20402,SURVIVED
20403,SURVIVED
20404,SURVIVED
20405,NO_COVERAGE
20406,SURVIVED
20407,SURVIVED
20408,NO_COVERAGE
20409,SURVIVED
20410,SURVIVED
20411,SURVIVED
20412,SURVIVED
20413,KILLED,242,239,243
20414,SURVIVED
20415,KILLED,242,239,243
20416,TIMED_OUT
20417,TIMED_OUT
20418,KILLED,242,239,243
20419,SURVIVED
20420,SURVIVED
20421,SURVIVED
20422,KILLED,242,239,243
20423,SURVIVED
20424,SURVIVED
20425,SURVIVED
20426,SURVIVED
20427,KILLED,242,239,243
20428,SURVIVED
20429,NO_COVERAGE
20430,NO_COVERAGE
20431,KILLED,242,239,243
20432,SURVIVED
20433,SURVIVED
20434,NO_COVERAGE
20435,NO_COVERAGE
20436,NO_COVERAGE
20437,NO_COVERAGE
20438,NO_COVERAGE
20439,NO_COVERAGE
20440,NO_COVERAGE
20441,NO_COVERAGE
20442,NO_COVERAGE
20443,NO_COVERAGE
20444,NO_COVERAGE
20445,NO_COVERAGE
20446,NO_COVERAGE
20447,SURVIVED
20448,SURVIVED
20449,SURVIVED
20450,SURVIVED
20451,SURVIVED
20452,KILLED,289,273,485,466,79,483,450,261,257,27,482,253,449,170,292,172,372,192,248,357,149,370,131,242,153,350,132,238,171,352,212,241,363,374,378,239,51,362,387,383,385,221,373,379,380,369,375,243,377,411,240
20453,KILLED,372,192,370,131,132,212,363,374,378,362,387,383,385,373,379,380,369,375
20454,SURVIVED
20455,KILLED,372,192,370,131,132,212,363,374,378,362,387,383,385,373,379,380,369,375
20456,TIMED_OUT
20457,KILLED,289,75,273,266,264,298,263,119,118,120,79,21,27,170,172,77,357,149,242,153,238,171,241,239,51,243,240,82
20458,KILLED,372,192,370,131,132,212,363,374,378,362,387,383,385,373,379,380,369,375
20459,TIMED_OUT
20460,TIMED_OUT
20461,KILLED,289,273,485,466,79,483,450,261,257,27,482,253,449,170,292,172,372,192,248,357,149,370,131,242,153,350,132,238,171,352,212,241,363,374,378,239,51,362,387,383,385,221,373,379,380,369,375,243,377,411,240
20462,TIMED_OUT
20463,KILLED,372,192,370,131,132,212,363,374,378,362,387,383,385,373,379,380,369,375
20464,KILLED,273,485,466,79,483,450,261,257,482,253,449,292,372,248,357,149,370,242,153,350,238,352,241,363,374,378,239,51,362,387,383,385,221,373,379,380,369,375,243,377,411,240
20465,KILLED,32,31,25,83,80,161,391,392,453,395,120,157,79,394,484,446,81,483,486,22,27,4,482,299,133,30,97,9,360,170,216,23,172,293,467,372,192,469,26,461,451,471,477,460,213,357,447,358,370,285,448,454,242,17,393,185,398,474,452,455,459,480,479,473,472,463,171,24,465,462,352,28,458,355,212,356,363,374,378,353,239,362,387,383,385,221,373,379,380,369,375,243,128,1,365,367,397,382,384,388,400,386,377,381,89,364,351,368,98,402,390,82,470
20466,KILLED,32,31,25,83,160,80,161,391,392,453,395,120,157,79,394,484,446,81,483,486,22,27,4,482,299,133,30,29,97,9,360,170,216,23,172,293,467,372,192,469,26,461,451,471,477,460,396,213,357,447,358,370,162,285,448,454,242,17,393,185,398,219,474,287,452,455,459,480,479,473,472,463,171,403,401,24,465,462,361,409,352,28,458,405,355,212,356,363,374,378,353,239,51,362,387,383,385,52,159,221,373,379,380,369,375,243,359,128,1,365,367,397,382,384,388,400,386,377,381,89,364,351,368,98,402,390,82,470
20467,KILLED,32,31,25,83,80,161,391,392,453,395,120,157,79,394,484,446,81,483,486,22,27,4,482,299,133,30,97,9,360,170,216,23,172,293,467,372,192,469,26,461,451,471,477,460,213,357,447,358,370,285,448,454,242,17,393,185,398,474,452,455,459,480,479,473,472,463,171,24,465,462,352,28,458,355,212,356,363,374,378,353,239,362,387,383,385,221,373,379,380,369,375,243,128,1,365,367,397,382,384,388,400,386,377,381,89,364,351,368,98,402,390,82,470
20468,KILLED,32,31,25,80,161,391,392,453,395,120,157,79,394,484,446,81,483,486,22,27,4,482,299,133,30,97,9,360,170,216,23,172,293,467,372,192,469,26,461,451,471,477,460,213,357,447,358,370,285,448,454,242,17,393,185,398,474,452,455,459,480,479,473,472,463,171,24,465,462,352,28,458,355,212,356,363,374,378,353,239,362,387,383,385,221,373,379,380,369,375,243,128,1,365,367,397,382,384,388,400,386,377,381,89,364,351,368,98,402,390,82,470
20469,TIMED_OUT
20470,KILLED,4,299,9,360,216,293,358,285,242,17,287,403,401,409,405,353,239,51,52,221,243,359,365,367,382,388,400,386,377,381,364,368,402
20471,KILLED,173,175,32,31,25,83,160,134,80,161,136,391,392,453,395,120,157,283,88,79,394,484,446,87,81,483,486,22,27,4,482,299,133,30,29,97,9,360,170,252,216,292,23,172,250,251,293,467,372,249,192,135,469,26,461,130,451,471,477,460,396,248,213,357,447,358,370,162,131,129,285,448,454,242,17,393,185,398,350,219,132,474,287,452,455,459,480,479,473,472,463,171,403,401,24,465,462,361,409,352,28,458,405,355,212,356,363,374,378,353,239,51,114,362,387,383,385,52,159,221,373,379,380,369,108,375,243,359,128,1,365,367,397,382,384,388,400,386,377,381,89,364,351,368,98,402,390,82,470,110
20472,KILLED,32,31,25,83,160,134,80,161,136,391,392,453,395,120,157,283,88,79,394,484,446,87,81,483,486,22,27,4,482,299,133,30,29,97,9,360,170,252,216,292,23,172,250,251,293,467,372,249,192,135,469,26,461,130,451,471,477,460,396,248,213,357,447,358,370,162,131,129,285,448,454,242,17,393,185,398,350,219,132,474,287,452,455,459,480,479,473,472,463,171,403,401,24,465,462,361,409,352,28,458,405,355,212,356,363,374,378,353,239,51,114,362,387,383,385,52,159,221,373,379,380,369,108,375,243,359,128,1,365,367,397,382,384,388,400,386,377,381,89,364,351,368,98,402,390,82,470,110
20473,NO_COVERAGE
20474,TIMED_OUT
20475,SURVIVED
20476,TIMED_OUT
20477,SURVIVED
20478,KILLED,160,134,396,24,365
20479,KILLED,160,134,396,24,365
20480,KILLED,173,175,32,31,25,83,160,134,80,161,136,391,392,453,395,120,157,88,79,394,484,446,87,81,483,486,22,27,4,482,299,133,30,29,97,9,360,170,252,216,292,23,172,250,251,293,467,372,249,192,135,469,26,461,130,451,471,477,460,396,248,213,357,447,358,370,162,131,129,285,448,454,242,17,393,185,398,350,219,132,474,287,452,455,459,480,479,473,472,463,171,403,401,24,465,462,361,409,352,28,458,405,355,212,356,363,374,378,353,239,51,362,387,383,385,52,159,221,373,379,380,369,375,243,359,128,1,365,367,397,382,384,388,400,386,377,381,89,364,351,368,98,402,390,82,470
20481,KILLED,173,175,32,31,25,83,160,134,80,161,136,391,392,453,395,120,157,283,88,79,394,484,446,87,81,483,486,22,27,4,482,299,133,30,29,97,9,360,170,252,216,292,23,172,250,251,293,467,372,249,192,135,469,26,461,130,451,471,477,460,396,248,213,357,447,358,370,162,131,129,285,448,454,242,17,393,185,398,350,219,132,474,287,452,455,459,480,479,473,472,463,171,403,401,24,465,462,361,409,352,28,458,405,355,212,356,363,374,378,353,239,51,114,362,387,383,385,52,159,221,373,379,380,369,108,375,243,359,128,1,365,367,397,382,384,388,400,386,377,381,89,364,351,368,98,402,390,82,470,110
20482,KILLED,173,175,32,31,25,83,160,134,80,161,136,391,392,453,395,120,157,283,88,79,394,484,446,87,81,483,486,22,27,4,482,299,133,30,29,97,9,360,170,252,216,292,23,172,250,251,293,467,372,249,192,135,469,26,461,130,451,471,477,460,396,248,213,357,447,358,370,162,131,129,285,448,454,242,17,393,185,398,350,219,132,474,287,452,455,459,480,479,473,472,463,171,403,401,24,465,462,361,409,352,28,458,405,355,212,356,363,374,378,353,239,51,114,362,387,383,385,52,159,221,373,379,380,369,108,375,243,359,128,1,365,367,397,382,384,388,400,386,377,381,89,364,351,368,98,402,390,82,470,110
20483,KILLED,173,175,32,31,25,83,160,134,80,161,136,391,392,453,395,120,157,283,88,79,394,484,446,87,81,483,486,22,27,4,482,299,133,30,29,97,9,360,170,252,216,292,23,172,250,251,293,467,372,249,192,135,469,26,461,130,451,471,477,460,396,248,213,357,447,358,370,162,131,129,285,448,454,242,17,393,185,398,350,219,132,474,287,452,455,459,480,479,473,472,463,171,403,401,24,465,462,361,409,352,28,458,405,355,212,356,363,374,378,353,239,51,114,362,387,383,385,52,159,221,373,379,380,369,108,375,243,359,128,1,365,367,397,382,384,388,400,386,377,381,89,364,351,368,98,402,390,82,470,110
20484,KILLED,173,175,32,31,25,83,80,161,136,391,392,453,395,120,157,88,79,394,484,446,87,81,483,486,22,27,4,482,299,133,30,97,9,360,170,252,216,292,23,172,250,251,293,467,372,249,192,135,469,26,461,130,451,471,477,460,248,213,357,447,358,370,131,129,285,448,454,242,17,393,185,398,350,132,474,452,455,459,480,479,473,472,463,171,24,465,462,352,28,458,355,212,356,363,374,378,353,239,362,387,383,385,221,373,379,380,369,375,243,128,1,365,367,397,382,384,388,400,386,377,381,89,364,351,368,98,402,390,82,470
20485,TIMED_OUT
20486,TIMED_OUT
20487,KILLED,173,175,32,31,25,83,80,161,136,391,392,453,395,120,157,88,79,394,484,446,87,81,483,486,22,27,4,482,299,133,30,97,9,360,170,252,216,292,23,172,250,251,293,467,372,249,192,135,469,26,461,130,451,471,477,460,248,213,357,447,358,370,131,129,285,448,454,242,17,393,185,398,350,132,474,452,455,459,480,479,473,472,463,171,24,465,462,352,28,458,355,212,356,363,374,378,353,239,362,387,383,385,221,373,379,380,369,375,243,128,1,365,367,397,382,384,388,400,386,377,381,89,364,351,368,98,402,390,82,470
20488,TIMED_OUT
20489,TIMED_OUT
20490,KILLED,173,175,32,31,25,80,161,136,391,392,453,395,120,157,88,79,394,484,446,87,81,483,486,22,27,4,482,299,133,30,97,9,360,170,252,216,292,23,172,250,251,293,467,372,249,192,135,469,26,461,130,451,471,477,460,248,213,357,447,358,370,131,129,285,448,454,242,17,393,185,398,350,132,474,452,455,459,480,479,473,472,463,171,24,465,462,352,28,458,355,212,356,363,374,378,353,239,362,387,383,385,221,373,379,380,369,375,243,128,1,365,367,397,382,384,388,400,386,377,381,89,364,351,368,98,402,390,82,470
20491,KILLED,173,175,32,31,25,83,160,134,80,161,136,391,392,453,395,120,157,283,88,79,394,484,446,87,81,483,486,22,27,4,482,299,133,30,29,97,9,360,170,252,216,292,23,172,250,251,293,467,372,249,192,135,469,26,461,130,451,471,477,460,396,248,213,357,447,358,370,162,131,129,285,448,454,242,17,393,185,398,350,219,132,474,287,452,455,459,480,479,473,472,463,171,403,401,24,465,462,361,409,352,28,458,405,355,212,356,363,374,378,353,239,51,114,362,387,383,385,52,159,221,373,379,380,369,108,375,243,359,128,1,365,367,397,382,384,388,400,386,377,381,89,364,351,368,98,402,390,82,470,110
20492,KILLED,173,175,32,31,25,83,160,134,80,161,136,391,392,453,395,120,157,283,88,79,394,484,446,87,81,483,486,22,27,4,482,299,133,30,29,97,9,360,170,252,216,292,23,172,250,251,293,467,372,249,192,135,469,26,461,130,451,471,477,460,396,248,213,357,447,358,370,162,131,129,285,448,454,242,17,393,185,398,350,219,132,474,287,452,455,459,480,479,473,472,463,171,403,401,24,465,462,361,409,352,28,458,405,355,212,356,363,374,378,353,239,51,114,362,387,383,385,52,159,221,373,379,380,369,108,375,243,359,128,1,365,367,397,382,384,388,400,386,377,381,89,364,351,368,98,402,390,82,470,110
20493,SURVIVED
20494,SURVIVED
20495,SURVIVED
20496,KILLED,173,175,32,31,25,83,160,134,80,161,136,391,392,453,395,120,157,283,88,79,394,484,446,87,81,483,486,22,27,4,482,299,133,30,29,97,9,360,170,252,216,292,23,172,250,251,293,467,372,249,192,135,469,26,461,130,451,471,477,460,396,248,213,357,447,358,370,162,131,129,285,448,454,242,17,393,185,398,350,219,132,474,287,452,455,459,480,479,473,472,463,171,403,401,24,465,462,361,409,352,28,458,405,355,212,356,363,374,378,353,239,51,114,362,387,383,385,52,159,221,373,379,380,369,108,375,243,359,128,1,365,367,397,382,384,388,400,386,377,381,89,364,351,368,98,402,390,82,470,110
20497,TIMED_OUT
20498,KILLED,173,174,175,79,30,29,23,372,370,185,452,459,24,462,28,114,387,383,108,470
20499,KILLED,173,175
20500,TIMED_OUT
20501,SURVIVED
20502,SURVIVED
20503,SURVIVED
20504,SURVIVED
20505,TIMED_OUT
20506,SURVIVED
20507,KILLED,283,22,27,30,29,23,185,474,452,455,459,480,479,473,472,463,24,465,462,28,458,114,387,383,108,470,110
20508,KILLED,283,22,27,30,29,23,185,474,452,455,459,480,479,473,472,463,24,465,462,28,458,114,387,383,108,470,110
20509,TIMED_OUT
20510,KILLED,174,175,79,30,29,23,185,474,452,455,459,480,479,473,472,463,24,465,462,28,458,114,387,383,108,470
20511,KILLED,173,175
20512,SURVIVED
20513,SURVIVED
20514,TIMED_OUT
20515,KILLED,173,175
20516,TIMED_OUT
20517,SURVIVED
20518,KILLED,173,175
20519,KILLED,173,175
20520,TIMED_OUT
20521,KILLED,174,175,79,30,23,185,474,452,455,459,480,479,473,472,463,24,465,462,28,458,387,383,470
20522,SURVIVED
20523,KILLED,173,175
20524,TIMED_OUT
20525,SURVIVED
20526,SURVIVED
20527,KILLED,173,175
20528,KILLED,173,174,175,79,23
20529,KILLED,289,274,270,275,264,263,170,172,152,357,149,358,153,171,82
20530,KILLED,289,357,149,153
20531,KILLED,274,270,275,264,263,357,149,153
20532,KILLED,274,270,275,264,263,357,149,153
20533,KILLED,61,62,60
20534,KILLED,61,62,60
20535,KILLED,61,62,60
20536,KILLED,61,62,60
20537,SURVIVED
20538,SURVIVED
20539,KILLED,61,62,60
20540,KILLED,61,62,60
20541,KILLED,61,62,60,1,11,12,8
20542,KILLED,61,62,60
20543,KILLED,61,62,60
20544,SURVIVED
20545,KILLED,61,62,60,1,11,12,8,2,5
20546,KILLED,61,62,60
20547,KILLED,61,62,60,1,11,12,8,2,5
20548,KILLED,61,62,60,1,11,12,8,2,5
20549,KILLED,61,62,60
20550,KILLED,61,62,60
20551,KILLED,61,62,60
20552,KILLED,61,62,60
20553,KILLED,61,62,60
20554,KILLED,61,62,60
20555,KILLED,208,61,62,60,88,87,349,6,257,456,457,4,253,481,16,252,292,250,251,249,461,471,477,460,248,15,17,393,398,350,452,455,459,465,462,258,28,458,363,374,378,362,385,373,379,380,369,375,1,11,12,8,2,5
20556,NO_COVERAGE
20557,KILLED,208,60,88,87,349,257,456,457,253,481,252,292,250,251,249,461,471,477,460,248,398,350,452,455,459,465,462,258,28,458,363,374,378,362,385,373,379,380,369,375,1,11,12,8
20558,NO_COVERAGE
20559,KILLED,61,62,60,6,4,360,154,15,452,480,479
20560,KILLED,61,62,60,6,4,15,452
20561,KILLED,208,60,88,87,349,257,456,457,253,481,252,292,250,251,249,461,471,477,460,248,393,398,350,452,455,459,465,462,258,28,458,363,374,378,362,385,373,379,380,369,375,1,11,12,8
20562,KILLED,360,154,480,479
20563,SURVIVED
20564,KILLED,61,62,6,4,16,15,17,2,5
20565,KILLED,208,60,88,87,349,257,456,457,253,481,252,292,250,251,249,461,471,477,460,248,398,350,452,455,459,465,462,258,28,458,363,374,378,362,385,373,379,380,369,375,1,11,12,8
20566,KILLED,360,154,480,479
20567,SURVIVED
20568,SURVIVED
20569,KILLED,61,62,60,6,4,15,452,480,479
20570,KILLED,61,62,60,6,4,15,452
20571,KILLED,208,60,88,87,349,257,456,457,253,481,252,292,250,251,249,461,471,477,460,248,393,398,350,452,455,459,465,462,258,28,458,363,374,378,362,385,373,379,380,369,375,1,11,12,8
20572,KILLED,90,453,468,395,466,464,394,446,450,261,22,27,218,299,133,449,30,29,300,97,347,9,360,216,23,293,145,154,467,135,469,152,348,262,259,26,461,13,130,451,471,477,460,346,260,213,357,149,286,447,358,131,129,285,448,148,454,242,153,185,219,332,132,474,287,455,459,480,479,178,473,472,463,238,151,24,465,462,361,352,258,220,458,150,214,212,155,146,241,356,336,353,239,179,387,383,217,221,215,243,7,3,359,128,10,14,365,367,397,382,384,388,400,386,377,381,89,364,351,368,98,240,402,470
20573,NO_COVERAGE
20574,KILLED,61,62,6,4,16,15,17,2,5
20575,KILLED,208,60,88,87,349,257,456,457,253,481,252,292,250,251,249,461,471,477,460,248,398,350,452,455,459,465,462,258,28,458,363,374,378,362,385,373,379,380,369,375,1,11,12,8
20576,NO_COVERAGE
20577,KILLED,61,62,60,28,12,8
20578,SURVIVED
20579,SURVIVED
20580,KILLED,28,1,11,12,8
20581,KILLED,60,28,1,11,12,8
20582,KILLED,61,62,60,28,12,8
20583,KILLED,61,62,60,28
20584,KILLED,61,62,60,28,12,8
20585,KILLED,28,1,11,12,8
20586,KILLED,61,62,60,28,1,11,12,8
20587,KILLED,61,62,60,28,12,8
20588,KILLED,60
20589,KILLED,28,1,11,12,8
20590,KILLED,61,62,60,28,1,11,12,8
20591,KILLED,480,479
20592,KILLED,480,479
20593,KILLED,360,154
20594,KILLED,61,62,60,6,4,15,452
20595,KILLED,61,62,60,6,4,15,452,480,479
20596,KILLED,61,62,60,6,4,15,452,480,479
20597,KILLED,360,154
20598,KILLED,61,62,60,6,4,15,452
20599,KILLED,480,479
20600,KILLED,32,208,31,25,134,136,90,475,61,62,60,453,468,395,466,157,88,464,394,446,87,349,450,261,22,6,257,27,456,457,4,253,218,481,299,16,133,449,30,29,300,97,347,9,360,252,216,292,23,250,251,293,147,145,154,467,249,135,469,152,348,262,259,26,461,13,130,451,471,477,460,346,260,248,213,15,357,149,286,447,358,131,129,285,448,148,454,242,17,153,393,185,398,350,219,332,132,474,287,452,455,459,480,479,178,473,472,463,238,151,403,401,24,465,462,361,409,352,258,220,28,458,150,214,405,212,155,146,241,356,363,336,374,378,353,239,179,51,362,387,383,217,385,52,221,373,379,380,369,215,375,243,7,3,359,128,10,14,1,365,11,367,12,8,397,2,382,384,5,388,400,386,377,381,89,364,351,294,368,98,240,402,470
20601,KILLED,480,479
20602,KILLED,208,90,61,62,60,395,157,88,394,87,349,6,257,456,457,4,253,218,481,299,16,300,360,252,216,292,250,251,147,145,154,249,152,348,262,259,461,471,477,460,346,260,248,213,15,357,149,286,358,285,148,242,17,153,393,398,350,219,332,287,452,455,459,178,238,151,403,401,465,462,361,409,258,220,28,458,150,214,405,212,155,146,241,356,363,336,374,378,353,239,179,51,362,217,385,52,221,373,379,380,369,215,375,243,7,3,359,10,14,1,365,11,367,12,8,2,382,384,5,388,400,386,377,381,364,351,294,368,240,402
20603,KILLED,208,90,61,62,60,395,157,88,394,87,349,6,257,456,457,4,253,218,481,299,16,300,360,252,216,292,250,251,147,145,154,249,152,348,262,259,461,471,477,460,346,260,248,213,15,357,149,286,358,285,148,242,17,153,393,398,350,219,332,287,452,455,459,178,238,151,403,401,465,462,361,409,258,220,28,458,150,214,405,212,155,146,241,356,363,336,374,378,353,239,179,51,362,217,385,52,221,373,379,380,369,215,375,243,7,3,359,10,14,1,365,11,367,12,8,2,382,384,5,388,400,386,377,381,364,351,294,368,240,402
20604,KILLED,360,154
20605,KILLED,208,90,61,62,60,395,157,88,394,87,349,6,257,456,457,4,253,218,481,299,16,300,360,252,216,292,250,251,147,145,154,249,152,348,262,259,461,471,477,460,346,260,248,213,15,357,149,286,358,285,148,242,17,153,393,398,350,219,332,287,452,455,459,178,238,151,403,401,465,462,361,409,258,220,28,458,150,214,405,212,155,146,241,356,363,336,374,378,353,239,179,51,362,217,385,52,221,373,379,380,369,215,375,243,7,3,359,10,14,1,365,11,367,12,8,2,382,384,5,388,400,386,377,381,364,351,294,368,240,402
20606,KILLED,360,154
20607,KILLED,480,479
20608,KILLED,480,479
20609,KILLED,360,154
20610,KILLED,360,154
20611,KILLED,61,62,60,6,4,15,452,480,479
20612,KILLED,61,62,60,6,4,15,452,480,479
20613,KILLED,208,61,62,60,88,87,349,6,257,456,457,4,253,481,16,252,292,250,251,249,461,471,477,460,248,15,17,393,398,350,452,455,459,465,462,258,28,458,363,374,378,362,385,373,379,380,369,375,1,11,12,8,2,5
20614,KILLED,61,62,60,6,4,15,452
20615,KILLED,480,479
20616,KILLED,360,154
20617,KILLED,61,62,60,6,4,15,452
20618,SURVIVED
20619,SURVIVED
20620,SURVIVED
20621,KILLED,109,301,306,302,317,305,311,115,329,308,330,314,327,310,304,322,321,319,307,65,326,110
20622,NO_COVERAGE
20623,KILLED,109,301,306,117,302,317,305,311,115,329,308,330,314,327,310,304,322,321,319,307,65,326,110
20624,NO_COVERAGE
20625,KILLED,109,301,306,302,317,305,311,115,329,308,330,314,327,310,304,322,321,319,307,65,326,110
20626,KILLED,301,306,302,317,305,311,329,308,330,314,327,310,304,322,321,319,307,326
20627,KILLED,301,306,117,302,317,305,311,115,329,308,330,314,327,310,304,322,321,319,307,65,326
20628,KILLED,301,306,117,302,317,305,311,115,329,308,330,314,327,310,304,322,321,319,307,65,326
20629,KILLED,301,306,117,302,317,305,311,115,329,308,330,314,327,310,304,322,321,319,307,65,326
20630,KILLED,301,306,117,302,317,305,311,115,329,308,330,314,327,310,304,322,321,319,307,65,326
20631,KILLED,301,117,302,317,305,311,115,329,308,330,314,327,310,304,322,321,319,307,65,326
20632,KILLED,306
20633,KILLED,301,117,302,317,305,311,115,329,308,330,314,327,310,304,322,321,319,307,65,326
20634,SURVIVED
20635,KILLED,301,117,302,317,305,311,115,329,308,330,314,327,310,304,322,321,319,307,65,326
20636,KILLED,306
20637,KILLED,301,117,302,317,305,311,115,329,308,330,314,327,310,304,322,321,319,307,65,326
20638,SURVIVED
20639,NO_COVERAGE
20640,NO_COVERAGE
20641,KILLED,117,110
20642,KILLED,109,301,306,117,302,317,305,311,115,329,308,330,314,327,310,304,322,321,319,307,65,326,110
20643,SURVIVED
20644,SURVIVED
20645,SURVIVED
20646,NO_COVERAGE
20647,KILLED,117
20648,SURVIVED
20649,KILLED,117,110
20650,KILLED,117
20651,KILLED,109,301,306,117,302,317,305,311,115,329,308,330,314,327,310,304,322,321,319,307,65,326,110
20652,KILLED,109,301,306,117,302,317,305,311,115,329,308,330,314,327,310,304,322,321,319,307,65,326,110
20653,KILLED,117
20654,KILLED,109,301,306,117,302,317,305,311,115,329,308,330,314,327,310,304,322,321,319,307,65,326,110
20655,KILLED,117
20656,KILLED,117,302,317,305,311,115,329,308,330,314,327,310,304,322,321,319,307,65,326,110
20657,KILLED,109,301,306,117,302,317,305,311,115,329,308,330,314,327,310,304,322,321,319,307,65,326,110
20658,KILLED,109,301,306,117,302,317,305,311,115,329,308,330,314,327,310,304,322,321,319,307,65,326,110
20659,KILLED,109,301,306,117,302,317,305,311,115,329,308,330,314,327,310,304,322,321,319,307,65,326,110
20660,KILLED,109,301,306,117,302,317,305,311,115,329,308,330,314,327,310,304,322,321,319,307,65,326,110
20661,SURVIVED
20662,SURVIVED
20663,KILLED,109,301,306,117,302,317,305,311,115,329,308,330,314,327,310,304,322,321,319,307,65,326,110
20664,KILLED,109,301,306,117,302,317,305,311,115,329,308,330,314,327,310,304,322,321,319,307,65,326,110
20665,SURVIVED
20666,KILLED,109,301,306,117,302,317,305,311,115,329,308,330,314,327,310,304,322,321,319,307,65,326,110
20667,NO_COVERAGE
20668,KILLED,109,301,306,117,302,317,305,311,115,329,308,330,314,327,310,304,322,321,319,307,65,326,110
20669,KILLED,301,117,302,317,305,311,115,329,308,330,314,327,310,304,322,321,319,307,65,326
20670,KILLED,301,117,302,317,305,311,115,329,308,330,314,327,310,304,322,321,319,307,65,326
20671,KILLED,301,117,302,317,305,311,115,329,308,330,314,327,310,304,322,321,319,307,65,326
20672,SURVIVED
20673,KILLED,301,117,302,317,305,311,115,329,308,330,314,327,310,304,322,321,319,307,65,326
20674,KILLED,306
20675,KILLED,301,117,302,317,305,311,115,329,308,330,314,327,310,304,322,321,319,307,65,326
20676,SURVIVED
20677,TIMED_OUT
20678,KILLED,117
20679,KILLED,117
20680,KILLED,301,306,117,302,317,305,311,115,329,308,330,314,327,310,304,322,321,319,307,65,326
20681,KILLED,301,306,117,302,317,305,311,115,329,308,330,314,327,310,304,322,321,319,307,65,326
20682,KILLED,117
20683,KILLED,117
20684,KILLED,117
20685,KILLED,117
20686,KILLED,117
20687,KILLED,301,306,117,302,317,305,311,115,329,308,330,314,327,310,304,322,321,319,307,65,326
20688,KILLED,117
20689,SURVIVED
20690,KILLED,301,306,117,302,317,305,311,115,329,308,330,314,327,310,304,322,321,319,307,65,326
20691,TIMED_OUT
20692,KILLED,301,306,117,302,317,305,311,115,329,308,330,314,327,310,304,322,321,319,307,65,326
20693,KILLED,117
20694,KILLED,117
20695,KILLED,117
20696,KILLED,117
20697,SURVIVED
20698,KILLED,301,117,302,317,305,311,115,329,308,330,314,327,310,304,322,321,319,307,65,326
20699,KILLED,301,117,302,317,305,311,115,329,308,330,314,327,310,304,322,321,319,307,65,326
20700,KILLED,227,88,87,252,292,250,251,249,248,350,363,374,378,362,385,373,379,380,369,375
20701,KILLED,226,227,88,87,252,292,250,251,249,248,350,363,374,378,362,385,373,379,380,369,375
20702,NO_COVERAGE
20703,KILLED,227,88,87,252,292,250,251,249,248,350,363,374,378,362,385,373,379,380,369,375
20704,TIMED_OUT
20705,KILLED,226,227,88,87,252,292,250,251,249,248,350,363,374,378,362,385,373,379,380,369,375
20706,KILLED,226,227,88,87,252,292,250,251,249,248,350,363,374,378,362,385,373,379,380,369,375
20707,SURVIVED
20708,SURVIVED
20709,KILLED,226,227,88,87,252,292,250,251,249,248,350,363,374,378,362,385,373,379,380,369,375
20710,KILLED,226,227,88,87,252,292,250,251,249,248,350,363,374,378,362,385,373,379,380,369,375
20711,SURVIVED
20712,KILLED,227,88,87,252,292,250,251,249,248,350,363,374,378,362,385,373,379,380,369,375
20713,KILLED,226,227,292
20714,KILLED,226,227,292
20715,KILLED,226,227,292
20716,KILLED,226,227,292
20717,KILLED,226,227,292
20718,KILLED,226,227,88,87,252,292,250,251,249,248,350,363,374,378,362,385,373,379,380,369,375
20719,KILLED,226,227,292
20720,KILLED,226,227,292
20721,KILLED,226,227,292
20722,KILLED,226,227,292
20723,KILLED,226,227,88,87,252,292,250,251,249,248,350,363,374,378,362,385,373,379,380,369,375
20724,KILLED,226,227
20725,KILLED,227
20726,KILLED,226,227,292
20727,SURVIVED
20728,KILLED,227
20729,KILLED,226,227,88,87,252,292,250,251,249,248,350,363,374,378,362,385,373,379,380,369,375
20730,KILLED,226,292
20731,KILLED,227
20732,KILLED,226,227,292
20733,KILLED,227,88,87,252,292,250,251,249,248,350,363,374,378,362,385,373,379,380,369,375
20734,KILLED,226,227,88,87,252,292,250,251,249,248,350,363,374,378,362,385,373,379,380,369,375
20735,KILLED,226,227,292
20736,KILLED,226,227,292
20737,KILLED,227
20738,KILLED,227,88,87,252,292,250,251,249,248,350,363,374,378,362,385,373,379,380,369,375
20739,TIMED_OUT
20740,SURVIVED
20741,KILLED,88,87,292,250,251,248,363,374,378,362,385,373,379,380,369,375
20742,KILLED,88,87,292,250,251,248,363,374,378,362,385,373,379,380,369,375
20743,KILLED,225,228,292
20744,KILLED,225,228,292
20745,KILLED,228
20746,NO_COVERAGE
20747,KILLED,225,228,292
20748,KILLED,228
20749,TIMED_OUT
20750,SURVIVED
20751,SURVIVED
20752,KILLED,225,228,292
20753,KILLED,225,228,292
20754,KILLED,225,228,292
20755,KILLED,225,228,292
20756,KILLED,225,228,292
20757,SURVIVED
20758,KILLED,228
20759,KILLED,225,228,292
20760,KILLED,225,228,292
20761,KILLED,225,228,292
20762,KILLED,225,228,292
20763,KILLED,225,228,292
20764,KILLED,225,228,292
20765,KILLED,225,228,292
20766,KILLED,225,228
20767,KILLED,228
20768,KILLED,225,228,292
20769,KILLED,228
20770,SURVIVED
20771,KILLED,225
20772,SURVIVED
20773,KILLED,225,228,292
20774,KILLED,228
20775,KILLED,225,228,292
20776,KILLED,225,228,292
20777,KILLED,228
20778,KILLED,225,228,292
20779,TIMED_OUT
20780,KILLED,228
20781,KILLED,228
20782,NO_COVERAGE
20783,NO_COVERAGE
20784,NO_COVERAGE
20785,NO_COVERAGE
20786,NO_COVERAGE
20787,NO_COVERAGE
20788,NO_COVERAGE
20789,NO_COVERAGE
20790,NO_COVERAGE
20791,NO_COVERAGE
20792,NO_COVERAGE
20793,NO_COVERAGE
20794,NO_COVERAGE
20795,NO_COVERAGE
20796,NO_COVERAGE
20797,NO_COVERAGE
20798,NO_COVERAGE
20799,NO_COVERAGE
20800,NO_COVERAGE
20801,NO_COVERAGE
20802,NO_COVERAGE
20803,NO_COVERAGE
20804,NO_COVERAGE
20805,NO_COVERAGE
20806,NO_COVERAGE
20807,NO_COVERAGE
20808,NO_COVERAGE
20809,NO_COVERAGE
20810,NO_COVERAGE
20811,NO_COVERAGE
20812,NO_COVERAGE
20813,NO_COVERAGE
20814,NO_COVERAGE
20815,NO_COVERAGE
20816,NO_COVERAGE
20817,NO_COVERAGE
20818,NO_COVERAGE
20819,NO_COVERAGE
20820,NO_COVERAGE
20821,NO_COVERAGE
20822,NO_COVERAGE
20823,NO_COVERAGE
20824,NO_COVERAGE
20825,NO_COVERAGE
20826,NO_COVERAGE
20827,NO_COVERAGE
20828,NO_COVERAGE
20829,NO_COVERAGE
20830,NO_COVERAGE
20831,NO_COVERAGE
20832,NO_COVERAGE
20833,NO_COVERAGE
20834,NO_COVERAGE
20835,NO_COVERAGE
20836,NO_COVERAGE
20837,NO_COVERAGE
20838,NO_COVERAGE
20839,NO_COVERAGE
20840,NO_COVERAGE
20841,NO_COVERAGE
20842,NO_COVERAGE
20843,NO_COVERAGE
20844,NO_COVERAGE
20845,NO_COVERAGE
20846,NO_COVERAGE
20847,NO_COVERAGE
20848,NO_COVERAGE
20849,NO_COVERAGE
20850,NO_COVERAGE
20851,NO_COVERAGE
20852,NO_COVERAGE
20853,NO_COVERAGE
20854,NO_COVERAGE
20855,NO_COVERAGE
20856,NO_COVERAGE
20857,NO_COVERAGE
20858,NO_COVERAGE
20859,NO_COVERAGE
20860,NO_COVERAGE
20861,NO_COVERAGE
20862,NO_COVERAGE
20863,SURVIVED
20864,SURVIVED
20865,SURVIVED
20866,SURVIVED
20867,KILLED,484
20868,KILLED,256,484,355
20869,KILLED,484,355
20870,KILLED,484,355
20871,KILLED,484,355
20872,KILLED,484
20873,KILLED,484,355
20874,SURVIVED
20875,SURVIVED
20876,SURVIVED
20877,SURVIVED
20878,SURVIVED
20879,KILLED,354,485,483,482,192,370,258
20880,SURVIVED
20881,KILLED,191,354,485,256,391,392,484,483,486,482,372,192,370,258,355
20882,KILLED,485,391,392,484,483,486,482,372,192,370,355
20883,SURVIVED
20884,SURVIVED
20885,SURVIVED
20886,KILLED,484,486
20887,NO_COVERAGE
20888,NO_COVERAGE
20889,NO_COVERAGE
20890,NO_COVERAGE
20891,NO_COVERAGE
20892,NO_COVERAGE
20893,NO_COVERAGE
20894,NO_COVERAGE
20895,NO_COVERAGE
20896,NO_COVERAGE
20897,NO_COVERAGE
20898,NO_COVERAGE
20899,NO_COVERAGE
20900,NO_COVERAGE
20901,NO_COVERAGE
20902,NO_COVERAGE
20903,NO_COVERAGE
20904,NO_COVERAGE
20905,NO_COVERAGE
20906,NO_COVERAGE
20907,NO_COVERAGE
20908,NO_COVERAGE
20909,NO_COVERAGE
20910,NO_COVERAGE
20911,NO_COVERAGE
20912,NO_COVERAGE
20913,NO_COVERAGE
20914,NO_COVERAGE
20915,NO_COVERAGE
20916,NO_COVERAGE
20917,NO_COVERAGE
20918,SURVIVED
20919,KILLED,484,486
20920,KILLED,484,486
20921,KILLED,484,486
20922,KILLED,484,486
20923,KILLED,484,486
20924,KILLED,484,486
20925,KILLED,485,391,392,484,483,486,482,372,192,370
20926,SURVIVED
20927,KILLED,191,354,485,256,391,392,484,483,486,482,372,192,370,258,355
20928,KILLED,391,392,484,486,372,192,370,355
20929,KILLED,391,392,484,486,372,192,370
20930,SURVIVED
20931,NO_COVERAGE
20932,NO_COVERAGE
20933,NO_COVERAGE
20934,NO_COVERAGE
20935,NO_COVERAGE
20936,NO_COVERAGE
20937,NO_COVERAGE
20938,NO_COVERAGE
20939,NO_COVERAGE
20940,NO_COVERAGE
20941,NO_COVERAGE
20942,KILLED,484,486,372,192,370
20943,KILLED,484,486,372,192,370
20944,KILLED,208,60,88,87,349,257,456,457,253,481,252,292,250,251,249,461,471,477,460,248,398,350,452,455,459,465,462,258,28,458,363,374,378,362,385,373,379,380,369,375,1,11,12,8
20945,KILLED,60,480,479,472,463,1,11,12,8
20946,SURVIVED
20947,KILLED,480,479,472,463
20948,KILLED,60,480,479,472,463
20949,KILLED,60,480,479,1,11,12
20950,KILLED,208,60,88,87,252,292,250,251,249,248,350,452,28,363,374,378,362,385,373,379,380,369,375,1,11,12,8
20951,KILLED,208,60,88,87,252,292,250,251,249,248,350,452,28,363,374,378,362,385,373,379,380,369,375,1,11,12,8
20952,KILLED,208,60,88,87,252,292,250,251,249,248,350,452,28,363,374,378,362,385,373,379,380,369,375,1,11,12,8
20953,KILLED,208,60,88,87,252,292,250,251,249,248,350,452,28,363,374,378,362,385,373,379,380,369,375,1,11,12,8
20954,KILLED,208,60,88,87,252,292,250,251,249,248,350,452,28,363,374,378,362,385,373,379,380,369,375,1,11,12,8
20955,KILLED,208,60,88,87,252,292,250,251,249,248,350,452,28,363,374,378,362,385,373,379,380,369,375,1,11,12,8
20956,KILLED,208,60,88,87,252,292,250,251,249,248,350,452,28,363,374,378,362,385,373,379,380,369,375,1,11,12,8
20957,KILLED,60
20958,TIMED_OUT
20959,SURVIVED
20960,SURVIVED
20961,KILLED,60,12,8
20962,KILLED,60,1,11,12,8
20963,SURVIVED
20964,SURVIVED
20965,KILLED,208,60,349,257,456,457,253,481,252,292,250,251,249,461,471,477,460,248,398,350,455,459,465,462,258,28,458,363,374,378,362,385,373,379,380,369,375,1,11,12,8
20966,SURVIVED
20967,SURVIVED
20968,TIMED_OUT
20969,SURVIVED
20970,SURVIVED
20971,SURVIVED
20972,SURVIVED
20973,KILLED,60
20974,KILLED,60
20975,KILLED,60
20976,KILLED,208,476,478,60,252,292,250,251,249,461,471,477,460,248,455,459,465,462,28,458,363,374,378,362,385,373,379,380,369,375,1,11,12,8
20977,TIMED_OUT
20978,KILLED,208,60,349,257,456,457,253,481,252,292,250,251,249,461,471,477,460,248,398,350,455,459,465,462,258,28,458,363,374,378,362,385,373,379,380,369,375,1,11,12,8
20979,KILLED,60
20980,TIMED_OUT
20981,TIMED_OUT
20982,SURVIVED
20983,KILLED,208,60,349,257,456,457,253,481,252,292,250,251,249,461,471,477,460,248,398,350,455,459,465,462,258,28,458,363,374,378,362,385,373,379,380,369,375,1,11,12,8
20984,SURVIVED
20985,SURVIVED
20986,KILLED,208,60,349,257,456,457,253,481,252,292,250,251,249,461,471,477,460,248,398,350,455,459,465,462,258,28,458,363,374,378,362,385,373,379,380,369,375,1,11,12,8
20987,SURVIVED
20988,SURVIVED
20989,KILLED,208,60,349,257,456,457,253,481,252,292,250,251,249,461,471,477,460,248,398,350,455,459,465,462,258,28,458,363,374,378,362,385,373,379,380,369,375,1,11,12,8
20990,KILLED,208,476,478,60,252,292,250,251,249,461,471,477,460,248,455,459,465,462,28,458,363,374,378,362,385,373,379,380,369,375,1,11,12,8
20991,KILLED,208,60,349,257,456,457,253,481,252,292,250,251,249,461,471,477,460,248,398,350,455,459,465,462,258,28,458,363,374,378,362,385,373,379,380,369,375,1,11,12,8
20992,TIMED_OUT
20993,SURVIVED
20994,KILLED,60
20995,SURVIVED
20996,SURVIVED
20997,KILLED,60
20998,KILLED,60
20999,TIMED_OUT
21000,TIMED_OUT
21001,TIMED_OUT
21002,KILLED,28,1,11,12,8
21003,SURVIVED
21004,SURVIVED
21005,KILLED,208,476,478,60,252,292,250,251,249,461,471,477,460,248,455,459,465,462,28,458,363,374,378,362,385,373,379,380,369,375,1,11,12,8
21006,KILLED,208,60,292,461,477,460,248,465,458,363,374,378,362,385,373,379,380,369,375,1,11,12,8
21007,KILLED,208,476,478,60,252,292,250,251,249,461,471,477,460,248,455,459,465,462,28,458,363,374,378,362,385,373,379,380,369,375,1,11,12,8
21008,KILLED,208,60,349,257,456,457,253,481,252,292,250,251,249,461,471,477,460,248,398,350,455,459,465,462,258,28,458,363,374,378,362,385,373,379,380,369,375,1,11,12,8
21009,SURVIVED
21010,TIMED_OUT
21011,SURVIVED
21012,TIMED_OUT
21013,KILLED,208,60,349,257,456,457,253,481,252,292,250,251,249,461,471,477,460,248,398,350,455,459,465,462,258,28,458,363,374,378,362,385,373,379,380,369,375,1,11,12,8
21014,SURVIVED
21015,SURVIVED
21016,KILLED,208,476,478,60,252,292,250,251,249,461,471,477,460,248,455,459,465,462,28,458,363,374,378,362,385,373,379,380,369,375,1,11,12,8
21017,KILLED,60
21018,TIMED_OUT
21019,SURVIVED
21020,SURVIVED
21021,KILLED,60,1,11,12,8
21022,KILLED,208,60,349,257,456,457,253,481,252,292,250,251,249,461,471,477,460,248,398,350,455,459,465,462,258,28,458,363,374,378,362,385,373,379,380,369,375,1,11,12,8
21023,KILLED,60
21024,KILLED,60,1,11,12,8
21025,KILLED,69,73,176,179
21026,KILLED,72,71,104,106,105,102,103,99,100,101,4,299,9,360,216,293,213,357,358,285,242,17,212,356,353,239,221,243,1,365,367,382,384,388,400,386,377,381,364,351,368,402
21027,KILLED,72,71,39,41,44,42,180,4,299,9,360,216,293,213,357,358,285,242,17,178,212,356,353,239,179,221,243,1,365,367,382,384,388,400,386,377,381,364,351,368,402
21028,KILLED,72,71,39,41,44,42,180,4,299,9,360,216,293,213,357,358,285,242,17,178,212,356,353,239,179,221,243,1,365,367,382,384,388,400,386,377,381,364,351,368,402
21029,NO_COVERAGE
21030,KILLED,70
21031,KILLED,70
21032,KILLED,73
21033,KILLED,70,73,39,41,44,42,176,180,4,299,9,360,216,293,213,357,358,285,242,17,212,356,353,239,221,243,1,365,367,382,384,388,400,386,377,381,364,351,368,402
21034,KILLED,73,4,299,9,360,216,293,213,357,358,285,242,17,219,287,403,401,361,409,405,212,356,353,239,51,52,221,243,359,1,365,367,382,384,388,400,386,377,381,364,351,368,402
21035,KILLED,70,73,39,41,44,42,176,180,4,299,9,360,216,293,213,357,358,285,242,17,212,356,353,239,221,243,1,365,367,382,384,388,400,386,377,381,364,351,368,402
21036,KILLED,70,73,39,41,44,42,176,180,4,299,9,360,216,293,213,357,358,285,242,17,212,356,353,239,221,243,1,365,367,382,384,388,400,386,377,381,364,351,368,402
21037,KILLED,70,73,39,41,44,42,176,180,4,299,9,360,216,293,213,357,358,285,242,17,219,287,403,401,361,409,405,212,356,353,239,51,52,221,243,359,1,365,367,382,384,388,400,386,377,381,364,351,368,402
21038,KILLED,70,73,39,41,44,42,176,180,4,299,9,360,216,293,213,357,358,285,242,17,212,356,353,239,221,243,1,365,367,382,384,388,400,386,377,381,364,351,368,402
21039,KILLED,70,73,39,41,44,42,176,180,4,299,9,360,216,293,213,357,358,285,242,17,212,356,353,239,221,243,1,365,367,382,384,388,400,386,377,381,364,351,368,402
21040,KILLED,73
21041,KILLED,70,73,39,41,44,42,176,180,4,299,9,360,216,293,213,357,358,285,242,17,212,356,353,239,221,243,1,365,367,382,384,388,400,386,377,381,364,351,368,402
21042,SURVIVED
21043,KILLED,70,73,39,41,44,42,176,180,4,299,9,360,216,293,213,357,358,285,242,17,212,356,353,239,221,243,1,365,367,382,384,388,400,386,377,381,364,351,368,402
21044,KILLED,73,4,299,9,360,216,293,213,357,358,285,242,17,219,287,403,401,361,409,405,212,356,353,239,51,52,221,243,359,1,365,367,382,384,388,400,386,377,381,364,351,368,402
21045,KILLED,73
21046,KILLED,70,73,39,41,44,42,176,180,4,299,9,360,216,293,213,357,358,285,242,17,219,287,403,401,361,409,405,212,356,353,239,51,52,221,243,359,1,365,367,382,384,388,400,386,377,381,364,351,368,402
21047,KILLED,69,39,41,44,42,38,34,160,161,180,157,483,482,133,145,372,192,396,213,357,149,370,162,148,153,393,398,332,178,151,361,212,155,356,363,374,378,179,362,383,217,385,159,373,379,380,369,215,375,7,3,128,10,14,1,11,12,8,397,2,384,5
21048,KILLED,69,39,41,44,42,38,34,160,161,180,157,483,482,133,145,372,192,396,213,357,149,370,162,148,153,393,398,332,178,151,361,212,155,356,363,374,378,179,362,383,217,385,159,373,379,380,369,215,375,7,3,128,10,14,1,11,12,8,397,2,384,5
21049,KILLED,69,157,220,214,146,336,353,179,217,221,215,7,3,10,14,1,365,11,367,12,8,2,382,384,5,388,400,386,377,381,364,351,368,402
21050,KILLED,69,39,101,41,44,165,42,38,34,124,125,126,180,157,154,13,15,178,220,214,146,336,179,217,215,7,3,10,14,1,11,12,8,2,5,400,364,402
21051,KILLED,69,39,101,41,44,165,42,38,34,124,125,126,180,157,154,13,15,178,220,214,146,336,179,217,215,7,3,10,14,1,11,12,8,2,5,400,364,402
21052,KILLED,69,39,101,41,44,165,42,38,34,124,125,126,180,157,154,13,15,178,220,214,146,336,179,217,215,7,3,10,14,1,11,12,8,2,5,400,364,402
21053,SURVIVED
21054,KILLED,69,101,165,124,125,126,180,157,154,13,15,178,220,214,179,217,215,3,10,1,11,12,8,2,5,400,364,402
21055,KILLED,69,101,165,124,125,126,180,157,154,13,15,178,220,214,179,217,215,1,11,12,8,2,5,400,402
21056,SURVIVED
21057,KILLED,69,101,165,124,125,126,180,157,154,13,15,178,220,214,179,217,215,1,11,12,8,2,5,400,402
21058,KILLED,69,39,101,41,44,165,42,38,34,160,124,161,123,125,126,95,90,93,122,180,92,395,157,394,483,482,133,9,360,145,154,372,192,348,262,259,13,396,346,260,213,15,357,149,286,370,162,148,153,393,398,332,178,151,361,258,220,214,212,155,146,356,363,336,374,378,353,179,362,383,217,385,159,221,373,379,380,369,215,375,7,3,128,10,14,1,365,11,367,12,8,397,2,382,384,5,388,400,386,377,381,364,351,368,402
21059,SURVIVED
21060,KILLED,69,101,165,124,125,126,180,157,154,13,15,178,220,214,179,217,215,1,11,12,8,2,5,400,402
21061,KILLED,69,39,101,41,44,165,42,38,34,124,125,126,180,157,154,13,15,178,220,214,146,336,179,217,215,7,3,10,14,1,11,12,8,2,5,400,364,402
21062,KILLED,69,39,101,41,44,165,42,38,34,124,125,126,180,157,154,13,15,178,220,214,146,336,179,217,215,7,3,10,14,1,11,12,8,2,5,400,364,402
21063,KILLED,69,101,165,124,125,126,180,157,154,13,15,178,220,214,179,217,215,3,10,1,11,12,8,2,5,400,364,402
21064,KILLED,69,39,101,41,44,165,42,38,34,124,125,126,180,157,154,13,15,178,220,214,146,336,179,217,215,7,3,10,14,1,11,12,8,2,5,400,364,402
21065,KILLED,69,101,165,124,125,126,180,157,154,13,15,178,220,214,179,217,215,1,11,12,8,2,5,400,402
21066,KILLED,69,39,101,41,44,165,42,38,34,124,125,126,180,157,154,13,15,178,220,214,146,336,179,217,215,7,3,10,14,1,11,12,8,2,5,400,364,402
21067,KILLED,69,101,165,124,125,126,180,157,154,13,15,178,220,214,179,217,215,1,11,12,8,2,5,400,402
21068,KILLED,69,39,101,41,44,165,42,38,34,160,124,161,123,125,126,95,90,93,122,180,92,395,157,394,483,482,133,9,360,145,154,372,192,348,262,259,13,396,346,260,213,15,357,149,286,370,162,148,153,393,398,332,178,151,361,258,220,214,212,155,146,356,363,336,374,378,353,179,362,383,217,385,159,221,373,379,380,369,215,375,7,3,128,10,14,1,365,11,367,12,8,397,2,382,384,5,388,400,386,377,381,364,351,368,402
21069,KILLED,72,71,70,73,39,41,44,42,176,180,4,299,9,360,216,293,213,357,358,285,242,17,178,212,356,353,239,179,221,243,1,365,367,382,384,388,400,386,377,381,364,351,368,402
21070,KILLED,6,218,16,300,147,145,154,152,13,15,149,148,153,332,178,238,151,220,150,214,155,146,241,336,179,217,215,7,3,359,10,14,11,12,8,2,5,364,240
21071,KILLED,6,218,16,300,147,145,154,152,13,15,149,148,153,332,178,238,151,220,150,214,155,146,241,336,179,217,215,7,3,359,10,14,11,12,8,2,5,364,240
21072,KILLED,6,218,16,300,147,145,154,152,13,15,149,148,153,332,178,238,151,220,150,214,155,146,241,336,179,217,215,7,3,359,10,14,11,12,8,2,5,364,240
21073,KILLED,72,71,104,39,106,105,102,103,99,100,101,41,44,166,42,124,125,126,180,6,4,218,299,16,300,9,360,216,293,147,145,154,152,13,213,15,357,149,358,285,148,242,17,153,332,178,238,151,220,150,214,212,155,146,241,356,336,353,239,179,217,221,215,243,7,3,359,10,14,1,365,11,367,12,8,2,382,384,5,388,400,386,377,381,364,351,368,240,402
21074,KILLED,72,71,166,124,125,126,180,6,4,218,299,16,300,9,360,216,293,147,145,154,152,13,213,15,357,149,358,285,148,242,17,153,332,178,238,151,220,150,214,212,155,146,241,356,336,353,239,179,217,221,215,243,7,3,359,10,14,1,365,11,367,12,8,2,382,384,5,388,400,386,377,381,364,351,368,240,402
21075,SURVIVED
21076,KILLED,72,166,124,125,126,6,4,218,299,16,300,9,360,216,293,147,145,154,152,13,213,15,357,149,358,285,148,242,17,153,332,178,238,151,220,150,214,212,155,146,241,356,336,353,239,179,217,221,215,243,7,3,359,10,14,1,365,11,367,12,8,2,382,384,5,388,400,386,377,381,364,351,368,240,402
21077,KILLED,72,71,166,124,125,126,180,6,4,218,299,16,300,9,360,216,293,147,145,154,152,13,213,15,357,149,358,285,148,242,17,153,332,178,238,151,220,150,214,212,155,146,241,356,336,353,239,179,217,221,215,243,7,3,359,10,14,1,365,11,367,12,8,2,382,384,5,388,400,386,377,381,364,351,368,240,402
21078,SURVIVED
21079,KILLED,72,39,41,44,166,42,124,125,126,6,4,218,299,16,300,9,360,216,293,147,145,154,152,13,213,15,357,149,358,285,148,242,17,153,332,178,238,151,220,150,214,212,155,146,241,356,336,353,239,179,217,221,215,243,7,3,359,10,14,1,365,11,367,12,8,2,382,384,5,388,400,386,377,381,364,351,368,240,402
21080,KILLED,72,71,166,124,125,126,180,6,4,218,299,16,300,9,360,216,293,147,145,154,152,13,213,15,357,149,358,285,148,242,17,153,332,178,238,151,220,150,214,212,155,146,241,356,336,353,239,179,217,221,215,243,7,3,359,10,14,1,365,11,367,12,8,2,382,384,5,388,400,386,377,381,364,351,368,240,402
21081,SURVIVED
21082,KILLED,72,71,39,41,44,166,42,124,125,126,180,6,4,218,299,16,300,9,360,216,293,147,145,154,152,13,213,15,357,149,358,285,148,242,17,153,332,178,238,151,220,150,214,212,155,146,241,356,336,353,239,179,217,221,215,243,7,3,359,10,14,1,365,11,367,12,8,2,382,384,5,388,400,386,377,381,364,351,368,240,402
21083,KILLED,72,71,104,106,105,102,103,99,100,101,44,166,42,124,125,126,180,6,4,218,299,16,300,9,360,216,293,147,145,154,152,13,213,15,357,149,358,285,148,242,17,153,219,332,287,178,238,151,403,401,361,409,220,150,214,405,212,155,146,241,356,336,353,239,179,51,217,52,221,215,243,7,3,359,10,14,1,365,11,367,12,8,2,382,384,5,388,400,386,377,381,364,351,368,240,402
21084,KILLED,72,166,124,125,126,6,4,218,299,16,300,9,360,216,293,147,145,154,152,13,213,15,357,149,358,285,148,242,17,153,332,178,238,151,220,150,214,212,155,146,241,356,336,353,239,179,217,221,215,243,7,3,359,10,14,1,365,11,367,12,8,2,382,384,5,388,400,386,377,381,364,351,368,240,402
21085,KILLED,72,71,39,41,44,166,42,124,125,126,180,6,4,218,299,16,300,9,360,216,293,147,145,154,152,13,213,15,357,149,358,285,148,242,17,153,332,178,238,151,220,150,214,212,155,146,241,356,336,353,239,179,217,221,215,243,7,3,359,10,14,1,365,11,367,12,8,2,382,384,5,388,400,386,377,381,364,351,368,240,402
21086,KILLED,72,71,104,106,105,102,103,99,100,101,44,166,42,124,125,126,180,6,4,218,299,16,300,9,360,216,293,147,145,154,152,13,213,15,357,149,358,285,148,242,17,153,219,332,287,178,238,151,403,401,361,409,220,150,214,405,212,155,146,241,356,336,353,239,179,51,217,52,221,215,243,7,3,359,10,14,1,365,11,367,12,8,2,382,384,5,388,400,386,377,381,364,351,368,240,402
21087,KILLED,72,166,124,125,126,6,4,218,299,16,300,9,360,216,293,147,145,154,152,13,213,15,357,149,358,285,148,242,17,153,332,178,238,151,220,150,214,212,155,146,241,356,336,353,239,179,217,221,215,243,7,3,359,10,14,1,365,11,367,12,8,2,382,384,5,388,400,386,377,381,364,351,368,240,402
21088,KILLED,72,71,39,41,44,166,42,124,125,126,180,6,4,218,299,16,300,9,360,216,293,147,145,154,152,13,213,15,357,149,358,285,148,242,17,153,332,178,238,151,220,150,214,212,155,146,241,356,336,353,239,179,217,221,215,243,7,3,359,10,14,1,365,11,367,12,8,2,382,384,5,388,400,386,377,381,364,351,368,240,402
21089,KILLED,72,71,166,124,125,126,180,6,4,218,299,16,300,9,360,216,293,147,145,154,152,13,213,15,357,149,358,285,148,242,17,153,332,178,238,151,220,150,214,212,155,146,241,356,336,353,239,179,217,221,215,243,7,3,359,10,14,1,365,11,367,12,8,2,382,384,5,388,400,386,377,381,364,351,368,240,402
21090,KILLED,72,71,104,106,105,102,103,99,100,101,44,166,42,124,125,126,180,6,4,218,299,16,300,9,360,216,293,147,145,154,152,13,213,15,357,149,358,285,148,242,17,153,219,332,287,178,238,151,403,401,361,409,220,150,214,405,212,155,146,241,356,336,353,239,179,51,217,52,221,215,243,7,3,359,10,14,1,365,11,367,12,8,2,382,384,5,388,400,386,377,381,364,351,368,240,402
21091,KILLED,72,166,124,125,126,6,4,218,299,16,300,9,360,216,293,147,145,154,152,13,213,15,357,149,358,285,148,242,17,153,332,178,238,151,220,150,214,212,155,146,241,356,336,353,239,179,217,221,215,243,7,3,359,10,14,1,365,11,367,12,8,2,382,384,5,388,400,386,377,381,364,351,368,240,402
21092,KILLED,72,71,39,41,44,166,42,124,125,126,180,6,4,218,299,16,300,9,360,216,293,147,145,154,152,13,213,15,357,149,358,285,148,242,17,153,332,178,238,151,220,150,214,212,155,146,241,356,336,353,239,179,217,221,215,243,7,3,359,10,14,1,365,11,367,12,8,2,382,384,5,388,400,386,377,381,364,351,368,240,402
21093,KILLED,72,71,166,124,125,126,180,6,4,218,299,16,300,9,360,216,293,147,145,154,152,13,213,15,357,149,358,285,148,242,17,153,332,178,238,151,220,150,214,212,155,146,241,356,336,353,239,179,217,221,215,243,7,3,359,10,14,1,365,11,367,12,8,2,382,384,5,388,400,386,377,381,364,351,368,240,402
21094,KILLED,72,71,39,41,44,166,42,124,125,126,180,6,4,218,299,16,300,9,360,216,293,147,145,154,152,13,213,15,357,149,358,285,148,242,17,153,332,178,238,151,220,150,214,212,155,146,241,356,336,353,239,179,217,221,215,243,7,3,359,10,14,1,365,11,367,12,8,2,382,384,5,388,400,386,377,381,364,351,368,240,402
21095,KILLED,72,71,39,41,44,166,42,124,125,126,180,6,4,218,299,16,300,9,360,216,293,147,145,154,152,13,213,15,357,149,358,285,148,242,17,153,332,178,238,151,220,150,214,212,155,146,241,356,336,353,239,179,217,221,215,243,7,3,359,10,14,1,365,11,367,12,8,2,382,384,5,388,400,386,377,381,364,351,368,240,402
21096,KILLED,72,71,39,41,44,166,42,124,125,126,180,6,4,218,299,16,300,9,360,216,293,147,145,154,152,13,213,15,357,149,358,285,148,242,17,153,332,178,238,151,220,150,214,212,155,146,241,356,336,353,239,179,217,221,215,243,7,3,359,10,14,1,365,11,367,12,8,2,382,384,5,388,400,386,377,381,364,351,368,240,402
21097,SURVIVED
21098,NO_COVERAGE
21099,NO_COVERAGE
21100,NO_COVERAGE
21101,NO_COVERAGE
21102,NO_COVERAGE
21103,KILLED,152,149,153,238,146
21104,KILLED,152,13,149,153,238,146,241,359,364,240
21105,SURVIVED
21106,KILLED,152,149,153,238,146,241,364,240
21107,KILLED,152,149,153,238,241,359,364,240
21108,SURVIVED
21109,SURVIVED
21110,KILLED,152,146
21111,KILLED,152
21112,KILLED,152
21113,NO_COVERAGE
21114,NO_COVERAGE
21115,TIMED_OUT
21116,KILLED,152
21117,KILLED,152
21118,KILLED,152
21119,KILLED,152,146
21120,TIMED_OUT
21121,KILLED,152,13
21122,KILLED,152,13
21123,KILLED,152,13
21124,KILLED,152
21125,SURVIVED
21126,TIMED_OUT
21127,KILLED,152,146
21128,KILLED,152
21129,NO_COVERAGE
21130,TIMED_OUT
21131,KILLED,152
21132,KILLED,152
21133,KILLED,152
21134,NO_COVERAGE
21135,KILLED,152
21136,KILLED,149,153,238,241,364,240
21137,TIMED_OUT
21138,SURVIVED
21139,SURVIVED
21140,SURVIVED
21141,SURVIVED
21142,NO_COVERAGE
21143,NO_COVERAGE
21144,NO_COVERAGE
21145,TIMED_OUT
21146,NO_COVERAGE
21147,SURVIVED
21148,KILLED,359
21149,KILLED,149,153,238,146,241,240
21150,KILLED,149,153,238,146,241,364,240
21151,TIMED_OUT
21152,TIMED_OUT
21153,KILLED,149,153,238,241,359,240
21154,TIMED_OUT
21155,KILLED,149,153,238,146,241,359,364,240
21156,KILLED,149,153,238,146,241,359,364,240
21157,KILLED,149,153,238,146,241,359,364,240
21158,TIMED_OUT
21159,SURVIVED
21160,TIMED_OUT
21161,TIMED_OUT
21162,SURVIVED
21163,KILLED,149,153,238,241,240
21164,TIMED_OUT
21165,KILLED,149,153,238,146,241,364,240
21166,TIMED_OUT
21167,KILLED,359
21168,SURVIVED
21169,NO_COVERAGE
21170,TIMED_OUT
21171,NO_COVERAGE
21172,KILLED,149,153,238,146,241,364,240
21173,KILLED,153,364,240
21174,NO_COVERAGE
21175,SURVIVED
21176,KILLED,149,153,238,146,241,240
21177,KILLED,399,403,401,409,405,400,402,390
21178,KILLED,399,401,409,390
21179,KILLED,403,401,409,405,400,402,390
21180,KILLED,399,403,401,409,405,400,402,390
21181,KILLED,399,403,401,409,405,400,402,390
21182,KILLED,399,403,401,409,405,400,402,390
21183,KILLED,399
21184,SURVIVED
21185,KILLED,399,401,409,390
21186,KILLED,403,401,409,405,400,402,390
21187,KILLED,403,405,400,402
21188,SURVIVED
21189,KILLED,399
21190,KILLED,400,402
21191,KILLED,403,401,409,405,400,402
21192,SURVIVED
21193,KILLED,399,403,401,409,405,400,402,390
21194,KILLED,399
21195,KILLED,399
21196,KILLED,399
21197,KILLED,403,405,400,402
21198,SURVIVED
21199,KILLED,403,405,400,402
21200,SURVIVED
21201,SURVIVED
21202,NO_COVERAGE
21203,KILLED,399
21204,SURVIVED
21205,NO_COVERAGE
21206,KILLED,399
21207,KILLED,399
21208,KILLED,399
21209,NO_COVERAGE
21210,KILLED,408
21211,KILLED,408,390
21212,KILLED,408,390
21213,KILLED,407
21214,SURVIVED
21215,KILLED,404,120,170,390
21216,KILLED,408,390
21217,KILLED,408,407,390
21218,KILLED,404,120,170,390
21219,KILLED,404,408,120,170,390
21220,KILLED,404,120,170,390
21221,KILLED,408,390
21222,KILLED,407
21223,KILLED,404,120,170,390
21224,KILLED,408,390
21225,KILLED,408,390
21226,KILLED,407
21227,KILLED,404,120,170,390
21228,KILLED,408,390
21229,TIMED_OUT
21230,KILLED,399
21231,KILLED,399
21232,KILLED,399
21233,KILLED,399
21234,KILLED,399
21235,KILLED,399
21236,KILLED,400,402
21237,KILLED,403,401,409,405,400,402
21238,TIMED_OUT
21239,TIMED_OUT
21240,KILLED,399
21241,KILLED,399
21242,SURVIVED
21243,KILLED,399
21244,KILLED,399
21245,KILLED,399
21246,NO_COVERAGE
21247,NO_COVERAGE
21248,NO_COVERAGE
21249,NO_COVERAGE
21250,NO_COVERAGE
21251,NO_COVERAGE
21252,NO_COVERAGE
21253,NO_COVERAGE
21254,NO_COVERAGE
21255,NO_COVERAGE
21256,NO_COVERAGE
21257,NO_COVERAGE
21258,NO_COVERAGE
21259,NO_COVERAGE
21260,NO_COVERAGE
21261,NO_COVERAGE
21262,NO_COVERAGE
21263,NO_COVERAGE
21264,NO_COVERAGE
21265,NO_COVERAGE
21266,NO_COVERAGE
21267,NO_COVERAGE
21268,NO_COVERAGE
21269,NO_COVERAGE
21270,NO_COVERAGE
21271,NO_COVERAGE
21272,NO_COVERAGE
21273,NO_COVERAGE
21274,NO_COVERAGE
21275,NO_COVERAGE
21276,NO_COVERAGE
21277,NO_COVERAGE
21278,NO_COVERAGE
21279,NO_COVERAGE
21280,NO_COVERAGE
21281,NO_COVERAGE
21282,NO_COVERAGE
21283,NO_COVERAGE
21284,NO_COVERAGE
21285,NO_COVERAGE
21286,NO_COVERAGE
21287,NO_COVERAGE
21288,NO_COVERAGE
21289,NO_COVERAGE
21290,NO_COVERAGE
21291,NO_COVERAGE
21292,NO_COVERAGE
21293,NO_COVERAGE
21294,NO_COVERAGE
21295,NO_COVERAGE
21296,NO_COVERAGE
21297,NO_COVERAGE
21298,NO_COVERAGE
21299,NO_COVERAGE
21300,NO_COVERAGE
21301,NO_COVERAGE
21302,NO_COVERAGE
21303,NO_COVERAGE
21304,NO_COVERAGE
21305,NO_COVERAGE
21306,NO_COVERAGE
21307,NO_COVERAGE
21308,NO_COVERAGE
21309,NO_COVERAGE
21310,NO_COVERAGE
21311,NO_COVERAGE
21312,NO_COVERAGE
21313,KILLED,283,111,324,313,303,312,309,318,109,116,113,114,320,325,323,63,66,108,301,306,117,302,317,305,311,115,329,308,330,314,315,328,327,310,304,322,321,319,307,64,65,326,110
21314,KILLED,283,111,324,313,303,312,309,318,109,116,113,114,320,325,323,63,66,108,301,306,117,302,317,305,311,115,329,308,330,314,315,328,327,310,304,322,321,319,307,64,65,326,110
21315,KILLED,283,111,324,313,303,312,309,318,109,116,113,114,320,325,323,63,66,108,301,306,117,302,317,305,311,115,329,308,330,314,315,328,327,310,304,322,321,319,307,64,65,326,110
21316,KILLED,283,111,324,313,303,312,309,318,109,116,113,114,320,325,323,63,66,108,301,306,117,302,317,305,311,115,329,308,330,314,315,328,327,310,304,322,321,319,307,64,65,326,110
21317,SURVIVED
21318,SURVIVED
21319,SURVIVED
21320,NO_COVERAGE
21321,KILLED,111,324,313,303,312,309,318,109,116,113,114,320,325,323,63,66,108,301,306,117,302,317,305,311,115,329,308,330,314,315,328,327,310,304,322,321,319,307,64,65,326,110
21322,TIMED_OUT
21323,KILLED,111,324,313,303,312,309,318,109,116,113,114,320,325,323,63,66,108,301,306,117,302,317,305,311,115,329,308,330,314,315,328,327,310,304,322,321,319,307,64,65,326,110
21324,KILLED,111,324,313,303,312,309,318,109,116,113,114,320,325,323,63,66,108,301,306,117,302,317,305,311,115,329,308,330,314,315,328,327,310,304,322,321,319,307,64,65,326,110
21325,SURVIVED
21326,KILLED,111,324,313,303,312,309,318,109,116,113,114,320,325,323,63,66,108,301,306,117,302,317,305,311,115,329,308,330,314,315,328,327,310,304,322,321,319,307,64,65,326,110
21327,SURVIVED
21328,KILLED,111,324,313,303,312,309,318,109,116,113,114,320,325,323,63,66,108,301,306,117,302,317,305,311,115,329,308,330,314,315,328,327,310,304,322,321,319,307,64,65,326,110
21329,KILLED,111,324,313,303,312,309,318,109,116,113,114,320,325,323,63,66,108,301,306,117,302,317,305,311,115,329,308,330,314,315,328,327,310,304,322,321,319,307,64,65,326,110
21330,KILLED,111,324,313,303,312,309,318,109,116,113,114,320,325,323,63,66,108,301,306,117,302,317,305,311,115,329,308,330,314,315,328,327,310,304,322,321,319,307,64,65,326,110
21331,KILLED,111,324,313,303,312,309,318,109,116,113,114,320,325,323,63,66,108,301,306,117,302,317,305,311,115,329,308,330,314,315,328,327,310,304,322,321,319,307,64,65,326,110
21332,SURVIVED
21333,SURVIVED
21334,KILLED,111,324,313,303,312,309,318,109,116,113,114,320,325,323,63,66,108,301,306,117,302,317,305,311,115,329,308,330,314,315,328,327,310,304,322,321,319,307,64,65,326,110
21335,KILLED,111,324,313,303,312,309,318,109,116,113,114,320,325,323,63,66,108,301,306,117,302,317,305,311,115,329,308,330,314,315,328,327,310,304,322,321,319,307,64,65,326,110
21336,SURVIVED
21337,SURVIVED
21338,KILLED,111,324,313,303,312,309,318,109,116,113,114,320,325,323,63,66,108,301,306,117,302,317,305,311,115,329,308,330,314,315,328,327,310,304,322,321,319,307,64,65,326,110
21339,SURVIVED
21340,TIMED_OUT
21341,KILLED,111,324,313,303,312,309,318,109,116,113,114,320,325,323,63,66,108,301,306,117,302,317,305,311,115,329,308,330,314,315,328,327,310,304,322,321,319,307,64,65,326,110
21342,KILLED,111,324,313,303,312,309,318,109,116,113,114,320,325,323,63,66,108,301,306,117,302,317,305,311,115,329,308,330,314,315,328,327,310,304,322,321,319,307,64,65,326,110
21343,SURVIVED
21344,NO_COVERAGE
21345,NO_COVERAGE
21346,NO_COVERAGE
21347,NO_COVERAGE
21348,KILLED,283,111,324,313,303,312,309,318,109,116,113,114,320,325,323,63,66,108,301,306,117,302,317,305,311,115,329,308,330,314,315,328,327,310,304,322,321,319,307,64,65,326,110
21349,SURVIVED
21350,SURVIVED
21351,NO_COVERAGE
21352,KILLED,283
21353,SURVIVED
21354,KILLED,283,114,108,110
21355,KILLED,283,111,324,313,303,312,309,318,109,116,113,114,320,325,323,63,66,108,301,306,117,302,317,305,311,115,329,308,330,314,315,328,327,310,304,322,321,319,307,64,65,326,110
21356,KILLED,283,109,116,114,108,327,110
21357,TIMED_OUT
21358,KILLED,283,109,116,114,108,327,110
21359,SURVIVED
21360,KILLED,283,109,116,114,108,327,110
21361,SURVIVED
21362,SURVIVED
21363,KILLED,283,114,108,110
21364,KILLED,283,111,324,313,303,312,309,318,109,116,113,114,320,325,323,63,66,108,301,306,117,302,317,305,311,115,329,308,330,314,315,328,327,310,304,322,321,319,307,64,65,326,110
21365,TIMED_OUT
21366,KILLED,283,111,324,313,303,312,309,318,109,116,113,114,320,325,323,63,66,108,301,306,117,302,317,305,311,115,329,308,330,314,315,328,327,310,304,322,321,319,307,64,65,326,110
21367,SURVIVED
21368,SURVIVED
21369,SURVIVED
21370,TIMED_OUT
21371,TIMED_OUT
21372,TIMED_OUT
21373,SURVIVED
21374,TIMED_OUT
21375,SURVIVED
21376,TIMED_OUT
21377,KILLED,341,345,36,165,166,38,37,34,124,334,123,125,126,95,93,122,176,180,92,9,360,147,145,154,13,213,15,357,149,148,153,219,332,178,151,361,150,212,155,356,179,217,215,7,3,359,10,14,1,11,12,8,2,384,5
21378,KILLED,344,343
21379,KILLED,344,343,124,125,126,92,9,360,154,13,15,332,178,150,336,179,1,11,12,8,2,5
21380,KILLED,344,343,124,125,126,92,9,360,154,13,15,332,178,150,336,179,1,11,12,8,2,5
21381,KILLED,344,343,124,125,126,92,9,360,154,13,15,332,178,150,336,179,1,11,12,8,2,5
21382,NO_COVERAGE
21383,KILLED,342
21384,KILLED,342
21385,KILLED,345
21386,KILLED,342,345,335,36,38,37,34,181,124,125,126,92,9,360,154,13,15,332,178,150,336,179,1,11,12,8,2,5
21387,KILLED,345
21388,KILLED,342,345,335,36,38,37,34,181,124,125,126,92,9,360,154,13,15,332,178,150,336,179,1,11,12,8,2,5
21389,KILLED,342,345,335,36,38,37,34,181,124,125,126,92,9,360,154,13,15,332,178,150,336,179,1,11,12,8,2,5
21390,KILLED,342,345,335,36,38,37,34,181,124,125,126,92,9,360,154,13,15,332,178,150,336,179,1,11,12,8,2,5
21391,KILLED,342,345,335,36,38,37,34,181,124,125,126,92,9,360,154,13,15,332,178,150,336,179,1,11,12,8,2,5
21392,KILLED,342,345,335,36,38,37,34,181,124,125,126,92,9,360,154,13,15,332,178,150,336,179,1,11,12,8,2,5
21393,KILLED,345
21394,KILLED,342,345,335,36,38,37,34,181,124,125,126,92,9,360,154,13,15,332,178,150,336,179,1,11,12,8,2,5
21395,SURVIVED
21396,KILLED,342,345,335,36,38,37,34,181,124,125,126,92,9,360,154,13,15,332,178,150,336,179,1,11,12,8,2,5
21397,KILLED,345
21398,KILLED,345
21399,KILLED,342,345,335,36,38,37,34,181,124,125,126,92,9,360,154,13,15,332,178,150,336,179,1,11,12,8,2,5
21400,KILLED,341
21401,KILLED,341,124,125,126,122,92,336,179,1,11,12,8,2,5
21402,KILLED,341,124,125,126,122,92,336,179,1,11,12,8,2,5
21403,KILLED,341,124,125,126,122,92,336,179,1,11,12,8,2,5
21404,SURVIVED
21405,KILLED,341,124,125,126,92,336,179,1,11,12,8,2,5
21406,KILLED,341,124,125,126,122,92,336,179,1,11,12,8,2,5
21407,KILLED,341,124,125,126,122,92,336,179,1,11,12,8,2,5
21408,KILLED,341,124,125,126,92,336,179,1,11,12,8,2,5
21409,KILLED,341,124,123,125,126,95,93,122,92,9,360,147,145,154,259,13,346,260,213,15,357,149,286,285,148,153,219,332,287,178,151,403,401,361,409,258,150,405,212,155,356,336,179,51,217,52,215,7,3,359,10,14,1,11,12,8,2,382,384,5,400,386,351,402
21410,KILLED,419,420,418,415,416,220,214,146,336,353,179,217,221,215,7,3,10,14,1,365,11,367,12,8,2,382,384,5,388,400,386,377,381,364,351,368,402
21411,KILLED,420,165,415,416,124,125,126,220,214,146,336,353,179,217,221,215,7,3,10,14,1,365,11,367,12,8,2,382,384,5,388,400,386,377,381,364,351,368,402
21412,KILLED,420,165,415,416,124,125,126,220,214,146,336,353,179,217,221,215,7,3,10,14,1,365,11,367,12,8,2,382,384,5,388,400,386,377,381,364,351,368,402
21413,KILLED,420,418,165,415,416,124,125,126,220,214,146,336,353,179,217,221,215,7,3,10,14,1,365,11,367,12,8,2,382,384,5,388,400,386,377,381,364,351,368,402
21414,SURVIVED
21415,KILLED,418,165,124,125,126
21416,KILLED,419,420,418,165,415,416,124,125,126,220,214,146,336,353,179,217,221,215,7,3,10,14,1,365,11,367,12,8,2,382,384,5,388,400,386,377,381,364,351,368,402
21417,KILLED,419,420,418,165,415,416,124,125,126,220,214,146,336,353,179,217,221,215,7,3,10,14,1,365,11,367,12,8,2,382,384,5,388,400,386,377,381,364,351,368,402
21418,KILLED,418,165,124,125,126
21419,KILLED,419,420,418,165,415,416,124,123,125,126,95,90,93,122,92,395,394,348,262,259,346,260,286,258,220,214,146,336,353,179,217,221,215,7,3,10,14,1,365,11,367,12,8,2,382,384,5,388,400,386,377,381,364,351,368,402
21420,KILLED,344,342,343,345,335,36,165,166,38,37,34,181,124,334,123,125,126,95,93,122,176,180,92,9,360,154,13,15,285,332,287,178,403,401,409,150,405,336,179,51,217,52,215,7,3,10,14,1,11,12,8,2,382,384,5,400,386,351,402
21421,KILLED,152,149,153,178,238,241,364,240
21422,KILLED,6,218,16,300,216,147,145,154,152,13,15,149,148,153,219,332,287,178,238,151,403,401,361,409,220,150,214,405,212,155,146,241,356,336,179,51,217,52,221,215,7,3,359,10,14,365,11,367,12,8,2,382,384,5,388,400,386,377,381,364,368,240,402
21423,KILLED,152,149,153,178,238,241,364,240
21424,KILLED,152,149,153,178,238,241,356,364,240
21425,KILLED,344,418,166,124,125,126,92,6,4,218,299,16,300,9,360,216,293,147,145,154,152,13,213,15,357,149,358,285,148,242,17,153,219,332,287,178,238,151,403,401,361,409,220,150,214,405,212,155,146,241,356,336,353,239,179,51,217,52,221,215,243,7,3,359,10,14,1,365,11,367,12,8,2,382,384,5,388,400,386,377,381,364,351,368,240,402
21426,KILLED,344,343,418,166,124,125,126,92,6,4,9,360,154,13,15,332,178,336,179,1,11,12,8,2,5
21427,SURVIVED
21428,KILLED,344,343,420,417,166,415,416,124,125,126,92,6,4,218,299,16,300,9,360,216,293,147,145,154,152,13,213,15,357,149,358,285,148,242,17,332,287,178,238,151,403,401,409,220,150,214,405,212,146,241,356,336,353,239,179,51,217,52,221,215,243,7,3,359,10,14,1,365,11,367,12,8,2,382,384,5,388,400,386,377,381,364,351,368,240,402
21429,KILLED,344,343,420,418,417,166,415,416,124,125,126,92,6,4,218,16,300,9,360,216,147,145,154,152,13,213,15,357,149,285,148,153,219,332,287,178,238,151,403,401,361,409,220,150,214,405,212,155,146,241,356,336,353,179,51,217,52,221,215,7,3,359,10,14,1,365,11,367,12,8,2,382,384,5,388,400,386,377,381,364,351,368,240,402
21430,KILLED,344,418,166,124,125,126,92,6,4,9,360,154,13,15,332,178,336,179,1,11,12,8,2,5
21431,KILLED,344,343,417,166,124,125,126,92,6,4,218,299,16,300,9,360,216,293,147,145,154,152,13,213,15,357,149,358,285,148,242,17,153,219,332,287,178,238,151,403,401,361,409,220,150,214,405,212,155,146,241,356,336,353,239,179,51,217,52,221,215,243,7,3,359,10,14,1,365,11,367,12,8,2,382,384,5,388,400,386,377,381,364,351,368,240,402
21432,KILLED,344,343,417,166,416,124,125,126,92,6,4,218,299,16,300,9,360,216,293,147,145,154,152,13,213,15,357,149,358,285,148,242,17,219,332,287,178,238,151,403,401,361,409,220,150,214,405,212,146,241,356,336,353,239,179,51,217,52,221,215,243,7,3,359,10,14,1,365,11,367,12,8,2,382,384,5,388,400,386,377,381,364,351,368,240,402
21433,KILLED,344,343,417,166,416,124,125,126,92,6,4,218,299,16,300,9,360,216,293,147,145,154,152,13,213,15,357,149,358,285,148,242,17,153,219,332,287,178,238,151,403,401,361,409,220,150,214,405,212,155,146,241,356,336,353,239,179,51,217,52,221,215,243,7,3,359,10,14,1,365,11,367,12,8,2,382,384,5,388,400,386,377,381,364,351,368,240,402
21434,KILLED,344,343,420,418,417,166,415,416,124,125,126,92,6,4,218,299,16,300,9,360,216,293,147,145,154,152,13,213,15,357,149,358,285,148,242,17,332,287,178,238,151,403,401,409,220,150,214,405,212,146,241,356,336,353,239,179,51,217,52,221,215,243,7,3,359,10,14,1,365,11,367,12,8,2,382,384,5,388,400,386,377,381,364,351,368,240,402
21435,KILLED,124,125,126,9,360,154,13,15,332,178,150,336,179,1,11,12,8,2,5
21436,NO_COVERAGE
21437,NO_COVERAGE
21438,NO_COVERAGE
21439,NO_COVERAGE
21440,NO_COVERAGE
21441,KILLED,487,489,488,491,490,74,242,238,241,239,243,240
21442,SURVIVED
21443,TIMED_OUT
21444,KILLED,242,238,241,239,243,240
21445,TIMED_OUT
21446,KILLED,489,491,490,74,242,238,241,239,243,240
21447,KILLED,489,491,490,74,242,238,241,239,243,240
21448,KILLED,489,491,490,74,242,238,241,239,243,240
21449,KILLED,489,491,490,74,242,238,241,239,243,240
21450,TIMED_OUT
21451,KILLED,489,491,490,74,242,238,241,239,243,240
21452,KILLED,487,489,488,491,490,74,242,238,241,239,243,240
21453,TIMED_OUT
21454,TIMED_OUT
21455,KILLED,489,491,490,74,242,238,241,239,243,240
21456,KILLED,489,491,490,74,242,238,241,239,243,240
21457,KILLED,242,238,241,239,243,240
21458,KILLED,487,489,488,491,490,74,242,238,241,239,243,240
21459,KILLED,489,491,490,74,242,238,241,239,243,240
21460,TIMED_OUT
21461,TIMED_OUT
21462,KILLED,491,490,74,242,238,241,239,243,240
21463,KILLED,491,490,74,242,238,241,239,243,240
21464,TIMED_OUT
21465,KILLED,491,490,74,242,238,241,239,243,240
21466,KILLED,491,490,74,242,238,241,239,243,240
21467,TIMED_OUT
21468,KILLED,488,491,490,74,242,238,241,239,243,240
21469,KILLED,488,491,490,74,242,238,241,239,243,240
21470,KILLED,491,490,74,242,238,241,239,243,240
21471,TIMED_OUT
21472,TIMED_OUT
21473,KILLED,491,490,74,242,238,241,239,243,240
21474,KILLED,491,490,74,242,238,241,239,243,240
21475,TIMED_OUT
21476,KILLED,491,490,74,242,238,241,239,243,240
21477,KILLED,491,490,74,242,238,241,239,243,240
21478,TIMED_OUT
21479,KILLED,489
21480,KILLED,487,489,491,238
21481,KILLED,489,491,242,238,241,239,243,240
21482,KILLED,489,242,238,241,239,243,240
21483,KILLED,489,491,242,238,241,239,243,240
21484,TIMED_OUT
21485,TIMED_OUT
21486,KILLED,489,242,238,241,239,243,240
21487,TIMED_OUT
21488,KILLED,489,242,238,241,239,243,240
21489,TIMED_OUT
21490,KILLED,489,491,242,238,241,239,243,240
21491,KILLED,487,489,491,238
21492,KILLED,489,491,242,238,241,239,243,240
21493,KILLED,489,242,238,241,239,243,240
21494,KILLED,489,491,242,238,241,239,243,240
21495,KILLED,487,489,491
21496,KILLED,489,491
21497,KILLED,487,489,491
21498,KILLED,487,489,491
21499,NO_COVERAGE
21500,NO_COVERAGE
21501,KILLED,284,283,282
21502,KILLED,282
21503,KILLED,284
21504,KILLED,284,282
21505,KILLED,282
21506,KILLED,284
21507,KILLED,282
21508,KILLED,284
21509,KILLED,284,282
21510,KILLED,282
21511,KILLED,284
21512,KILLED,282
21513,KILLED,284
21514,KILLED,284,282
21515,NO_COVERAGE
21516,KILLED,282
21517,SURVIVED
21518,KILLED,284,283,282
21519,SURVIVED
21520,SURVIVED
21521,SURVIVED
21522,SURVIVED
21523,KILLED,284,283,282
21524,SURVIVED
21525,SURVIVED
21526,KILLED,284,283,282
21527,NO_COVERAGE
21528,KILLED,284,282
21529,KILLED,284
21530,KILLED,284,282
21531,KILLED,282
21532,KILLED,282
21533,KILLED,282
21534,KILLED,284
21535,KILLED,284,282
21536,SURVIVED
21537,SURVIVED
21538,KILLED,283
21539,KILLED,283
21540,SURVIVED
21541,KILLED,283
21542,KILLED,283
21543,KILLED,282
21544,SURVIVED
21545,KILLED,282
21546,KILLED,284
21547,KILLED,284,282
21548,KILLED,284
21549,KILLED,282
21550,SURVIVED
21551,KILLED,284
21552,SURVIVED
21553,KILLED,282
21554,KILLED,284
21555,KILLED,284,282
21556,KILLED,58,55,53
21557,KILLED,54
21558,KILLED,54
21559,KILLED,54
21560,KILLED,59
21561,KILLED,59
21562,KILLED,59
21563,SURVIVED
21564,KILLED,55,53,390
21565,NO_COVERAGE
21566,SURVIVED
21567,KILLED,55,53,390
21568,NO_COVERAGE
21569,KILLED,56
21570,KILLED,56
21571,KILLED,58,390
21572,SURVIVED
21573,KILLED,55
21574,KILLED,58
21575,KILLED,55
21576,KILLED,58
21577,KILLED,58,390
21578,KILLED,55
21579,KILLED,58
21580,KILLED,58
21581,KILLED,55
21582,KILLED,57,390
21583,KILLED,57,390
21584,KILLED,57,390
21585,KILLED,57,390
21586,SURVIVED
21587,KILLED,57
21588,KILLED,57,390
21589,KILLED,57,390
21590,KILLED,57
21591,KILLED,57,390
21592,KILLED,57
21593,KILLED,57,390
21594,KILLED,57
21595,KILLED,57,390
21596,KILLED,57,390
21597,KILLED,57,390
21598,KILLED,57
21599,KILLED,57
21600,KILLED,57,390
21601,TIMED_OUT
21602,KILLED,55,53
21603,KILLED,53
21604,KILLED,53,390
21605,KILLED,53,390
21606,KILLED,55,53,390
21607,KILLED,53
21608,KILLED,53,390
21609,KILLED,53
21610,SURVIVED
21611,SURVIVED
21612,SURVIVED
21613,NO_COVERAGE
21614,NO_COVERAGE
21615,NO_COVERAGE
21616,NO_COVERAGE
21617,NO_COVERAGE
21618,NO_COVERAGE
21619,NO_COVERAGE
21620,NO_COVERAGE
21621,NO_COVERAGE
21622,NO_COVERAGE
21623,NO_COVERAGE
21624,NO_COVERAGE
21625,NO_COVERAGE
21626,NO_COVERAGE
21627,NO_COVERAGE
21628,NO_COVERAGE
21629,NO_COVERAGE
21630,NO_COVERAGE
21631,NO_COVERAGE
21632,NO_COVERAGE
21633,NO_COVERAGE
21634,NO_COVERAGE
21635,NO_COVERAGE
21636,NO_COVERAGE
21637,NO_COVERAGE
21638,NO_COVERAGE
21639,NO_COVERAGE
21640,NO_COVERAGE
21641,NO_COVERAGE
21642,NO_COVERAGE
21643,NO_COVERAGE
21644,NO_COVERAGE
21645,NO_COVERAGE
21646,NO_COVERAGE
21647,NO_COVERAGE
21648,NO_COVERAGE
21649,NO_COVERAGE
21650,NO_COVERAGE
21651,NO_COVERAGE
21652,NO_COVERAGE
21653,NO_COVERAGE
21654,NO_COVERAGE
21655,NO_COVERAGE
21656,NO_COVERAGE
21657,NO_COVERAGE
21658,NO_COVERAGE
21659,NO_COVERAGE
21660,NO_COVERAGE
21661,NO_COVERAGE
21662,NO_COVERAGE
21663,KILLED,297
21664,KILLED,298,296
21665,KILLED,297,296
21666,KILLED,297
21667,KILLED,296
21668,KILLED,297
21669,KILLED,298,296
21670,SURVIVED
21671,KILLED,297
21672,SURVIVED
21673,KILLED,137
21674,KILLED,137
21675,KILLED,137
21676,KILLED,137
21677,SURVIVED
21678,KILLED,137
21679,KILLED,137
21680,KILLED,137,55,53,390
21681,KILLED,137
21682,KILLED,137
21683,KILLED,137
21684,KILLED,137
21685,KILLED,137,55,53,390
21686,KILLED,137
21687,KILLED,137
21688,KILLED,137
21689,KILLED,137
21690,KILLED,137
21691,KILLED,137
21692,TIMED_OUT
21693,SURVIVED
21694,SURVIVED
21695,SURVIVED
21696,SURVIVED
21697,KILLED,297,296
21698,SURVIVED
21699,SURVIVED
21700,KILLED,297,296
21701,SURVIVED
21702,TIMED_OUT
21703,TIMED_OUT
21704,TIMED_OUT
21705,SURVIVED
21706,NO_COVERAGE
21707,NO_COVERAGE
21708,NO_COVERAGE
21709,SURVIVED
21710,SURVIVED
21711,SURVIVED
21712,SURVIVED
21713,SURVIVED
21714,SURVIVED
21715,SURVIVED
21716,SURVIVED
21717,SURVIVED
21718,SURVIVED
21719,SURVIVED
21720,SURVIVED
21721,SURVIVED
21722,SURVIVED
21723,SURVIVED
21724,SURVIVED
21725,SURVIVED
21726,SURVIVED
21727,SURVIVED
21728,SURVIVED
21729,SURVIVED
21730,SURVIVED
21731,SURVIVED
21732,KILLED,140,144,141,139,142,143,138,411,315,328,322,307,64
21733,SURVIVED
21734,SURVIVED
21735,KILLED,140,144,141,139,142,143,138,411,315,328,322,307,64
21736,KILLED,411,315,328,322,307,64
21737,KILLED,411,315,328,322,307,64
21738,KILLED,411,315,328,322,307,64
21739,KILLED,411,315,328,322,307,64
21740,KILLED,411,315,328,322,307,64
21741,KILLED,411,315,328,322,307,64
21742,KILLED,411,315,328,322,307,64
21743,KILLED,411,315,328,322,307,64
21744,KILLED,411,315,328,322,307,64
21745,KILLED,411,315,328,322,307,64
21746,KILLED,411,315,328,322,307,64
21747,KILLED,411,315,328,322,307,64
21748,KILLED,411,315,328,322,307,64
21749,KILLED,411,315,328,322,307,64
21750,KILLED,411,315,328,322,307,64
21751,KILLED,411,315,328,322,307,64
21752,KILLED,144,141,139,142,143,138,411,315,328,322,307,64
21753,KILLED,144,141,139,142,143,138,411,315,328,322,307,64
21754,KILLED,140,144,141,139,142,143,138,411,315,328,322,307,64
21755,SURVIVED
21756,NO_COVERAGE
21757,NO_COVERAGE
21758,NO_COVERAGE
21759,NO_COVERAGE
21760,NO_COVERAGE
21761,NO_COVERAGE
21762,NO_COVERAGE
21763,NO_COVERAGE
21764,NO_COVERAGE
21765,NO_COVERAGE
21766,NO_COVERAGE
21767,NO_COVERAGE
21768,NO_COVERAGE
21769,NO_COVERAGE
21770,NO_COVERAGE
21771,NO_COVERAGE
21772,NO_COVERAGE
21773,NO_COVERAGE
21774,NO_COVERAGE
21775,NO_COVERAGE
21776,NO_COVERAGE
21777,NO_COVERAGE
21778,NO_COVERAGE
21779,NO_COVERAGE
21780,NO_COVERAGE
21781,NO_COVERAGE
21782,NO_COVERAGE
21783,NO_COVERAGE
21784,NO_COVERAGE
21785,NO_COVERAGE
21786,NO_COVERAGE
21787,NO_COVERAGE
21788,NO_COVERAGE
21789,NO_COVERAGE
21790,NO_COVERAGE
21791,NO_COVERAGE
21792,NO_COVERAGE
21793,NO_COVERAGE
21794,NO_COVERAGE
21795,NO_COVERAGE
21796,NO_COVERAGE
21797,NO_COVERAGE
21798,NO_COVERAGE
21799,NO_COVERAGE
21800,NO_COVERAGE
21801,NO_COVERAGE
21802,NO_COVERAGE
21803,NO_COVERAGE
21804,NO_COVERAGE
21805,NO_COVERAGE
21806,NO_COVERAGE
21807,NO_COVERAGE
21808,NO_COVERAGE
21809,NO_COVERAGE
21810,NO_COVERAGE
21811,NO_COVERAGE
21812,NO_COVERAGE
21813,NO_COVERAGE
21814,NO_COVERAGE
21815,NO_COVERAGE
21816,NO_COVERAGE
21817,NO_COVERAGE
21818,NO_COVERAGE
21819,NO_COVERAGE
21820,NO_COVERAGE
21821,NO_COVERAGE
21822,NO_COVERAGE
21823,NO_COVERAGE
21824,NO_COVERAGE
21825,NO_COVERAGE
21826,NO_COVERAGE
21827,NO_COVERAGE
21828,NO_COVERAGE
21829,NO_COVERAGE
21830,NO_COVERAGE
21831,NO_COVERAGE
21832,NO_COVERAGE
21833,NO_COVERAGE
21834,NO_COVERAGE
21835,NO_COVERAGE
21836,NO_COVERAGE
21837,NO_COVERAGE
21838,NO_COVERAGE
21839,NO_COVERAGE
21840,NO_COVERAGE
21841,NO_COVERAGE
21842,NO_COVERAGE
21843,NO_COVERAGE
21844,NO_COVERAGE
21845,NO_COVERAGE
21846,NO_COVERAGE
21847,SURVIVED
21848,SURVIVED
21849,SURVIVED
21850,SURVIVED
21851,SURVIVED
21852,SURVIVED
21853,SURVIVED
21854,SURVIVED
21855,SURVIVED
21856,SURVIVED
21857,SURVIVED
21858,SURVIVED
21859,SURVIVED
21860,SURVIVED
21861,SURVIVED
21862,SURVIVED
21863,SURVIVED
21864,SURVIVED
21865,SURVIVED
21866,SURVIVED
21867,SURVIVED
21868,SURVIVED
21869,SURVIVED
21870,SURVIVED
21871,SURVIVED
21872,SURVIVED
21873,SURVIVED
21874,SURVIVED
21875,SURVIVED
21876,SURVIVED
21877,SURVIVED
21878,SURVIVED
21879,SURVIVED
21880,SURVIVED
21881,SURVIVED
21882,SURVIVED
21883,SURVIVED
21884,SURVIVED
21885,SURVIVED
21886,SURVIVED
21887,SURVIVED
21888,SURVIVED
21889,SURVIVED
21890,SURVIVED
21891,SURVIVED
21892,SURVIVED
21893,SURVIVED
21894,KILLED,123,92
21895,SURVIVED
21896,SURVIVED
21897,SURVIVED
21898,KILLED,123,92
21899,SURVIVED
21900,KILLED,123,92
21901,KILLED,92,384
21902,KILLED,384
21903,KILLED,92
21904,KILLED,384
21905,KILLED,123,92
21906,KILLED,384
21907,KILLED,124,123,125,126,95,93,122,92,145,154,13,213,15,219,150,212,356,359,384
21908,SURVIVED
21909,KILLED,124,123,125,126,122,92,145,150
21910,KILLED,124,123,125,126,122,92,145,150
21911,KILLED,124,123,125,126,95,93,122,92,145,154,13,213,15,219,150,212,356,359,384
21912,SURVIVED
21913,KILLED,124,123,125,126,95,93,122,92,145,154,13,213,15,219,150,212,356,359,384
21914,KILLED,124,123,125,126,95,93,122,92,145,154,13,213,15,219,150,212,356,359,384
21915,SURVIVED
21916,KILLED,124,123,125,126,95,93,122,92,145,154,13,213,15,219,150,212,356,359,384
21917,KILLED,92,145,154,13,15,150,359
21918,KILLED,92
21919,SURVIVED
21920,KILLED,92
21921,SURVIVED
21922,KILLED,92
21923,SURVIVED
21924,KILLED,124,125,126,92,145,213,219,150,212,356,359,384
21925,SURVIVED
21926,KILLED,124,125,126,92,145,150
21927,SURVIVED
21928,KILLED,92
21929,KILLED,92
21930,KILLED,124,123,125,126,95,93,122,92,145,154,13,213,15,219,150,212,356,359,384
21931,SURVIVED
21932,KILLED,124,123,125,126,95,93,122,92,145,150
21933,KILLED,124,123,125,126,95,93,122,92,145,150
21934,SURVIVED
21935,SURVIVED
21936,SURVIVED
21937,KILLED,311,115
21938,KILLED,311,115
21939,KILLED,311
21940,KILLED,311
21941,SURVIVED
21942,SURVIVED
21943,KILLED,311,115
21944,KILLED,311,115
21945,NO_COVERAGE
21946,KILLED,311
21947,KILLED,311,115
21948,KILLED,311,115
21949,NO_COVERAGE
21950,KILLED,311,115
21951,KILLED,115
21952,KILLED,311,115
21953,KILLED,311,115
21954,SURVIVED
21955,KILLED,115
21956,KILLED,115
21957,KILLED,115
21958,KILLED,311,115
21959,NO_COVERAGE
21960,KILLED,115
21961,KILLED,311,115
21962,KILLED,311,115
21963,KILLED,115
21964,KILLED,311,115
21965,KILLED,115
21966,KILLED,115
21967,KILLED,115
21968,SURVIVED
21969,SURVIVED
21970,KILLED,115
21971,NO_COVERAGE
21972,KILLED,311,115
21973,KILLED,115
21974,KILLED,115
21975,KILLED,115
21976,SURVIVED
21977,SURVIVED
21978,SURVIVED
21979,SURVIVED
21980,SURVIVED
21981,SURVIVED
21982,SURVIVED
21983,SURVIVED
21984,SURVIVED
21985,SURVIVED
21986,SURVIVED
21987,SURVIVED
21988,SURVIVED
21989,SURVIVED
21990,SURVIVED
21991,SURVIVED
21992,SURVIVED
21993,SURVIVED
21994,KILLED,412,413,410,414,411,98,315,328,322,390,307,64
21995,KILLED,412,413,410,414,411,98,315,328,322,390,307,64
21996,KILLED,412,413,410,414,411,98,315,328,322,390,307,64
21997,KILLED,412,413,410,414,411,98,315,328,322,390,307,64
21998,KILLED,412,413,410,414,411,98,315,328,322,390,307,64
21999,KILLED,412,413,410,414,411,98,315,328,322,390,307,64
22000,KILLED,412,413,410,414,411,98,315,328,322,390,307,64
22001,KILLED,412,413,410,414,411,98,315,328,322,390,307,64
22002,KILLED,412,413,410,414,411,98,315,328,322,390,307,64
22003,KILLED,412,413,410,414,411,98,315,328,322,390,307,64
22004,KILLED,412,413,410,414,411,98,315,328,322,307
22005,KILLED,412,413,410,414,411,98,315,328,322,390,307,64
22006,KILLED,412,413,410,414,411,98,315,328,322,390,307,64
22007,KILLED,412,413,410,414,411,98,315,328,322,390,307,64
22008,KILLED,412,413,410,414,411,98,315,328,322,390,307,64
22009,SURVIVED
22010,KILLED,412,413,410,414,411,98,315,328,322,307
22011,SURVIVED
22012,SURVIVED
22013,KILLED,412,413,410,414,411,98,315,328,322,307
22014,SURVIVED
22015,SURVIVED
22016,KILLED,412,413,410,414,411,98,315,328,322,307
22017,KILLED,412,413,410,414,411,98,315,328,322,307
22018,NO_COVERAGE
22019,NO_COVERAGE
22020,NO_COVERAGE
22021,NO_COVERAGE
22022,NO_COVERAGE
22023,NO_COVERAGE
22024,NO_COVERAGE
22025,NO_COVERAGE
22026,NO_COVERAGE
22027,NO_COVERAGE
22028,NO_COVERAGE
22029,NO_COVERAGE
22030,NO_COVERAGE
22031,NO_COVERAGE
22032,NO_COVERAGE
22033,NO_COVERAGE
22034,NO_COVERAGE
22035,NO_COVERAGE
22036,NO_COVERAGE
22037,NO_COVERAGE
22038,NO_COVERAGE
22039,NO_COVERAGE
22040,NO_COVERAGE
22041,NO_COVERAGE
22042,NO_COVERAGE
22043,NO_COVERAGE
22044,NO_COVERAGE
22045,NO_COVERAGE
22046,NO_COVERAGE
22047,NO_COVERAGE
22048,NO_COVERAGE
22049,NO_COVERAGE
22050,NO_COVERAGE
22051,NO_COVERAGE
22052,NO_COVERAGE
22053,NO_COVERAGE
22054,NO_COVERAGE
22055,NO_COVERAGE
22056,NO_COVERAGE
22057,NO_COVERAGE
22058,NO_COVERAGE
22059,NO_COVERAGE
22060,SURVIVED
22061,KILLED,412,413,410,414
22062,KILLED,412,413,410,414
22063,KILLED,412,413,410,414
22064,NO_COVERAGE
22065,KILLED,412,413,410,414
22066,KILLED,412,413,410,414
22067,NO_COVERAGE
22068,KILLED,414,411,98,307
22069,KILLED,410,414,411,307
22070,KILLED,412,413,410,414,411,307
22071,KILLED,412,413,410,414,411,307
22072,KILLED,412,413,410,414,411,98,315,328,322,307
22073,KILLED,412,413,410,414,411,307
22074,KILLED,412,413,410,414,411,98,315,328,322,307
22075,KILLED,412,413,410,414,411,307
22076,KILLED,412,413,410,414,411,307
22077,KILLED,412,413,410,414,411,98,315,328,322,307
22078,KILLED,412,413,410,414,411,98,315,328,322,307
22079,KILLED,410,414,411,98,307
22080,KILLED,412,413,410,414,411,307
22081,KILLED,411,307
22082,KILLED,411,307,64
22083,TIMED_OUT
22084,KILLED,411,307
22085,KILLED,411,307
22086,KILLED,411,307
22087,KILLED,411,315,328,322,307,64
22088,KILLED,411,307
22089,KILLED,411,307
22090,KILLED,411,315,328,322,307,64
22091,KILLED,411,307
22092,KILLED,411,307
22093,KILLED,411,315,328,322,307,64
22094,KILLED,411,307
22095,KILLED,411,307,64
22096,TIMED_OUT
22097,KILLED,411,315,328,322,307,64
22098,KILLED,411,307
22099,TIMED_OUT
22100,SURVIVED
22101,SURVIVED
22102,NO_COVERAGE
22103,NO_COVERAGE
22104,NO_COVERAGE
22105,SURVIVED
22106,SURVIVED
22107,SURVIVED
22108,KILLED,148
22109,SURVIVED
22110,KILLED,148
22111,KILLED,148
22112,KILLED,148
22113,KILLED,148
22114,KILLED,148
22115,KILLED,148
22116,KILLED,148
22117,KILLED,148
22118,KILLED,148,364
22119,KILLED,148
22120,KILLED,148,364
22121,KILLED,148
22122,SURVIVED
22123,KILLED,148
22124,KILLED,148
22125,SURVIVED
22126,SURVIVED
22127,SURVIVED
22128,KILLED,148
22129,SURVIVED
22130,SURVIVED
22131,KILLED,148
22132,KILLED,148
22133,KILLED,148
22134,KILLED,148
22135,KILLED,148
22136,NO_COVERAGE
22137,NO_COVERAGE
22138,NO_COVERAGE
22139,KILLED,148
22140,KILLED,68,67,242,238,241,239,243,240
22141,KILLED,68,67,242,238,241,239,243,240
22142,KILLED,68,67,242,238,241,239,243,240
22143,TIMED_OUT
22144,KILLED,68,67,242,238,241,239,243,240
22145,KILLED,68,67,242,238,241,239,243,240
22146,TIMED_OUT
22147,KILLED,68,67,242,238,241,239,243,240
22148,KILLED,67,242,238,241,239,243,240
22149,KILLED,67,242,238,241,239,243,240
22150,KILLED,67,242,238,241,239,243,240
22151,KILLED,67,242,238,241,239,243,240
22152,KILLED,67,242,238,241,239,243,240
22153,KILLED,67,242,238,241,239,243,240
22154,KILLED,67,242,238,241,239,243,240
22155,KILLED,67,242,238,241,239,243,240
22156,KILLED,67,242,238,241,239,243,240
22157,KILLED,67,242,238,241,239,243,240
22158,KILLED,67,242,238,241,239,243,240
22159,TIMED_OUT
22160,KILLED,67,242,238,241,239,243,240
22161,TIMED_OUT
22162,TIMED_OUT
22163,KILLED,68,67,242,238,241,239,243,240
22164,TIMED_OUT
22165,KILLED,68,67,242,238,241,239,243,240
22166,KILLED,68,67,242,238,241,239,243,240
22167,KILLED,68,67,242,238,241,239,243,240
22168,KILLED,68,67,242,238,241,239,243,240
22169,KILLED,68,67,242,238,241,239,243,240
22170,KILLED,68,67,242,238,241,239,243,240
22171,TIMED_OUT
22172,KILLED,68,67,242,238,241,239,243,240
22173,TIMED_OUT
22174,TIMED_OUT
22175,KILLED,68,67,242,238,241,239,243,240
22176,TIMED_OUT
22177,TIMED_OUT
22178,KILLED,68,67,242,238,241,239,243,240
22179,KILLED,111,324,313,303,312,309,318,109,116,113,114,320,325,323,63,66,108,301,306,117,302,317,305,311,115,329,308,330,314,315,328,327,310,304,322,321,319,307,64,65,326,110
22180,KILLED,111,324,313,303,312,309,318,109,116,113,114,320,325,323,63,66,108,301,306,117,302,317,305,311,115,329,308,330,314,315,328,327,310,304,322,321,319,307,64,65,326,110
22181,SURVIVED
22182,KILLED,111,324,313,303,312,309,318,109,116,113,114,320,325,323,63,66,108,301,306,117,302,317,305,311,115,329,308,330,314,315,328,327,310,304,322,321,319,307,64,65,326,110
22183,KILLED,111,324,313,303,312,309,318,109,116,113,114,320,325,323,63,66,108,301,306,117,302,317,305,311,115,329,308,330,314,315,328,327,310,304,322,321,319,307,64,65,326,110
22184,NO_COVERAGE
22185,SURVIVED
22186,KILLED,111,324,313,303,312,309,318,109,116,113,114,320,325,323,63,66,108,301,306,117,302,317,305,311,115,329,308,330,314,315,328,327,310,304,322,321,319,307,64,65,326,110
22187,KILLED,111,324,313,303,312,309,318,109,116,113,114,320,325,323,63,66,108,301,306,117,302,317,305,311,115,329,308,330,314,315,328,327,310,304,322,321,319,307,64,65,326,110
22188,KILLED,111,324,313,303,312,309,318,109,116,113,114,320,325,323,63,66,108,301,306,117,302,317,305,311,115,329,308,330,314,315,328,327,310,304,322,321,319,307,64,65,326,110
22189,SURVIVED
22190,KILLED,111,324,313,303,312,309,318,109,116,113,114,320,325,323,63,66,108,301,306,117,302,317,305,311,115,329,308,330,314,315,328,327,310,304,322,321,319,307,64,65,326,110
22191,NO_COVERAGE
22192,SURVIVED
22193,KILLED,111,324,313,303,312,309,318,109,116,113,114,320,325,323,63,66,108,301,306,117,302,317,305,311,115,329,308,330,314,315,328,327,310,304,322,321,319,307,64,65,326,110
22194,SURVIVED
22195,SURVIVED
22196,SURVIVED
22197,NO_COVERAGE
22198,SURVIVED
22199,KILLED,111,324,313,303,312,309,318,109,116,113,114,320,325,323,63,66,108,301,306,117,302,317,305,311,115,329,308,330,314,315,328,327,310,304,322,321,319,307,64,65,326,110
22200,KILLED,111,324,313,303,312,309,318,109,116,113,114,320,325,323,63,66,108,301,306,117,302,317,305,311,115,329,308,330,314,315,328,327,310,304,322,321,319,307,64,65,326,110
22201,SURVIVED
22202,TIMED_OUT
22203,SURVIVED
22204,KILLED,111,324,313,303,312,309,318,109,116,113,114,320,325,323,63,66,108,301,306,117,302,317,305,311,115,329,308,330,314,315,328,327,310,304,322,321,319,307,64,65,326,110
22205,SURVIVED
22206,SURVIVED
22207,KILLED,111,324,313,303,312,309,318,109,116,113,114,320,325,323,63,66,108,301,306,117,302,317,305,311,115,329,308,330,314,315,328,327,310,304,322,321,319,307,64,65,326,110
22208,SURVIVED
22209,NO_COVERAGE
22210,KILLED,111,324,313,303,312,309,318,109,116,113,114,320,325,323,63,66,108,301,306,117,302,317,305,311,115,329,308,330,314,315,328,327,310,304,322,321,319,307,64,65,326,110
22211,SURVIVED
22212,SURVIVED
22213,KILLED,122
22214,KILLED,122
22215,SURVIVED
22216,KILLED,122
22217,SURVIVED
22218,KILLED,122
22219,SURVIVED
22220,KILLED,122
22221,KILLED,122
22222,KILLED,122
22223,SURVIVED
22224,KILLED,122
22225,NO_COVERAGE
22226,SURVIVED
22227,KILLED,125,122
22228,KILLED,125,122
22229,KILLED,125,122
22230,SURVIVED
22231,KILLED,125,122
22232,SURVIVED
22233,KILLED,125,122
22234,KILLED,125,122
22235,NO_COVERAGE
22236,NO_COVERAGE
22237,NO_COVERAGE
22238,NO_COVERAGE
22239,NO_COVERAGE
22240,NO_COVERAGE
22241,NO_COVERAGE
22242,KILLED,125,122
22243,KILLED,125,122
22244,KILLED,125,122
22245,KILLED,283,79,81,170,172,242,109,171,116,239,114,320,325,323,108,301,306,243,302,317,305,311,329,308,330,314,315,328,327,310,304,322,321,319,307,82,326,110
22246,TIMED_OUT
22247,SURVIVED
22248,KILLED,170,172,171,320,325,323,301,306,302,317,305,311,329,308,330,314,315,328,327,310,304,322,321,319,307,326
22249,KILLED,79,81,170,172,171,114,108,82,110
22250,KILLED,320,325,323,301,306,302,317,305,311,329,308,330,314,315,328,310,304,322,321,319,307,326
22251,KILLED,114,108,110
22252,KILLED,79,81,170,172,171,320,325,323,301,306,302,317,305,311,329,308,330,314,315,328,327,310,304,322,321,319,307,82,326
22253,KILLED,79,81,170,172,171,114,320,325,323,108,301,306,302,317,305,311,329,308,330,314,315,328,310,304,322,321,319,307,82,326,110
22254,KILLED,79,81,170,172,171,320,325,323,301,306,302,317,305,311,329,308,330,314,315,328,327,310,304,322,321,319,307,82,326
22255,SURVIVED
22256,KILLED,79,81,170,172,171,114,320,325,323,108,301,306,302,317,305,311,329,308,330,314,315,328,327,310,304,322,321,319,307,82,326,110
22257,KILLED,320,325,323,301,306,302,317,305,311,329,308,330,314,315,328,310,304,322,321,319,307,326
22258,KILLED,114,108,110
22259,KILLED,283,79,81,170,172,242,109,171,116,239,114,108,243,327,82
22260,SURVIVED
22261,SURVIVED
22262,TIMED_OUT
22263,TIMED_OUT
22264,KILLED,283
22265,TIMED_OUT
22266,KILLED,283,79,81,170,172,171,239,243,82
22267,KILLED,283
22268,TIMED_OUT
22269,TIMED_OUT
22270,TIMED_OUT
22271,SURVIVED
22272,KILLED,283
22273,KILLED,283,79,81,170,172,171,239,243,82
22274,SURVIVED
22275,TIMED_OUT
22276,TIMED_OUT
22277,KILLED,283
22278,KILLED,400,402
22279,KILLED,406,400,402
22280,SURVIVED
22281,KILLED,406,400,402
22282,KILLED,406,400,402
22283,SURVIVED
22284,KILLED,400,402
22285,SURVIVED
22286,SURVIVED
22287,KILLED,406,400,402
22288,KILLED,400,402
22289,SURVIVED
22290,SURVIVED
22291,KILLED,400,402
22292,KILLED,400,402
22293,SURVIVED
22294,KILLED,406,400,402
22295,KILLED,406
22296,KILLED,406,400,402
22297,KILLED,400,402
22298,SURVIVED
22299,SURVIVED
22300,KILLED,400,402
22301,KILLED,400,402
22302,SURVIVED
22303,SURVIVED
22304,KILLED,400,402
22305,NO_COVERAGE
22306,KILLED,400,402
22307,SURVIVED
22308,SURVIVED
22309,KILLED,400,402
22310,KILLED,62,5
22311,KILLED,62,5
22312,KILLED,62,5
22313,KILLED,62,5
22314,NO_COVERAGE
22315,NO_COVERAGE
22316,NO_COVERAGE
22317,NO_COVERAGE
22318,NO_COVERAGE
22319,NO_COVERAGE
22320,NO_COVERAGE
22321,NO_COVERAGE
22322,NO_COVERAGE
22323,NO_COVERAGE
22324,NO_COVERAGE
22325,NO_COVERAGE
22326,NO_COVERAGE
22327,NO_COVERAGE
22328,NO_COVERAGE
22329,NO_COVERAGE
22330,NO_COVERAGE
22331,NO_COVERAGE
22332,NO_COVERAGE
22333,NO_COVERAGE
22334,NO_COVERAGE
22335,NO_COVERAGE
22336,NO_COVERAGE
22337,NO_COVERAGE
22338,NO_COVERAGE
22339,NO_COVERAGE
22340,NO_COVERAGE
22341,NO_COVERAGE
22342,SURVIVED
22343,NO_COVERAGE
22344,SURVIVED
22345,KILLED,51
22346,KILLED,51,52
22347,KILLED,51,52
22348,KILLED,51,52
22349,KILLED,51,52
22350,KILLED,51
22351,KILLED,51,52
22352,KILLED,51,52
22353,SURVIVED
22354,KILLED,51,52
22355,KILLED,51,52
22356,KILLED,51,52
22357,KILLED,51,52
22358,SURVIVED
22359,KILLED,51
22360,SURVIVED
22361,KILLED,51,52
22362,SURVIVED
22363,KILLED,51,52
22364,SURVIVED
22365,SURVIVED
22366,SURVIVED
22367,KILLED,51,52
22368,SURVIVED
22369,SURVIVED
22370,NO_COVERAGE
22371,KILLED,51,52
22372,NO_COVERAGE
22373,KILLED,283,87,482,30,370,350,474,480,479,473,472,463,465,462,361,352,458,355,353,359,351
22374,KILLED,23
22375,KILLED,283,87,482,30,370,350,474,480,479,473,472,463,465,462,361,352,458,355,353,359,351
22376,SURVIVED
22377,NO_COVERAGE
22378,NO_COVERAGE
22379,KILLED,23
22380,SURVIVED
22381,KILLED,23
22382,KILLED,23
22383,KILLED,23
22384,SURVIVED
22385,KILLED,23
22386,KILLED,23
22387,NO_COVERAGE
22388,SURVIVED
22389,SURVIVED
22390,TIMED_OUT
22391,KILLED,283,87,482,30,370,350,474,480,479,473,472,463,465,462,361,352,458,355,353,359,351
22392,TIMED_OUT
22393,TIMED_OUT
22394,TIMED_OUT
22395,KILLED,283,87,482,30,370,350,474,480,479,473,472,463,465,462,361,352,458,355,353,359,351
22396,KILLED,283,87,30,350,474,473,465,462,361,352,458,355,353,359,351
22397,KILLED,283,87,30,350,474,473,465,462,352,458,355,353,351
22398,KILLED,283,87,30,370,350,474,473,465,462,352,458,355,353,359,351
22399,TIMED_OUT
22400,TIMED_OUT
22401,KILLED,283,87,30,370,350,474,473,465,462,352,458,355,353,359,351
22402,TIMED_OUT
22403,NO_COVERAGE
22404,NO_COVERAGE
22405,NO_COVERAGE
22406,NO_COVERAGE
22407,NO_COVERAGE
22408,NO_COVERAGE
22409,NO_COVERAGE
22410,NO_COVERAGE
22411,NO_COVERAGE
22412,NO_COVERAGE
22413,NO_COVERAGE
22414,NO_COVERAGE
22415,NO_COVERAGE
22416,NO_COVERAGE
22417,NO_COVERAGE
22418,NO_COVERAGE
22419,NO_COVERAGE
22420,NO_COVERAGE
22421,NO_COVERAGE
22422,NO_COVERAGE
22423,NO_COVERAGE
22424,NO_COVERAGE
22425,NO_COVERAGE
22426,NO_COVERAGE
22427,NO_COVERAGE
22428,NO_COVERAGE
22429,NO_COVERAGE
22430,NO_COVERAGE
22431,NO_COVERAGE
22432,KILLED,291,290,289,288,77
22433,KILLED,291,290,289,288,75,77
22434,KILLED,291,290,289,288,75,77
22435,KILLED,75
22436,KILLED,291,289,288,77
22437,KILLED,291,289,288,75,77
22438,KILLED,291,289,288,77
22439,KILLED,75
22440,KILLED,291,289,288,77
22441,KILLED,291,290,289,288,75,77
22442,KILLED,290
22443,KILLED,290
22444,SURVIVED
22445,SURVIVED
22446,SURVIVED
22447,SURVIVED
22448,SURVIVED
22449,KILLED,289,288
22450,SURVIVED
22451,SURVIVED
22452,KILLED,289,288
22453,SURVIVED
22454,TIMED_OUT
22455,TIMED_OUT
22456,TIMED_OUT
22457,SURVIVED
22458,SURVIVED
22459,KILLED,291
22460,KILLED,291
22461,SURVIVED
22462,SURVIVED
22463,SURVIVED
22464,SURVIVED
22465,KILLED,268,274,270,267,275,265
22466,KILLED,270,275,265
22467,KILLED,268,274,270,267,275,265
22468,KILLED,265
22469,KILLED,265
22470,KILLED,265
22471,KILLED,274
22472,KILLED,275,264,265,263
22473,KILLED,269
22474,KILLED,269
22475,KILLED,274
22476,KILLED,269
22477,KILLED,269,274,270,275,264,265,263
22478,KILLED,269,274,270,275,264,265,263
22479,KILLED,269
22480,KILLED,269
22481,SURVIVED
22482,KILLED,274,270,275,264,265,263
22483,KILLED,269
22484,KILLED,269
22485,KILLED,274,270,275,264,265,263
22486,KILLED,270,275,265
22487,KILLED,265
22488,KILLED,265
22489,KILLED,265
22490,KILLED,109,113,114,325,323,108,301,306,302,317,305,311,329,308,330,314,315,328,327,310,304,322,321,319,307,326,110
22491,NO_COVERAGE
22492,NO_COVERAGE
22493,KILLED,109,116,113,114,320,325,323,63,66,108,301,306,117,302,317,305,311,115,329,308,330,314,315,328,327,310,304,322,321,319,307,64,65,326,110
22494,KILLED,109,116,113,114,320,325,323,63,66,108,301,306,117,302,317,305,311,115,329,308,330,314,315,328,327,310,304,322,321,319,307,64,65,326,110
22495,KILLED,109,116,113,114,320,325,323,63,66,108,301,306,117,302,317,305,311,115,329,308,330,314,315,328,327,310,304,322,321,319,307,64,65,326,110
22496,NO_COVERAGE
22497,NO_COVERAGE
22498,NO_COVERAGE
22499,NO_COVERAGE
22500,KILLED,109,116,113,114,320,325,323,63,66,108,301,306,302,317,305,311,329,308,330,314,315,328,327,310,304,322,321,319,307,64,65,326,110
22501,SURVIVED
22502,KILLED,109,116,113,114,320,325,323,63,66,108,301,306,117,302,317,305,311,115,329,308,330,314,315,328,327,310,304,322,321,319,307,64,65,326,110
22503,KILLED,109,116,113,114,320,325,323,63,66,108,301,306,302,317,305,311,115,329,308,330,314,315,328,327,310,304,322,321,319,307,64,65,326,110
22504,KILLED,325,323,301,306,302,317,305,311,329,308,330,314,315,328,327,310,304,322,321,319,307,64,326
22505,NO_COVERAGE
22506,NO_COVERAGE
22507,KILLED,320,325,323,63,66,301,306,117,302,317,305,311,115,329,308,330,314,315,328,327,310,304,322,321,319,307,64,65,326
22508,KILLED,320,325,323,63,66,301,306,117,302,317,305,311,115,329,308,330,314,315,328,327,310,304,322,321,319,307,64,65,326
22509,NO_COVERAGE
22510,NO_COVERAGE
22511,NO_COVERAGE
22512,KILLED,320,325,323,63,66,301,306,117,302,317,305,311,115,329,308,330,314,315,328,327,310,304,322,321,319,307,64,65,326
22513,SURVIVED
22514,KILLED,320,325,323,63,66,301,306,117,302,317,305,311,115,329,308,330,314,315,328,327,310,304,322,321,319,307,64,65,326
22515,KILLED,320,325,323,63,66,301,306,117,302,317,305,311,115,329,308,330,314,315,328,327,310,304,322,321,319,307,64,65,326
22516,KILLED,45,46,48,47,49,109,116,113,114,320,325,323,63,66,108,301,306,117,302,317,305,311,115,329,308,330,314,315,328,327,310,304,322,321,319,307,64,65,326,110
22517,KILLED,45,46,48,47,49,109,116,113,114,320,325,323,63,66,108,301,306,117,302,317,305,311,115,329,308,330,314,315,328,327,310,304,322,321,319,307,64,65,326,110
22518,KILLED,45,46,48,47,49,109,116,113,114,320,325,323,63,66,108,301,306,117,302,317,305,311,115,329,308,330,314,315,328,327,310,304,322,321,319,307,64,65,326,110
22519,KILLED,6,218,16,300,147,145,154,152,13,15,149,148,153,332,178,238,151,220,150,214,155,146,241,336,179,217,215,7,3,359,10,14,11,12,8,2,5,364,240
22520,NO_COVERAGE
22521,NO_COVERAGE
22522,NO_COVERAGE
22523,NO_COVERAGE
22524,NO_COVERAGE
22525,NO_COVERAGE
22526,NO_COVERAGE
22527,NO_COVERAGE
22528,NO_COVERAGE
22529,NO_COVERAGE
22530,NO_COVERAGE
22531,NO_COVERAGE
22532,NO_COVERAGE
22533,NO_COVERAGE
22534,NO_COVERAGE
22535,NO_COVERAGE
22536,NO_COVERAGE
22537,NO_COVERAGE
22538,NO_COVERAGE
22539,KILLED,6,218,16,300,147,145,154,152,13,15,149,148,153,332,178,238,151,220,150,214,155,146,241,336,179,217,215,7,3,359,10,14,11,12,8,2,5,364,240
22540,SURVIVED
22541,SURVIVED
22542,SURVIVED
22543,SURVIVED
22544,SURVIVED
22545,SURVIVED
22546,SURVIVED
22547,SURVIVED
22548,SURVIVED
22549,SURVIVED
22550,NO_COVERAGE
22551,NO_COVERAGE
22552,NO_COVERAGE
22553,NO_COVERAGE
22554,NO_COVERAGE
22555,NO_COVERAGE
22556,NO_COVERAGE
22557,NO_COVERAGE
22558,NO_COVERAGE
22559,NO_COVERAGE
22560,NO_COVERAGE
22561,NO_COVERAGE
22562,KILLED,114,325,323,307
22563,SURVIVED
22564,NO_COVERAGE
22565,NO_COVERAGE
22566,NO_COVERAGE
22567,KILLED,114,325,323,307
22568,SURVIVED
22569,TIMED_OUT
22570,SURVIVED
22571,SURVIVED
22572,KILLED,114,325,323,307
22573,SURVIVED
22574,NO_COVERAGE
22575,TIMED_OUT
22576,NO_COVERAGE
22577,NO_COVERAGE
22578,NO_COVERAGE
22579,NO_COVERAGE
22580,NO_COVERAGE
22581,NO_COVERAGE
22582,NO_COVERAGE
22583,NO_COVERAGE
22584,NO_COVERAGE
22585,NO_COVERAGE
22586,NO_COVERAGE
22587,NO_COVERAGE
22588,NO_COVERAGE
22589,NO_COVERAGE
22590,NO_COVERAGE
22591,NO_COVERAGE
22592,NO_COVERAGE
22593,NO_COVERAGE
22594,NO_COVERAGE
22595,NO_COVERAGE
22596,NO_COVERAGE
22597,NO_COVERAGE
22598,NO_COVERAGE
22599,NO_COVERAGE
22600,NO_COVERAGE
22601,NO_COVERAGE
22602,NO_COVERAGE
22603,NO_COVERAGE
22604,NO_COVERAGE
22605,NO_COVERAGE
22606,NO_COVERAGE
22607,SURVIVED
22608,KILLED,372,370,363,374,378,362,387,383,385,373,379,380,369,375,367,382,384,388,386,377,364
22609,SURVIVED
22610,KILLED,372,370,363,374,378,362,387,383,385,373,379,380,369,375,367,382,384,388,386,377,364
22611,KILLED,372,370,363,374,387,383,385,373,380,369,375,367,382,384,388,386,364
22612,KILLED,372,370,363,374,387,383,385,373,380,369,375,367,382,384,388,386,364
22613,SURVIVED
22614,SURVIVED
22615,SURVIVED
22616,NO_COVERAGE
22617,KILLED,376,389,370,363,387,385,369,365,367,388,386,377,381,364
22618,KILLED,376,389,370,363,387,385,373,369,375,365,367,388,386,377,381,364,368
22619,KILLED,376,389,370,363,387,385,373,369,375,365,367,388,386,377,381,364,368
22620,KILLED,376,389,370,363,387,385,373,369,375,365,367,388,386,377,381,364,368
22621,SURVIVED
22622,SURVIVED
22623,KILLED,376,389,370,363,387,385,373,369,375,365,367,388,386,377,381,364,368
22624,KILLED,376,389,370,363,387,385,373,369,375,365,367,388,386,377,381,364,368
22625,KILLED,376,389,370,363,387,385,369,365,367,388,386,377,381,364
22626,KILLED,376,389,370,363,387,385,369,365,367,388,386,377,381,364
22627,SURVIVED
22628,KILLED,389,381
22629,KILLED,376,389,370,363,387,385,373,369,375,365,367,388,386,377,381,364,368
22630,KILLED,376,389,370,363,387,385,369,365,367,388,386,377,381,364
22631,KILLED,376,389,381,368
22632,KILLED,372,370,363,374,387,383,385,373,380,369,375,367,382,384,388,386,364,368
22633,KILLED,376,389,372,370,363,374,387,383,385,373,380,369,365,367,382,384,388,386,377,381,364
22634,NO_COVERAGE
22635,NO_COVERAGE
22636,NO_COVERAGE
22637,NO_COVERAGE
22638,NO_COVERAGE
22639,NO_COVERAGE
22640,NO_COVERAGE
22641,KILLED,299,300
22642,KILLED,299,300
22643,KILLED,299,300
22644,KILLED,299,300
22645,SURVIVED
22646,KILLED,299,300
22647,SURVIVED
22648,KILLED,299,300
22649,SURVIVED
22650,NO_COVERAGE
22651,NO_COVERAGE
22652,NO_COVERAGE
22653,NO_COVERAGE
22654,NO_COVERAGE
22655,NO_COVERAGE
22656,NO_COVERAGE
22657,NO_COVERAGE
22658,NO_COVERAGE
22659,NO_COVERAGE
22660,NO_COVERAGE
22661,KILLED,299,300
22662,KILLED,86
22663,KILLED,86
22664,KILLED,86
22665,KILLED,86
22666,KILLED,86
22667,KILLED,86
22668,KILLED,86
22669,SURVIVED
22670,KILLED,86
22671,KILLED,86
22672,KILLED,86
22673,KILLED,86
22674,SURVIVED
22675,KILLED,86
22676,KILLED,86
22677,KILLED,86
22678,KILLED,86
22679,KILLED,86
22680,SURVIVED
22681,KILLED,86
22682,SURVIVED
22683,KILLED,86
22684,KILLED,86
22685,KILLED,86
22686,SURVIVED
22687,SURVIVED
22688,KILLED,86
22689,SURVIVED
22690,KILLED,113,114,108,110
22691,SURVIVED
22692,NO_COVERAGE
22693,KILLED,113,114,108,110
22694,KILLED,113,114,108,110
22695,KILLED,114,108,110
22696,SURVIVED
22697,SURVIVED
22698,KILLED,113,114,108,110
22699,SURVIVED
22700,SURVIVED
22701,SURVIVED
22702,SURVIVED
22703,KILLED,110
22704,KILLED,113,114,108,110
22705,KILLED,110
22706,KILLED,110
22707,KILLED,110
22708,KILLED,110
22709,KILLED,113,114,108,110
22710,KILLED,110
22711,SURVIVED
22712,KILLED,113,114,108,110
22713,KILLED,113,114,108,110
22714,KILLED,114,108,110
22715,TIMED_OUT
22716,SURVIVED
22717,KILLED,45,46,48,47,49,109,323,301,306,117,302,317,305,311,115,329,308,330,314,315,327,310,304,322,321,319,307,65,326,110
22718,KILLED,45,46,48,47,49,109,323,301,306,117,302,317,305,311,115,329,308,330,314,315,327,310,304,322,321,319,307,65,326,110
22719,KILLED,45,46,48,47,49,109,323,301,306,117,302,317,305,311,115,329,308,330,314,315,327,310,304,322,321,319,307,65,326,110
22720,KILLED,45,46,47,49,109,323,301,306,117,302,317,305,311,115,329,308,330,314,315,327,310,304,322,321,319,307,65,326,110
22721,KILLED,48
22722,KILLED,45,46,48,47,49,109,323,301,306,117,302,317,305,311,115,329,308,330,314,315,327,310,304,322,321,319,307,65,326,110
22723,KILLED,45,46,48,47,49,109,323,301,306,117,302,317,305,311,115,329,308,330,314,315,327,310,304,322,321,319,307,65,326,110
22724,KILLED,45,46,48,47,49,109,323,301,306,117,302,317,305,311,115,329,308,330,314,315,327,310,304,322,321,319,307,65,326,110
22725,KILLED,45,46,48,47,49,109,323,301,306,117,302,317,305,311,115,329,308,330,314,315,327,310,304,322,321,319,307,65,326,110
22726,KILLED,45,46,48,47,49,109,323,301,306,117,302,317,305,311,115,329,308,330,314,315,327,310,304,322,321,319,307,65,326,110
22727,KILLED,45,46,48,47,49,109,323,301,306,117,302,317,305,311,115,329,308,330,314,315,327,310,304,322,321,319,307,65,326,110
22728,KILLED,45,46,48,47,49,109,323,301,306,117,302,317,305,311,115,329,308,330,314,315,327,310,304,322,321,319,307,65,326,110
22729,KILLED,45,46,47,49,109,323,301,306,117,302,317,305,311,115,329,308,330,314,315,327,310,304,322,321,319,307,65,326,110
22730,KILLED,48
22731,KILLED,45,46,48,47,49,109,323,301,306,117,302,317,305,311,115,329,308,330,314,315,327,310,304,322,321,319,307,65,326,110
22732,NO_COVERAGE
22733,KILLED,320,325,323,63,66,317,305,329,315,328,310,304,322,321,307,64
22734,KILLED,116,114,320,325,323,63,66,108,317,305,329,315,328,310,304,322,321,307,64
22735,KILLED,325,323,66,301,117,302,317,305,311,115,329,308,330,314,315,328,327,310,304,322,321,319,307,64,65,326
22736,KILLED,323,301,117,302,317,305,311,115,329,308,330,314,315,327,310,304,322,321,319,307,65,326
22737,KILLED,323,301,117,302,317,305,311,115,329,308,330,314,315,327,310,304,322,321,319,307,65,326
22738,KILLED,325,323,66,301,117,302,317,305,311,115,329,308,330,314,315,328,327,310,304,322,321,319,307,64,65,326
22739,KILLED,323,301,117,302,317,305,311,115,329,308,330,314,315,328,327,310,304,322,321,319,307,64,65,326
22740,KILLED,372,370,363,374,378,362,387,383,385,373,379,380,369,375,365,367,382,384,388,386,377,381,364,368
22741,KILLED,372,370,374,378,362,387,383,385,373,379,380,369,375,382,384,388,386,377,381,364,368
22742,KILLED,372,370,363,374,387,383,385,373,380,369,367,382,384,388,386,377,364,368
22743,KILLED,372,370,363,374,378,362,387,383,385,373,379,380,369,375,365,367,382,384,388,386,377,381,364,368
22744,KILLED,372,370,374,378,362,387,383,385,373,379,380,369,375,382,384,388,386,377,381,364,368
22745,KILLED,372,370,363,374,387,383,385,373,380,369,367,382,384,388,386,377,364,368
22746,KILLED,369,381
22747,KILLED,369,368
22748,KILLED,369
22749,KILLED,369,381,368
22750,KILLED,369,368
22751,KILLED,369,368
22752,KILLED,381,368
22753,KILLED,372,370,374,378,362,387,383,385,373,379,380,369,375,382,384,388,386,377,381,364,368
22754,KILLED,372,370,374,378,362,387,383,385,373,379,380,369,375,382,384,388,386,377,381,364,368
22755,KILLED,372,370,374,378,362,387,383,385,373,379,380,369,375,382,384,388,386,377,381,364,368
22756,KILLED,381
22757,KILLED,368
22758,KILLED,372,370,374,378,362,387,383,385,373,379,380,369,375,382,384,388,386,377,381,364,368
22759,KILLED,368
22760,KILLED,381
22761,KILLED,372,370,374,378,362,387,383,385,373,379,380,369,375,382,384,388,386,377,381,364,368
22762,KILLED,381,368
22763,KILLED,372,370,374,378,362,387,383,385,373,379,380,369,375,382,384,388,386,377,381,364,368
22764,KILLED,291,289,288,77
22765,SURVIVED
22766,KILLED,291,289,288,77
22767,SURVIVED
22768,KILLED,184
22769,SURVIVED
22770,SURVIVED
22771,KILLED,183,182
22772,KILLED,183,182
22773,SURVIVED
22774,SURVIVED
22775,KILLED,184,182
22776,KILLED,184,183
22777,KILLED,183,182
22778,KILLED,183,182
22779,SURVIVED
22780,KILLED,184
22781,KILLED,183
22782,KILLED,182
22783,KILLED,184
22784,KILLED,184
22785,KILLED,75
22786,KILLED,291,289,288,75,77
22787,SURVIVED
22788,KILLED,133,135,130,131,129,132,128
22789,KILLED,133,135,130,131,129,132,128
22790,KILLED,133,135,130,131,129,132,128
22791,SURVIVED
22792,SURVIVED
22793,SURVIVED
22794,SURVIVED
22795,KILLED,133,135,130,131,129,132,128
22796,KILLED,133,135,130,131,129,132,128
22797,SURVIVED
22798,KILLED,133,135,130,131,129,132,128
22799,SURVIVED
22800,SURVIVED
22801,SURVIVED
22802,KILLED,133,135,130,131,129,132,128
22803,SURVIVED
22804,SURVIVED
22805,SURVIVED
22806,KILLED,133,135,130,131,129,132,128
22807,SURVIVED
22808,SURVIVED
22809,TIMED_OUT
22810,KILLED,21
22811,KILLED,21
22812,NO_COVERAGE
22813,NO_COVERAGE
22814,SURVIVED
22815,NO_COVERAGE
22816,NO_COVERAGE
22817,NO_COVERAGE
22818,NO_COVERAGE
22819,NO_COVERAGE
22820,NO_COVERAGE
22821,NO_COVERAGE
22822,NO_COVERAGE
22823,NO_COVERAGE
22824,TIMED_OUT
22825,TIMED_OUT
22826,TIMED_OUT
22827,SURVIVED
22828,NO_COVERAGE
22829,NO_COVERAGE
22830,NO_COVERAGE
22831,KILLED,256,258,354,485,484,349,483,486,482,347,372,192,348,346,370,455,459,28,355,470
22832,SURVIVED
22833,KILLED,256,258,354,485,484,349,483,486,482,347,372,192,348,346,370,455,459,28,355,470
22834,SURVIVED
22835,NO_COVERAGE
22836,NO_COVERAGE
22837,SURVIVED
22838,SURVIVED
22839,SURVIVED
22840,SURVIVED
22841,SURVIVED
22842,SURVIVED
22843,SURVIVED
22844,SURVIVED
22845,NO_COVERAGE
22846,KILLED,256,258,354,485,484,349,483,486,482,347,372,192,348,346,370,455,459,28,355,470
22847,KILLED,354,349,347,348,346
22848,KILLED,256,258,354,485,484,349,483,486,482,347,372,192,348,346,370,455,459,28,355,470
22849,KILLED,354,484,349,483,486,482,347,372,192,348,346,370,455,459,28,355,470
22850,KILLED,354,484,349,483,486,482,347,372,192,348,346,370,455,459,28,355,470
22851,KILLED,354,484,349,483,486,482,347,372,192,348,346,370,455,459,28,355,470
22852,KILLED,48
22853,KILLED,48
22854,KILLED,50,48,316,324,313,303,312,309,318,116,114,320,325,323,63,66,108,301,306,117,302,317,305,311,115,329,308,330,314,315,328,327,310,304,322,321,319,307,64,65,326
22855,KILLED,45,46,48,47,49,109,323,301,306,117,302,317,305,311,115,329,308,330,314,315,327,310,304,322,321,319,307,65,326,110
22856,KILLED,45,46,48,47,49,109,323,301,306,117,302,317,305,311,115,329,308,330,314,315,327,310,304,322,321,319,307,65,326,110
22857,KILLED,45,46,47,49,109,323,301,306,117,302,317,305,311,115,329,308,330,314,315,327,310,304,322,321,319,307,65,326,110
22858,KILLED,48
22859,KILLED,48
22860,KILLED,48
22861,SURVIVED
22862,KILLED,48
22863,SURVIVED
22864,KILLED,48
22865,KILLED,48
22866,KILLED,50,316,324,313,303,312,309,318,116,114,320,325,323,63,66,108,301,306,117,302,317,305,311,115,329,308,330,314,315,328,327,310,304,322,321,319,307,64,65,326
22867,KILLED,45,46,47,49,109,323,301,306,117,302,317,305,311,115,329,308,330,314,315,327,310,304,322,321,319,307,65,326,110
22868,KILLED,114,320,325,323,63,66,108,301,306,117,302,317,305,311,115,329,308,330,314,315,328,327,310,304,322,321,319,307,64,65,326
22869,KILLED,45,46,47,49,117,115
22870,KILLED,114,320,325,323,63,66,108,301,306,117,302,317,305,311,115,329,308,330,314,315,328,327,310,304,322,321,319,307,64,65,326
22871,KILLED,50,45,46,47,49,320,325,63,66,117,302,317,305,311,115,329,308,330,314,328,327,310,304,322,321,319,307,64,65,326
22872,NO_COVERAGE
22873,SURVIVED
22874,SURVIVED
22875,SURVIVED
22876,NO_COVERAGE
22877,KILLED,198,202,446,22,6,4,218,299,133,30,29,300,97,9,360,216,293,147,145,154,467,135,469,152,26,461,13,130,451,471,477,460,213,15,149,447,131,129,285,448,148,454,242,185,332,132,474,287,455,459,480,479,473,472,463,238,151,403,401,24,465,462,409,352,220,458,150,214,405,212,146,241,336,239,179,51,387,383,217,52,221,215,243,7,3,359,128,10,14,1,365,11,367,397,382,384,388,400,386,377,381,89,364,368,98,240,402,470
22878,SURVIVED
22879,SURVIVED
22880,SURVIVED
22881,NO_COVERAGE
22882,KILLED,198,202,446,22,6,4,218,299,133,30,29,300,97,9,360,216,293,147,145,154,467,135,469,152,26,461,13,130,451,471,477,460,213,15,149,447,131,129,285,448,148,454,242,185,332,132,474,287,455,459,480,479,473,472,463,238,151,403,401,24,465,462,409,352,220,458,150,214,405,212,146,241,336,239,179,51,387,383,217,52,221,215,243,7,3,359,128,10,14,1,365,11,367,397,382,384,388,400,386,377,381,89,364,368,98,240,402,470
22883,SURVIVED
22884,NO_COVERAGE
22885,NO_COVERAGE
22886,KILLED,198,202,186,188,190,90,468,395,466,464,394,450,261,456,457,481,449,347,467,469,348,262,259,461,451,471,477,460,346,260,286,447,448,454,185,474,455,459,480,479,473,472,463,465,462,352,258,220,28,458,214,146,336,353,179,387,383,217,221,215,7,3,10,14,365,367,382,384,388,400,386,377,381,364,351,368,402,470
22887,KILLED,198,202,186,188,190,90,468,395,466,464,394,450,261,456,457,481,449,347,467,469,348,262,259,461,451,471,477,460,346,260,286,447,448,454,185,474,455,459,480,479,473,472,463,465,462,352,258,220,28,458,214,146,336,353,179,387,383,217,221,215,7,3,10,14,365,367,382,384,388,400,386,377,381,364,351,368,402,470
22888,SURVIVED
22889,SURVIVED
22890,NO_COVERAGE
22891,KILLED,198,202,186,188,190,90,468,395,466,464,394,450,261,456,457,481,449,347,467,469,348,262,259,461,451,471,477,460,346,260,286,447,448,454,185,474,455,459,480,479,473,472,463,465,462,352,258,220,28,458,214,146,336,353,179,387,383,217,221,215,7,3,10,14,365,367,382,384,388,400,386,377,381,364,351,368,402,470
22892,SURVIVED
22893,SURVIVED
22894,KILLED,109,113,114,325,323,66,108,301,306,117,302,317,305,311,115,329,308,330,314,315,328,327,310,304,322,321,319,307,64,65,326,110
22895,KILLED,116,320,63,307
22896,KILLED,109,116,113,114,320,325,323,63,66,108,301,306,117,302,317,305,311,115,329,308,330,314,315,328,327,310,304,322,321,319,307,64,65,326,110
22897,KILLED,109,116,113,114,320,325,323,63,108,301,306,117,302,317,305,311,115,329,308,330,314,315,328,327,310,304,322,321,319,307,326,110
22898,KILLED,109,116,113,114,320,325,323,63,66,108,301,306,117,302,317,305,311,115,329,308,330,314,315,328,327,310,304,322,321,319,307,64,65,326,110
22899,KILLED,109,116,113,114,320,325,323,63,66,108,301,306,117,302,317,305,311,115,329,308,330,314,315,328,327,310,304,322,321,319,307,64,65,326,110
22900,KILLED,109,116,113,114,320,325,323,63,66,108,301,306,117,302,317,305,311,115,329,308,330,314,315,328,327,310,304,322,321,319,307,64,65,326,110
22901,KILLED,109,113,114,325,323,108,301,306,117,302,317,305,311,115,329,308,330,314,315,328,327,310,304,322,321,319,307,326,110
22902,KILLED,109,116,113,114,320,325,323,63,66,108,301,306,117,302,317,305,311,115,329,308,330,314,315,328,327,310,304,322,321,319,307,64,65,326,110
22903,SURVIVED
22904,KILLED,109,116,113,114,320,325,323,63,66,108,301,306,117,302,317,305,311,115,329,308,330,314,315,328,327,310,304,322,321,319,307,64,65,326,110
22905,NO_COVERAGE
22906,TIMED_OUT
22907,KILLED,320,325,323,63,66,301,306,117,302,317,305,311,115,329,308,330,314,315,328,327,310,304,322,321,319,307,64,65,326
22908,KILLED,320,325,323,63,66,301,306,117,302,317,305,311,115,329,308,330,314,315,328,327,310,304,322,321,319,307,64,65,326
22909,KILLED,320,325,323,63,66,301,306,117,302,317,305,311,115,329,308,330,314,315,328,327,310,304,322,321,319,307,64,65,326
22910,KILLED,325,323,66,301,306,117,302,317,305,311,115,329,308,330,314,315,328,327,310,304,322,321,319,307,64,326
22911,SURVIVED
22912,SURVIVED
22913,SURVIVED
22914,SURVIVED
22915,SURVIVED
22916,SURVIVED
22917,SURVIVED
22918,SURVIVED
22919,NO_COVERAGE
22920,NO_COVERAGE
22921,NO_COVERAGE
22922,NO_COVERAGE
22923,NO_COVERAGE
22924,NO_COVERAGE
22925,NO_COVERAGE
22926,NO_COVERAGE
22927,NO_COVERAGE
22928,KILLED,320,325,323,63,66,301,306,117,302,317,305,311,115,329,308,330,314,315,328,327,310,304,322,321,319,307,64,65,326
22929,KILLED,301,306,117,302,317,305,311,115,329,308,330,314,315,328,327,310,304,322,321,319,307,64,65,326
22930,KILLED,301,306,117,302,317,305,311,115,329,308,330,314,315,328,327,310,304,322,321,319,307,64,65,326
22931,KILLED,301,306,302,317,305,311,329,308,330,314,315,328,327,310,304,322,321,319,307,326
22932,KILLED,301,306,302,317,305,311,329,308,330,314,315,328,327,310,304,322,321,319,307,64,326
22933,SURVIVED
22934,NO_COVERAGE
22935,NO_COVERAGE
22936,KILLED,320,325,323,317,305,329,308,330,314,327,310,304,322,321,319,326
22937,KILLED,320,325,323,301,306,302,317,305,311,329,308,330,314,327,310,304,322,321,319,326
22938,KILLED,320,325,323,63,66,301,306,117,302,317,305,311,115,329,308,330,314,327,310,304,322,321,319,65,326
22939,KILLED,320,325,323,63,66,301,306,117,302,317,305,311,115,329,308,330,314,327,310,304,322,321,319,65,326
22940,KILLED,301,306,302,317,305,311,329,308,330,314,327,310,304,322,321,319,326
22941,KILLED,320,325,323,317,305,329,308,330,314,327,310,304,322,321,319,326
22942,KILLED,320,325,323,301,306,302,317,305,311,329,308,330,314,327,310,304,322,321,319,326
22943,SURVIVED
22944,KILLED,85,464,320,325,323,301,306,302,317,305,311,329,308,330,314,315,328,327,310,304,322,321,319,307,326
22945,SURVIVED
22946,KILLED,85
22947,KILLED,85,464,320,325,323,63,66,301,306,117,302,317,305,311,115,329,308,330,314,315,328,327,310,304,322,321,319,307,64,65,326
22948,KILLED,85,464,320,325,323,301,306,302,317,305,311,329,308,330,314,315,328,327,310,304,322,321,319,307,326
22949,KILLED,85,464,320,325,323,301,306,302,317,305,311,329,308,330,314,315,328,327,310,304,322,321,319,307,326
22950,KILLED,85
22951,KILLED,85,464,320,325,323,301,306,302,317,305,311,329,308,330,314,315,328,327,310,304,322,321,319,307,326
22952,KILLED,85,464,320,325,323,301,306,302,317,305,311,329,308,330,314,315,328,327,310,304,322,321,319,307,326
22953,KILLED,85,327
22954,KILLED,85,327,307
22955,KILLED,85,327
22956,KILLED,85,475,468,466,464,450,261,456,457,481,449,347,467,469,461,451,471,477,460,447,448,454,185,474,455,459,480,479,473,472,463,465,462,352,258,28,458,387,383,470
22957,KILLED,85,466,456,457,481,467,469,461,451,471,477,460,447,448,454,185,474,455,459,480,479,473,472,463,465,462,352,28,458,387,383,470
22958,KILLED,85,466,464,456,457,481,467,469,461,451,471,477,460,447,448,454,185,474,455,459,480,479,473,472,463,465,462,352,28,458,320,387,383,325,323,301,306,302,317,305,311,329,308,330,314,315,328,310,304,322,321,319,307,326,470
22959,KILLED,85,464,320,325,323,301,306,302,317,305,311,329,308,330,314,315,328,310,304,322,321,319,307,326
22960,KILLED,211,78
22961,KILLED,211,76,78
22962,KILLED,211,76,78
22963,SURVIVED
22964,SURVIVED
22965,SURVIVED
22966,SURVIVED
22967,SURVIVED
22968,SURVIVED
22969,SURVIVED
22970,KILLED,211,76,78
22971,SURVIVED
22972,SURVIVED
22973,SURVIVED
22974,SURVIVED
22975,SURVIVED
22976,TIMED_OUT
22977,KILLED,131,132
22978,SURVIVED
22979,KILLED,135,130,131,129,132
22980,TIMED_OUT
22981,KILLED,135,130,131,129,132
22982,KILLED,131,132
22983,NO_COVERAGE
22984,NO_COVERAGE
22985,NO_COVERAGE
22986,NO_COVERAGE
22987,NO_COVERAGE
22988,NO_COVERAGE
22989,NO_COVERAGE
22990,NO_COVERAGE
22991,SURVIVED
22992,NO_COVERAGE
22993,NO_COVERAGE
22994,NO_COVERAGE
22995,NO_COVERAGE
22996,NO_COVERAGE
22997,NO_COVERAGE
22998,NO_COVERAGE
22999,NO_COVERAGE
23000,NO_COVERAGE
23001,NO_COVERAGE
23002,NO_COVERAGE
23003,NO_COVERAGE
23004,NO_COVERAGE
23005,NO_COVERAGE
23006,KILLED,128
23007,SURVIVED
23008,KILLED,133,135,130,131,129,132,128
23009,KILLED,133,135,130,131,129,132,128
23010,KILLED,133,135,130,131,129,132,128
23011,KILLED,133,135,130,131,129,132,128
23012,KILLED,133,135,130,131,129,132,128
23013,KILLED,133,135,130,131,129,132,128
23014,KILLED,133,135,130,131,129,132,128
23015,KILLED,133,135,130,131,129,132,128
23016,KILLED,133,135,130,131,129,132,128
23017,KILLED,133,135,130,131,129,132,128
23018,NO_COVERAGE
23019,TIMED_OUT
23020,NO_COVERAGE
23021,NO_COVERAGE
23022,NO_COVERAGE
23023,NO_COVERAGE
23024,NO_COVERAGE
23025,NO_COVERAGE
23026,NO_COVERAGE
23027,NO_COVERAGE
23028,NO_COVERAGE
23029,NO_COVERAGE
23030,NO_COVERAGE
23031,NO_COVERAGE
23032,NO_COVERAGE
23033,NO_COVERAGE
23034,SURVIVED
23035,SURVIVED
23036,SURVIVED
23037,KILLED,133,129,132
23038,KILLED,133,129,132
23039,KILLED,133,129,132
23040,KILLED,133,129,132
23041,KILLED,133,129,132
23042,SURVIVED
23043,KILLED,133,129,132
23044,SURVIVED
23045,KILLED,133,129,132
23046,NO_COVERAGE
23047,SURVIVED
23048,SURVIVED
23049,SURVIVED
23050,KILLED,114,325,323,66,307
23051,KILLED,114,325,323,66,307
23052,KILLED,114,325,323,66,307
23053,KILLED,114,325,323,307
23054,KILLED,114,325,323,66,307
23055,SURVIVED
23056,KILLED,325,323,66,307
23057,KILLED,325,323,66,307
23058,KILLED,325,66,307
23059,KILLED,325,323,307
23060,SURVIVED
23061,KILLED,325,323,66,307
23062,KILLED,399,406,403,401,409,405,400,402
23063,KILLED,399,406,403,401,409,405,400,402
23064,KILLED,399,406,403,401,409,405,400,402
23065,KILLED,399,406,403,401,409,405,400,402
23066,KILLED,399,406,403,401,409,405,400,402
23067,KILLED,399,403,401,409,405,400,402
23068,KILLED,399,406,403,401,409,405,400,402
23069,KILLED,399,406,403,401,409,405,400,402
23070,SURVIVED
23071,SURVIVED
23072,KILLED,403,401,409,405,400,402
23073,SURVIVED
23074,SURVIVED
23075,SURVIVED
23076,SURVIVED
23077,KILLED,133,135,130,131,129,132,128
23078,KILLED,133,135,130,131,129,132,128
23079,SURVIVED
23080,KILLED,130,131,129,132
23081,KILLED,130,131,129,132
23082,KILLED,133,135,130,131,129,132,128
23083,KILLED,130,131,129,132
23084,KILLED,130,131,129,132
23085,KILLED,130,131,129,132
23086,KILLED,133,135,130,131,129,132,128
23087,KILLED,130,131,129,132
23088,TIMED_OUT
23089,SURVIVED
23090,SURVIVED
23091,SURVIVED
23092,NO_COVERAGE
23093,NO_COVERAGE
23094,KILLED,317,305,329,310,304,321
23095,NO_COVERAGE
23096,KILLED,317,305,329,310,304,321
23097,SURVIVED
23098,KILLED,317,305,329,310,304,321
23099,KILLED,317,305,329,310,304,321
23100,KILLED,317,305,329,310,304,321
23101,KILLED,317,305,329,310,304,321
23102,KILLED,170,172,171
23103,SURVIVED
23104,KILLED,170,172,171
23105,SURVIVED
23106,KILLED,170,172,171
23107,KILLED,170,172,171
23108,KILLED,170,172,171
23109,SURVIVED
23110,KILLED,170,172,171
23111,KILLED,170,172,171
23112,NO_COVERAGE
23113,SURVIVED
23114,SURVIVED
23115,KILLED,372,370,363,374,378,362,387,383,385,373,379,380,369,375,365,367,382,384,388,386,377,381,368
23116,KILLED,372,370,374,378,362,387,383,385,373,379,380,369,375,382,384,388,386,377,381,368
23117,KILLED,372,370,374,378,362,387,383,385,373,379,380,369,375,382,384,388,386,377,381,368
23118,KILLED,372,370,363,374,378,362,387,383,385,373,379,380,369,375,365,367,382,384,388,386,377,381,368
23119,KILLED,372,370,374,378,362,387,383,385,373,379,380,369,375,365,382,384,388,386,377,381,368
23120,KILLED,372,370,374,378,362,387,383,385,373,379,380,369,375,382,384,388,386,377,381,368
23121,KILLED,372,370,374,378,362,387,383,385,373,379,380,369,375,382,384,388,386,377,381,368
23122,KILLED,372,370,363,374,378,362,387,383,385,373,379,380,369,375,365,367,382,384,388,386,377,381,368
23123,KILLED,372,370,374,378,362,387,383,385,373,379,380,369,375,365,382,384,388,386,377,381,368
23124,KILLED,372,370,363,374,378,362,387,383,385,373,379,380,369,375,367,382,384,388,386,377,381,368
23125,KILLED,372,370,363,374,378,362,387,383,385,373,379,380,369,375,367,382,384,388,386,377,381,368
23126,KILLED,295
23127,KILLED,295
23128,KILLED,295
23129,NO_COVERAGE
23130,NO_COVERAGE
23131,NO_COVERAGE
23132,SURVIVED
23133,NO_COVERAGE
23134,NO_COVERAGE
23135,NO_COVERAGE
23136,SURVIVED
23137,SURVIVED
23138,KILLED,259,346,260,286,336,382,400,386,351,402
23139,KILLED,259,346,260,286,285,287,403,401,409,258,405,336,51,52,382,400,386,351,402
23140,KILLED,259,346,260,286,258,336,382,400,386,351,402
23141,KILLED,336
23142,KILLED,259,346,260,286,285,287,403,401,409,258,405,336,51,52,382,400,386,351,402
23143,SURVIVED
23144,NO_COVERAGE
23145,KILLED,285,287,403,401,409,405,336,51,52,382,400,386,351,402
23146,SURVIVED
23147,KILLED,285,287,403,401,409,405,336,51,52,382,400,386,351,402
23148,KILLED,234
23149,KILLED,234
23150,SURVIVED
23151,KILLED,234
23152,SURVIVED
23153,KILLED,234
23154,KILLED,234
23155,KILLED,234
23156,KILLED,234
23157,SURVIVED
23158,KILLED,234
23159,KILLED,320,325,323,63,66,301,306,117,302,317,305,311,115,329,308,330,314,315,328,327,310,304,322,321,319,307,64,65,326
23160,KILLED,327
23161,KILLED,327
23162,KILLED,327
23163,NO_COVERAGE
23164,NO_COVERAGE
23165,NO_COVERAGE
23166,KILLED,320,325,323,63,66,301,306,117,302,317,305,311,115,329,308,330,314,315,328,310,304,322,321,319,307,64,65,326
23167,KILLED,320,325,323,301,306,302,317,305,311,329,308,330,314,315,328,310,304,322,321,319,307,326
23168,KILLED,320,325,323,301,306,302,317,305,311,329,308,330,314,315,328,310,304,322,321,319,307,326
23169,KILLED,285,382,400,386,351,402
23170,KILLED,285,382,400,386,351,402
23171,KILLED,285,382,400,386,351,402
23172,KILLED,285,382,400,386,351,402
23173,KILLED,285,382,400,386,351,402
23174,KILLED,287,403,401,409,405,51,52,382,400,386,402
23175,KILLED,285,382,400,386,351,402
23176,KILLED,285,382,400,386,351,402
23177,SURVIVED
23178,KILLED,160,161,483,482,133,372,192,396,370,162,393,363,374,378,362,383,385,159,373,379,380,369,375,128,397
23179,KILLED,364
23180,KILLED,364
23181,KILLED,364
23182,KILLED,364
23183,KILLED,364
23184,KILLED,364
23185,KILLED,364
23186,KILLED,364
23187,KILLED,364
23188,KILLED,364
23189,KILLED,336
23190,SURVIVED
23191,KILLED,336
23192,KILLED,336
23193,KILLED,336,259,346,260,286,258,382,400,386,351,402
23194,KILLED,336
23195,KILLED,336
23196,KILLED,336
23197,KILLED,336,259,346,260,286,258,382,400,386,351,402
23198,KILLED,336
23199,SURVIVED
23200,SURVIVED
23201,KILLED,220,214,217,215,400,402
23202,SURVIVED
23203,SURVIVED
23204,SURVIVED
23205,SURVIVED
23206,SURVIVED
23207,KILLED,348,262,259,346,260,286,258,220,214,146,336,353,179,217,221,215,7,3,10,14,1,365,11,367,12,8,2,382,384,5,388,400,386,377,381,364,351,368,402
23208,SURVIVED
23209,KILLED,133,135,130,131,129,132,128
23210,KILLED,135,130,131,129,132
23211,KILLED,133,135,130,131,129,132,128
23212,NO_COVERAGE
23213,KILLED,131,132
23214,KILLED,133,135,130,131,129,132,128
23215,SURVIVED
23216,NO_COVERAGE
23217,SURVIVED
23218,SURVIVED
23219,KILLED,315,328,322,307,64
23220,KILLED,315,328,322,307,64
23221,SURVIVED
23222,KILLED,315,328,322,307,64
23223,KILLED,328,322,307,64
23224,KILLED,315,328,322,307,64
23225,KILLED,315,328,322,307,64
23226,KILLED,167
23227,KILLED,167
23228,KILLED,167
23229,KILLED,169
23230,KILLED,169
23231,KILLED,169
23232,KILLED,168
23233,KILLED,168
23234,KILLED,338
23235,KILLED,338
23236,KILLED,338
23237,KILLED,340
23238,KILLED,340
23239,KILLED,340
23240,KILLED,339
23241,KILLED,339
23242,KILLED,409,405,400
23243,KILLED,409,405,400
23244,SURVIVED
23245,KILLED,409,405,400
23246,KILLED,409,405,400
23247,KILLED,409,405,400
23248,KILLED,409,405,400
23249,SURVIVED
23250,SURVIVED
23251,SURVIVED
23252,SURVIVED
23253,SURVIVED
23254,SURVIVED
23255,KILLED,61,62,6,4,16,15,17,2,5
23256,SURVIVED
23257,NO_COVERAGE
23258,NO_COVERAGE
23259,NO_COVERAGE
23260,NO_COVERAGE
23261,NO_COVERAGE
23262,NO_COVERAGE
23263,NO_COVERAGE
23264,KILLED,158,156,161
23265,KILLED,158,156,161
23266,KILLED,158,156,161
23267,KILLED,158,156,161
23268,SURVIVED
23269,KILLED,161
23270,KILLED,161
23271,NO_COVERAGE
23272,NO_COVERAGE
23273,NO_COVERAGE
23274,NO_COVERAGE
23275,NO_COVERAGE
23276,NO_COVERAGE
23277,NO_COVERAGE
23278,NO_COVERAGE
23279,NO_COVERAGE
23280,NO_COVERAGE
23281,NO_COVERAGE
23282,NO_COVERAGE
23283,NO_COVERAGE
23284,NO_COVERAGE
23285,NO_COVERAGE
23286,NO_COVERAGE
23287,NO_COVERAGE
23288,NO_COVERAGE
23289,NO_COVERAGE
23290,SURVIVED
23291,KILLED,90,218,216,152,358,242,238,241,239,243,240
23292,KILLED,147,152,13,149,153,238,146,241,359,364,240
23293,KILLED,147,152,13,149,153,238,146,241,359,364,240
23294,KILLED,147,152,13,149,153,238,146,241,359,364,240
23295,KILLED,147,152,13,149,153,238,146,241,359,364,240
23296,NO_COVERAGE
23297,NO_COVERAGE
23298,NO_COVERAGE
23299,NO_COVERAGE
23300,NO_COVERAGE
23301,NO_COVERAGE
23302,NO_COVERAGE
23303,NO_COVERAGE
23304,NO_COVERAGE
23305,KILLED,4,299,9,360,216,293,213,357,358,285,242,17,219,287,403,401,361,409,405,212,356,353,239,51,52,221,243,359,1,365,367,382,384,388,400,386,377,381,364,351,368,402
23306,KILLED,293,213,357,358,285,242,219,287,403,401,361,409,405,212,353,239,51,52,221,243,359,365,367,382,384,388,400,386,377,381,364,351,368,402
23307,KILLED,4,299,9,360,216,293,213,357,358,285,242,17,219,287,403,401,361,409,405,212,356,353,239,51,52,221,243,359,1,365,367,382,384,388,400,386,377,381,364,351,368,402
23308,KILLED,293,213,357,358,285,242,219,287,403,401,361,409,405,212,353,239,51,52,221,243,359,365,367,382,384,388,400,386,377,381,364,351,368,402
23309,SURVIVED
23310,SURVIVED
23311,SURVIVED
23312,SURVIVED
23313,SURVIVED
23314,SURVIVED
23315,NO_COVERAGE
23316,NO_COVERAGE
23317,KILLED,409,405,400
23318,KILLED,409,405,400
23319,SURVIVED
23320,SURVIVED
23321,KILLED,399,406,403,401,400,402,390
23322,KILLED,399,406,403,401,400,402
23323,KILLED,399,406,403,401,400,402
23324,KILLED,399,406,403,401,400,402
23325,SURVIVED
23326,KILLED,116,320,63,307
23327,KILLED,320,63,307
23328,SURVIVED
23329,KILLED,113
23330,KILLED,113
23331,NO_COVERAGE
23332,NO_COVERAGE
23333,KILLED,283,111,324,313,303,312,309,318,109,116,113,114,320,325,323,63,66,108,301,306,117,302,317,305,311,115,329,308,330,314,315,328,327,310,304,322,321,319,307,64,65,326,110
23334,SURVIVED
23335,KILLED,299,300
23336,KILLED,134,136
23337,KILLED,134,136
23338,NO_COVERAGE
23339,NO_COVERAGE
23340,SURVIVED
23341,KILLED,124,125,126
23342,SURVIVED
23343,NO_COVERAGE
23344,KILLED,399,406,403,401,400,402,390
23345,KILLED,399,406,403,401,400,402,390
23346,KILLED,409,405,400
23347,KILLED,409,405,400
23348,KILLED,154,13,11
23349,SURVIVED
23350,SURVIVED
23351,SURVIVED
23352,NO_COVERAGE
23353,KILLED,9,360,154,13,15,3,10,1,11,12,8,2,5,351
23354,SURVIVED
23355,KILLED,351
